Compound Id	ALOGP [AMR]
26325084	151.786
26325083	138.275
18019	75.830
8521	76.828
26325082	124.765
10449	81.063
61149	20.426
2056044	21.41
26325081	111.254
26824	62.198
8520	63.317
10451	67.553
2041618	56.873
6191	12.869
26325080	97.744
76894	51.426
16425	9.008
6153	8.309
10784857	45.389
38403	18.117
14021447	84.233
9256	11.980
23101	49.807
10675065	18.272
10652594	37.824
10696	54.042
62827	15.798
11434292	41.272
21106179	6.860
122090	53.343
11557190	70.723
9095782	21.133
12577	12.019
9286	11.090
61346	20.616
6190	17.704
6270	46.438
9484	11.713
6105	6.601
16841	16.898
4927801	90.123
109705	19.304
9088156	58.631
56144	26.401
23150	36.296
108106	72.098
78828	57.212
6128	10.823
10452	40.532
10606755	18.028
3631	23.036
69569	51.117
15413	40.154
66656	30.517
9411	22.717
454209	19.377
10733068	85.235
17619	24.737
13837650	20.656
13853215	22.539
9392	22.539
66567	23.469
18971812	26.052
66655	39.999
68328	43.702
13299573	23.424
56117	35.111
12161	29.263
107412	20.541
67414	54.074
13803	27.273
14441700	20.080
10756390	68.188
68224	68.188
61213	20.895
9254	21.733
9016	21.816
73583	26.838
14998	28.948
2018165	15.873
6148	16.548
69914	51.141
11671339	51.141
29040	19.715
67991	37.606
454215	19.623
62826	23.524
7626	32.010
59573	26.523
6156	22.196
10106	51.576
10801109	46.910
512621	37.492
12933	49.599
11996	31.110
13835836	31.675
9633	28.953
15789876	73.972
18688	35.409
12586	55.533
71433	26.130
68503	31.430
937	0.0
692	6.307
23208	1.443
291	0.0
274	6.384
6084	10.557
6132	11.695
7956	13.013
6094	14.709
11749	26.296
7555	17.621
6120	20.0
7712	20.532
6308	23.078
9646	24.629
10781	36.472
15802	37.971
17976	42.712
7767	23.444
7604	27.530
7010	26.156
6163	29.477
6340	28.536
7671	39.732
9377	23.130
8560	26.355
11094	30.441
11023	30.608
11055	32.803
10786	31.613
7619	33.401
10755	34.326
11551	29.234
349	29.267
11035	33.519
11104	37.439
10795	37.071
10445	38.149
8569	34.487
11841	39.579
7073	40.358
123860	39.708
7849	32.179
17558	36.265
13439	42.855
13402	44.023
6287	40.980
10227261	59.528
14840	35.090
13448	47.984
12220	40.311
13619	38.002
7890	40.913
11882	43.825
11883	46.737
10540	52.560
7929	64.206
11897	67.118
11899	70.029
12017	72.941
12072	75.853
11900	78.764
11901	81.676
11146	84.587
11902	87.499
10542	99.145
11906	110.792
7823	28.664
13835376	32.644
55130	34.847
6188	27.374
127750	31.882
14299946	50.040
30713	20.927
14694	21.597
99596	26.182
11849	28.044
7757	47.111
21106169	13.711
20545	65.427
10441	17.306
14672	26.816
7511	41.288
10446	31.217
7657	35.099
22453	34.447
6151	17.579
7509	38.377
7872	39.797
10433	35.720
55084	38.997
7875	45.620
2062437	24.330
7065	31.369
11992	31.935
7913	51.443
10325078	25.347
92731	28.411
14256731	55.131
3168	21.6
11153	11.520
29005	35.465
7472	29.823
11207996	26.836
7694	36.085
11833	23.750
16388	53.217
455420	32.485
62249	31.115
10420	32.553
9243	10.863
55188	29.894
7482	33.174
11716	36.085
29016	33.608
7670	42.98
7340	52.2
7747	30.696
7624	33.691
7627	26.911
8568	33.973
14846	39.906
11045	33.174
11228	22.511
10709	20.838
109838	28.350
7478	27.624
10765	24.415
13849665	71.776
7800	36.994
11148	6.569
11843	31.062
923	1.945
7475	29.642
12201	29.280
7515	30.262
29012	28.150
10797	35.519
11109	26.321
7538	34.083
7536	31.171
12972	43.711
61266	8.725
24142	52.525
14829	21.383
23055	24.914
13622	49.614
7463	26.730
10571	27.075
16180	46.702
13836549	5.235
7891	43.791
12446	28.105
55123	29.901
10614293	38.149
29025	35.056
11755	22.839
12635	40.879
7706	25.239
7761	29.536
11121	29.232
7713	23.409
12809	37.967
11230	24.282
7833	32.144
10492	26.624
13837190	18.866
13839109	32.750
7556	18.957
12012	26.990
8158	32.870
66675	34.677
7871	41.6
3441	24.633
7954	15.880
9976	37.888
21153	44.511
14688	53.065
9391	18.296
8525	21.707
7514	32.065
11680	25.348
6176	29.897
6085	9.976
63631	29.487
13865630	41.663
7856	36.168
11706	28.260
7802	32.865
12218	38.688
56232	41.419
3973	27.975
6130	16.529
7534	37.689
10788	28.935
7621	29.587
10101	28.099
28986	32.065
13839575	35.1
12632	35.776
13836589	24.056
83734	26.568
9253	26.651
215929	34.977
10791	30.880
555074	32.225
7957	19.931
11125	24.078
7760	29.953
4516601	35.136
8562	30.345
2863	38.048
56442	21.784
4483639	24.861
11919	38.972
10653	22.436
8329688	23.878
7782	21.167
4516599	36.843
16387	48.556
10777	25.857
4512361	35.136
11095	27.042
11025	29.153
26325086	31.645
21106173	30.225
13835706	47.971
441	31.3
2282428	24.549
9251	24.541
13850879	62.813
217	0.0
1114	19.988
7838	28.388
15486	38.141
56559	63.847
11898	65.584
4483638	24.861
6335	17.413
4449912	21.784
11526	19.036
6311	21.285
10054	25.116
7081	27.536
7607	24.130
7074	39.701
12456	35.998
72522	62.673
6313	21.381
7817	27.442
4512642	36.843
7928	59.761
7734	17.635
5949	25.477
62632	54.497
14348	56.849
7803	29.314
7076	37.155
78998	51.586
17880	33.086
370	32.225
29029	34.211
11884	45.763
2581	53.938
16177	42.851
7730	23.281
13866746	4.363
7016	26.242
15853	39.939
11864	30.175
9053802	52.201
21106586	36.407
67360	37.028
63863	30.531
11891	51.026
7732	20.999
18920	32.318
10113	25.835
11866	28.293
15846	34.116
11845	27.263
15954	33.659
11819	33.492
7566	16.647
29026	31.205
7772	22.565
11739	32.506
7917	48.115
6321	21.218
12209	24.351
11846	25.381
7622	30.581
11861	35.230
15016	61.419
11056	29.595
7915	45.203
23255	22.329
10787	29.207
123993	35.196
55090	28.194
11806	21.440
7630	22.082
8552	26.402
68179	29.512
7901	42.292
6121	20.811
7770	22.470
7558	18.115
11036	29.406
10001	26.036
7064	29.836
175	16.195
6146	22.065
6649	28.462
11029	29.406
6123	19.417
7892	39.380
8576	38.126
6095	13.266
9461	22.155
14692	40.844
11099	25.160
11193	31.195
256	19.653
11794	26.495
7851	32.303
15387	35.214
8012	25.384
7717	19.558
11732	30.855
10511	29.406
654	14.693
6315	23.723
6086	6.965
99440	35.853
11194	33.678
455353	32.954
11110	29.198
13848341	33.075
10265264	34.878
7850	33.696
7882	36.468
7577	13.341
29000	24.456
8574	33.557
11239	26.129
6165	25.143
11865	30.785
21011	23.583
4366810	40.675
512	16.742
11793	28.908
7811	26.479
7835	29.391
11216	32.673
13862665	26.576
932	30.645
22814	0.0
6341	22.306
11678	26.495
11543	31.952
62230	35.750
7533	38.023
13836399	30.042
10526	27.873
10422	37.763
12069	25.960
59483	45.574
13255	26.036
10179173	34.878
7701	23.490
6149	22.214
10790	29.041
71430	28.429
120464	31.272
172	11.718
11180	30.6
13865426	31.602
7434	35.064
259	20.579
7714	22.050
10512	24.961
7812	24.822
7769	23.568
7459	29.074
11024	27.534
7837	27.734
3644	17.760
16778	27.131
7705	28.803
191367	23.049
748	7.015
5091	61.341
10437	19.138
387	18.992
6312	21.545
6320	20.672
10947	23.583
6040	21.910
8398	24.622
960	55.518
6164	26.404
18410	36.615
7546	18.540
11756	15.231
7616	21.105
258	18.999
7716	20.656
7564	17.745
7024	23.262
7090	6.435
15438	30.792
11699	32.306
16791	33.564
6097	15.606
11799	20.137
6187	32.208
21800	31.797
18717	33.9
13837797	31.338
16641	12.293
10205670	12.654
12442	18.896
6186	32.208
60329	25.256
7790	17.559
1005	17.667
11210	31.299
6101	14.213
1004	16.087
2340753	24.581
10325184	24.406
24590970	29.165
11695	28.774
6102	11.623
13836591	23.599
7028	21.451
7615	17.226
13884973	32.646
7674	26.174
6406	26.418
682	12.555
13874867	27.308
10710415	32.135
6089	9.919
6087	11.312
6098	14.777
7733	20.397
9990	19.568
11727	12.858
7600	47.526
8896	14.558
7466	24.480
14751	29.252
1609	23.874
171	12.644
7727	20.962
71628	38.339
22408	0.0
7728	19.305
6338	13.694
13811	49.905
13871489	44.339
864	8.261
220998	47.349
221117	31.797
15765	31.797
11647	29.672
7506	48.385
7737	16.867
5439	18.783
7003	35.580
6322	20.843
13867413	22.736
553171	34.145
11525	24.92
8554	19.778
13571291	16.271
12066	16.897
7703	30.850
11265	39.048
12954	41.525
13229	46.617
59577	37.870
10053	28.1
10018	19.808
7787	17.470
26765	26.498
192642	28.225
11788	26.754
63156	27.699
122446	32.265
21181	29.409
26325090	33.326
13836520	30.920
6135	9.307
6309	24.576
12626	24.787
11632	35.702
9994	13.955
7636	21.652
13854944	26.280
7557	20.294
6125	20.660
120621	28.061
4449	26.886
55205	29.3
12445	32.366
14169248	32.587
7964	51.362
6193	54.274
62597	20.336
7559	16.366
7677	22.178
12197	17.911
13836674	20.475
11761	38.184
29015	22.087
9642	14.257
156255	23.975
20119	26.388
6118	23.794
363458	28.352
7684	29.063
71390	19.338
8544	22.134
12219	39.591
6307	27.579
7848	36.680
13816	23.586
15077490	29.468
19956441	25.474
12637	35.580
13872989	17.424
11752	22.856
8577	42.595
278	8.572
61487	31.177
11863	33.768
5708	28.638
10536	40.662
14349	39.684
7810	30.856
391	0.0
13835977	19.082
6334	18.563
592	19.005
13871721	23.328
374462	21.063
558883	26.198
56020	26.198
8908	20.381
376	32.272
10025	35.183
5004	41.007
2275	15.553
4446445	35.623
10124	28.858
7852	36.772
3951	21.649
7530	36.038
7766	27.945
6333	17.291
14680	33.861
7827	34.839
4514529	0.0
13835316	20.461
7711	25.033
12499	6.927
19953955	22.562
21109330	32.665
13638	27.282
72056	43.670
10948	22.050
7815	30.949
71312	27.358
2293678	27.450
2018460	31.743
29107	24.259
21169510	37.221
7552	22.122
5993	20.187
13835293	28.178
62589	27.083
7738	1.619
7686	26.044
7480	25.438
7776	28.037
127983	2.243
1087	2.886
6092	18.590
6042	26.217
6316	25.24
8878	28.278
34095	37.846
7568	16.376
10340	7.352
4444608	29.8
10939	29.524
11107	26.377
13835224	19.138
8141	20.268
9233	27.775
23621376	19.030
21111806	1.745
69371	42.471
66565	2.367
18685	34.935
15443	27.554
844	18.988
18607	27.013
11930	32.729
62628	32.023
67653	38.125
7030	17.067
11875	29.112
7721	25.126
2656	44.033
21108550	1.745
7560	22.214
13839416	26.2
13836021	20.986
13835861	25.267
7029	18.465
394562	22.270
10498	21.076
13839441	23.288
21112738	18.092
6104	16.438
4481813	15.253
60524	19.730
11729	23.481
9325	1.745
11694	29.924
11086	29.741
13849981	49.754
6103	18.682
5894	20.051
13835209	20.377
7788	25.045
13839553	17.465
6083	14.296
6314	20.723
61707	22.528
63054	6.055
4510484	39.005
15803	44.924
26563	66.261
70660	40.075
7679	23.179
13835235	14.554
1039	19.187
10772140	17.397
28994	14.491
4937830	16.304
29008	18.548
11809	20.516
8543	23.567
6111	8.735
68832	31.114
13842001	34.868
22191	34.025
75951	36.937
72793	39.049
72551	39.848
24641	41.960
11632871	58.129
33416	55.218
29001	26.09
21106032	26.479
8909	23.293
11857	27.957
7330	25.503
69982	35.316
21106015	17.605
552744	23.195
10464	20.801
61191	8.999
61001	17.205
8912	44.174
7791	21.459
13866593	26.603
7098	8.999
7026	17.609
553742	19.579
5977	21.364
13837702	23.692
13837537	23.768
9724	42.305
18801	27.858
59674	25.794
558928	19.579
6330	17.889
11244	21.336
7021	21.336
11795	23.713
10488	21.376
13647	21.753
6402	44.539
68156	24.946
71876	45.890
415	20.780
10487	23.572
763	5.129
13835336	16.211
24099	22.034
173	12.866
5730	26.849
7678	20.521
553642	30.869
13861343	24.603
13835550	17.869
8733	19.123
48024	30.744
10265270	35.059
693	8.794
124968	1.157
62808	0.873
8910	29.116
9614	0.873
60886	6.98
28993	48.494
17131	21.947
13875283	6.375
9363	1.184
13849989	51.297
11351244	32.529
558020	1.184
7553	23.459
20939	46.015
518	N/A
6326	25.710
20198	49.125
1143	9.943
61111	0.873
4444456	25.277
2441	43.763
6296	42.646
391428	44.991
733	20.516
9970	23.432
8960	10.568
11117	29.541
191	29.360
13837280	25.262
659	20.559
1078	23.537
13835604	27.278
10772050	28.158
14198	43.317
71787	25.332
7528	34.618
6827	40.882
499714	29.442
7018	23.567
11911	31.267
6093	19.255
13836713	23.551
21106535	26.618
7013	29.669
59447	30.033
10179239	35.059
86007	59.598
390927	47.919
10756	47.919
7961	28.216
12643	26.556
19231	29.262
13835630	38.865
13835459	25.449
9581	8.188
13875196	8.188
73412	29.462
13492	25.322
15747	28.234
7236	26.714
10410	19.022
1348	8.595
558878	50.239
5978	20.035
13487	22.411
6119	24.173
10404	19.499
13839199	5.733
9228	6.488
71089	5.899
6342	30.764
9574	8.092
83866	23.571
83850	23.571
9454	12.641
7419	16.587
1108	5.502
7128	14.268
8356	17.346
62530	13.262
7385	13.676
7170	28.536
8903	0.0
13842613	11.465
16159	34.205
7183	19.770
236	0.0
553578	50.239
7736	3.3
7242	8.810
7219	10.351
7521	11.004
7672	26.555
12010	36.204
24533	8.810
789	27.915
7088	19.127
1019	0.0
13835932	26.479
65750	19.499
15461	23.975
11830	33.292
6122	29.142
1095	23.041
7641	11.004
63903	13.676
10497	30.380
8904	0.0
7688	5.733
13874733	5.502
10437135	11.610
11660	15.853
1020	0.0
21106520	5.502
18724	19.127
11042	11.235
31029	27.469
21106560	10.351
21132380	11.235
8531	20.701
15855	46.593
6100	23.937
13837281	30.945
21105905	10.351
66809	7.316
7448	20.701
6179	36.321
7659	16.506
24535	24.866
15702	27.771
25552	17.621
11871	42.632
15409	25.697
20843	11.465
10940	11.235
10251740	8.838
11077	11.004
24972	17.197
9326	3.437
13885245	20.831
6524	50.543
28969	11.716
6967	11.004
8900	0.0
12229	1.945
9360	3.437
10253	19.770
8902	0.0
9350	3.437
7786	35.568
6999	22.008
15965	19.814
6088	19.643
10937	11.004
21106036	5.635
6977	16.506
10364	7.764
62489	7.316
10384035	11.610
11409	15.853
8243	51.275
7391	11.610
21108577	19.304
13257	7.447
70682	44.092
4228778	58.806
13658	22.93
28992	11.465
6528	57.098
7739	7.794
21168808	13.526
8335	20.701
8374	22.726
21111820	13.296
6897	16.282
13863629	7.913
12228	0.0
21112023	11.643
6665	12.889
247721	24.315
10437215	15.142
11731	26.980
13865438	12.818
120489	7.316
2039535	11.610
13837319	45.452
7278	16.538
13875160	11.118
8899	7.794
7238	7.316
21106135	12.818
773	3.3
2916	22.072
12225	5.899
10197150	24.607
55091	28.380
26325085	53.164
26325087	54.428
26325088	54.428
11862	38.269
8241	39.628
3210	75.215
8950	14.902
7676	5.616
66996	5.992
10437074	5.616
66896	41.998
30595	17.491
7710	29.534
7809	35.357
63908	9.261
221226	13.555
21105959	12.818
66021	6.102
17443	7.316
84971	32.441
388391	32.441
10236	16.506
13837303	32.564
13648	10.770
2849146	11.988
222538	11.988
73390	16.282
10437335	16.282
11576	18.224
11589	17.570
7175	17.491
79969	23.807
11784	5.616
7765	32.446
6883	11.988
7241	6.199
13875230	11.118
7689	6.102
2038738	6.199
11785	5.616
9218	13.738
7224	6.199
11600	13.646
7551	26.623
558875	25.215
21106366	15.320
78	6.199
7225	6.199
10181339	16.634
13839308	10.748
65523	11.988
7157	17.491
2937774	18.227
502855	23.704
14556	16.282
30572	29.444
58234	44.282
67460	18.525
9349	5.095
8883	40.404
65936	6.199
13875281	11.118
4445317	62.281
10534	35.821
6898	20.666
13644	10.770
12061	15.613
29036	26.981
199342	39.529
66895	30.352
62534	12.944
62408	12.944
13837329	23.977
4489	31.029
15495	25.290
66887	27.440
7389	7.442
9893	18.706
63518	24.529
12060	16.240
62310	22.379
7420	18.105
13856009	10.770
59482	21.617
12816	6.294
14678	19.152
21171407	28.806
7984	31.728
28982	12.915
206561	13.933
19709	19.379
21168831	14.780
21105897	18.847
13860335	7.277
6881	15.794
55443	20.877
453675	23.789
971	2.565
9579	8.092
21105878	14.632
21168813	16.273
60121	14.174
15427	16.711
1141	14.884
63310	35.763
11021	12.779
305	35.624
13846663	21.691
79280	20.618
21106091	26.540
13876539	10.843
5830	11.729
69340	17.965
63889	7.561
2606	29.246
10992	12.779
8674	14.632
9943	6.294
7132	10.770
235	6.294
13839082	8.067
13839110	13.569
13840690	10.328
13871718	15.054
21105871	8.067
21105998	22.335
7131	11.861
13856352	13.386
13866817	11.231
24722	47.412
7221	10.147
7223	8.934
9903	12.642
13839105	13.569
10246	19.071
18336	24.246
14866	29.274
466305	28.339
13865680	12.915
11604	12.915
13634	10.147
76394	8.144
440	38.404
28682	10.770
447	9.880
11667	12.931
13835772	8.067
6774	17.196
21168826	11.796
8071	12.835
13839128	13.569
194092	16.796
27296	17.706
28973	20.618
8186	16.273
13839123	13.569
11154	24.415
5979	41.878
7240	10.147
13857694	11.231
7220	10.147
7745	23.981
13839151	13.569
64699	35.475
12259	27.511
62517	14.174
13848467	13.608
13848808	14.553
9911	19.071
72556	16.520
15753	23.870
67465	23.870
7129	14.429
13837686	8.180
13839174	13.569
61538	19.071
12244	19.071
10248	19.071
61411	24.573
69177	24.573
13865424	11.796
917	22.528
7248	15.649
21106144	9.392
21106524	11.796
13863774	9.392
11651	14.174
16119	19.071
11610	17.889
11332993	18.368
10243171	18.368
10801842	47.905
11661	15.649
7138	3.89
12674	20.441
13837988	11.231
6775	12.397
11672	12.397
21106146	9.392
6108	22.366
21106008	20.926
8657	9.880
13875258	14.101
70715	8.801
70714	8.599
11596	18.829
10244	24.573
70988	23.378
86435	23.950
65785	25.273
70652	26.861
7673	8.599
6745	19.651
3544	35.596
8868	1.619
8097	15.554
11773	12.397
13875392	14.101
6916	25.290
21105859	14.593
13630	8.599
7443	4.008
8665	9.880
6633	13.796
16804	30.075
7406	19.084
6907	22.379
10892	14.535
10181338	14.535
299166	12.715
136966	16.43
120548	16.236
73479	9.510
11783	8.599
4611	19.546
13846749	18.847
13875432	8.180
12823	12.892
7176	14.553
221082	16.051
12231	32.942
21106519	20.809
13875219	8.180
8935	24.256
4514586	0.0
10181341	11.769
21106018	13.682
13835344	18.086
7685	8.919
238	7.219
21159695	17.898
13853758	18.490
13835151	9.724
13875320	14.101
14227	16.386
5709	7.219
12821	8.763
913	7.219
8070	12.721
7140	12.721
7190	12.721
7310	18.783
21106140	29.533
12478	8.763
1266393	32.793
455090	14.291
503239	14.291
10991	14.573
191058	17.990
10986	17.990
57726	42.468
21106525	14.573
13860692	9.724
13876103	24.782
7234	8.997
6621	11.004
9564	10.631
21111822	14.194
13869462	15.226
10254	12.944
11460	13.138
7397	11.991
6642	33.013
11465	17.432
11422	18.835
3918	45.825
6794	22.879
21106014	11.910
5889	4.222
13835126	16.386
21111781	13.610
924	14.291
10857	13.796
8140	13.796
65	13.796
13860491	15.226
13863618	8.859
13860641	14.573
13869434	15.226
13854136	9.724
6781	11.206
13838404	29.790
13837760	5.129
6630	15.226
7383	17.763
123207	10.544
10008	4.222
1664	4.222
4878	5.129
21106020	9.506
61765	12.473
13862559	16.847
7662	16.847
21106148	11.206
10411	18.482
20570	14.291
13860775	11.538
2157	18.935
21105795	8.859
2241	7.442
10616	11.109
62466	12.944
62485	12.944
62472	15.878
11586	15.878
7518	14.215
4962	9.841
7681	8.692
21106013	9.506
10972	15.818
10980	15.818
6674	15.818
6035	18.359
21106900	20.651
2005981	17.934
81815	3.89
11584	20.588
7189	13.335
11591	13.513
13840647	15.226
13029	19.411
21106172	19.411
21106145	14.660
64155	26.280
13851576	13.311
13837787	5.450
68676	23.220
6635	50.696
11582	10.089
13853953	9.506
6988	13.796
11083	13.796
13854242	20.504
13869480	11.538
11585	16.211
11488212	14.666
13864445	16.847
86394	38.299
9965	19.199
2206	43.147
42330	46.472
4575	54.594
2079	56.382
4590	24.476
21108548	14.819
13854248	9.838
6974	11.164
6646	32.441
11629	16.174
21106019	11.910
509179	56.837
89076	74.214
10664	6.455
13869414	11.538
7279	21.336
62964	44.708
18219	34.774
13869451	9.838
880	12.866
75956	45.793
6023	18.507
456015	13.490
13869339	9.838
13875441	11.164
206493	13.66
15093	17.384
4599	32.797
1577	4.222
7239	13.490
434	12.835
6079	12.835
7202	14.218
764	5.129
10400	7.551
13662	5.835
955	6.455
13030	19.411
7001	19.411
71437	48.503
4759	44.306
33617	43.407
13872122	21.088
13842573	11.164
17347	14.338
21106581	14.660
10586285	13.876
11595	21.511
62060	61.353
5976	24.375
63906	14.893
13835351	20.385
6773	20.385
30881	42.013
2923	17.430
21105870	17.595
6658	16.644
11422351	22.146
7208	14.439
71193	16.838
67270	16.644
6033	16.644
76154	22.535
3548	45.887
642951	21.494
13860	14.862
40130	51.277
13860434	16.174
21111817	14.893
5596	6.787
5915	9.943
13047	25.027
25472	32.454
62467	13.057
14620	39.102
6828	0.0
21105848	16.174
11080	6.787
7211	7.78
7092	11.142
28947	16.756
11366	19.411
18	12.349
1446	12.349
71	12.349
7146	12.349
13860817	15.453
11625	21.465
12133	33.897
205483	17.360
1253	13.107
4745	42.817
392	6.787
11778	15.453
7172	7.78
13868640	17.198
18707	16.779
123	8.859
502245	24.854
13860720	15.453
21106571	22.462
21106163	22.462
44152	47.698
10257	7.78
13875356	17.198
19766	25.027
124	14.333
204209	21.842
7142	9.784
13853943	8.112
58563	10.006
10864	12.489
21106540	22.462
132	9.784
331	9.784
6550	12.383
78467	14.555
7315	7.643
11087	13.946
6339	42.030
13875212	17.198
21108576	14.993
26516	23.110
4768	42.983
20848	42.083
4963	10.006
13859497	13.766
12640	5.733
6106	32.392
776	3.3
7145	8.112
6480	5.502
1448	10.345
38364	19.830
10343	15.847
559096	59.381
3534	47.625
8098	0.0
21361761	17.431
1361549	34.891
11961	21.069
7302	1.619
967	30.643
556589	23.853
13846959	7.108
10837	10.345
7299	4.601
2169	37.778
526	10.184
21106518	14.993
27488	19.830
10437210	8.230
11954	21.069
21111772	21.069
27749	34.267
7199	49.649
15517	18.484
589165	17.934
17868	0.0
5027	32.573
8183	11.109
5882	11.109
192748	19.768
9120	10.345
67594	12.753
13856959	11.004
15489	5.616
6780	0.0
4744	43.967
62484	25.935
768	14.042
10437836	28.680
2991	5.346
13848793	6.292
7150	19.682
361	14.913
8182	14.439
992	14.439
21106470	0.0
2121	31.340
392447	17.463
577	14.165
6788	5.502
10437239	16.779
953	11.441
13868660	19.562
6675	21.166
11588	21.166
4437893	21.247
1906	15.430
1015	3.3
10870	10.345
10975	10.345
906	0.0
105291	12.485
7042	13.674
21106570	28.078
12044	5.502
2185	0.0
13063	10.351
6736	5.502
8528	8.444
68568	11.664
8876	0.0
5775	115.175
10909	11.004
10918	11.004
8855	0.0
256210	1.945
49179	111.456
5557	49.425
24326358	36.489
21486195	99.235
10328	16.511
12047	5.502
10849	11.004
8470	26.952
10851	11.004
11769	16.511
13677	10.351
13846658	2.565
12045	5.502
65763	15.799
10432	16.511
5142	15.364
13867714	0.0
21105699	0.0
10850	11.004
1151	8.429
6852	7.316
4514549	0.0
48085	105.646
14627	1.945
87265	20.240
65701	24.717
18941	54.775
10831	11.004
10813	11.004
10908	11.004
551	1.619
16359	16.725
7044	16.725
28552	42.549
29282	53.645
10829	11.004
8060	13.569
15619	16.506
6737	5.616
96749	37.346
29117	8.642
6688	14.235
4760	50.481
12874	49.581
10841	11.004
26325182	32.896
18177	20.085
8262	4.008
8273	4.008
17339596	58.149
3277	17.446
15621	16.506
26260	16.506
5162	57.433
12682	16.506
5593	3.3
8329	10.692
6789	5.616
11776	25.797
15488	5.616
707	54.081
83191	91.090
5774	96.113
92494	99.025
92468	101.936
11489	5.899
6586	7.219
15620	16.506
15861	16.506
12705	45.276
12730	54.937
472932	14.679
6950	0.0
3350	12.349
218253	5.616
4333	16.954
63968	1.945
6706	18.383
68437	16.506
11038	22.545
2068	29.578
5236	29.176
6855	10.770
13090	9.165
13303	40.071
13302	40.982
133166	87.018
8067	33.694
6840	6.220
8030	10.841
3008	32.567
6739	2.565
2283071	22.008
8807	10.319
5791	81.938
11286	16.273
21106059	76.893
13839012	2.565
7151	23.653
10903	2.565
6835	4.222
5145918	63.209
15475	11.231
15755	11.231
14995	11.231
14994	11.231
67470	11.231
15476	11.231
15477	11.231
15478	11.231
15524	11.231
15756	11.231
8058	8.856
15473	11.231
17099	11.231
17098	11.231
33933	11.231
15474	11.231
11003	3.3
8093	11.233
36029	37.801
58496	131.755
6735	8.599
4932499	22.008
8341	2.565
6592	4.601
6371	18.754
2297441	36.986
7155	14.999
3693	21.919
89258	20.501
26010	11.231
30600	11.231
33455	11.231
33934	11.231
33932	11.231
10628694	5.463
11294	8.180
4268	39.527
6604	11.231
23886	11.231
33421	11.231
6838	1.619
6002	93.154
6753	6.965
1262	23.889
6807	8.180
4470736	103.865
20124	8.599
4911	33.221
62265	18.329
64016	22.916
8319	4.222
6790	4.222
6588	3.89
3652	70.359
185	7.522
75995	69.499
2271976	50.217
457140	16.847
84188	16.847
136000	16.847
135983	16.847
136001	16.847
136002	16.847
158870	16.847
157093	16.847
83374	16.847
457144	16.847
135925	16.847
457145	16.847
136003	16.847
84235	16.847
139025	124.216
8282	5.129
34667	16.847
34871	16.847
34873	16.847
56784	16.847
34872	16.847
4343	76.415
1710	17.187
6600	11.991
230	36.459
5660	53.617
5932	93.61
196288	118.393
9797	44.588
9824	5.346
4103087	14.567
34868	16.847
37905	16.847
34869	16.847
37918	16.847
37915	16.847
34867	16.847
25605	16.847
26011	16.847
34870	16.847
34666	16.847
21924	16.847
3216	74.767
6057	30.186
5807	42.280
6610	10.006
21587143	125.1
61739	5.129
34866	16.847
34665	16.847
34664	16.847
37904	16.847
34864	16.847
34188	16.847
34865	16.847
9786472	112.569
6478	9.731
65272	131.812
744	14.964
6492	5.129
11708	27.892
10438331	12.607
2927	30.643
5554	52.596
2928	35.743
27793	22.462
82754	22.462
457138	22.462
102897	22.462
457139	22.462
102947	22.462
97173	22.462
102720	22.462
102801	22.462
102833	22.462
102721	22.462
102856	22.462
102933	22.462
103066	22.462
106355	22.462
82755	22.462
82712	22.462
157094	22.462
103011	22.462
102798	22.462
82762	22.462
97172	22.462
2925	26.3
18547147	119.277
4380	59.713
2424	34.872
34863	16.847
2760	104.634
11974	34.396
32555	55.414
19232038	116.365
13835294	10.692
6514	21.043
33281	22.462
56786	22.462
56789	22.462
33456	22.462
46264	22.462
4777	35.501
10481872	90.097
5550	95.121
553649	10.319
8124942	83.411
56787	22.462
35583	22.462
82807	22.462
56794	22.462
33386	22.462
33457	22.462
47912	22.462
82817	22.462
46893	22.462
33280	22.462
35582	22.462
33304	22.462
46263	22.462
19232037	110.542
10169	3.648
5542	105.518
5376	34.993
8101973	77.588
21106365	11.093
8351654	22.332
2975965	29.358
13300034	49.119
197564	94.856
34874	22.462
36972	22.462
56788	22.462
533188	22.462
35579	22.462
16182	22.462
46262	22.462
35580	22.462
82818	22.462
56790	22.462
56795	22.462
33458	22.462
82777	22.462
35584	22.462
56785	22.462
56792	22.462
34189	22.462
5233	35.550
2075	40.745
3438	47.020
102834	28.078
102722	28.078
154865	28.078
96948	28.078
102743	28.078
102857	28.078
154866	28.078
106356	28.078
102787	28.078
102741	28.078
97240	28.078
97055	28.078
97198	28.078
102742	28.078
2915	7.794
4447447	60.829
193441	95.483
2654	50.934
1278	0.0
56793	22.462
454495	22.462
40191	22.462
56791	22.462
35581	22.462
56775	28.078
56770	28.078
5553	55.647
25677	22.462
2699	44.872
60858	10.006
91432	69.762
6453	16.308
8103122	41.302
33282	28.078
46285	28.078
46284	28.078
82806	28.078
56776	28.078
47913	28.078
32952	28.078
45446	28.078
43353	28.078
56773	28.078
12549	6.974
5633	95.912
14916	13.458
541032	30.927
5541	101.295
97257	33.694
97224	33.694
102923	33.694
96868	33.694
96864	33.694
97234	33.694
97233	33.694
154062	33.694
97142	33.694
12699	5.502
36975	28.078
56778	28.078
43354	28.078
37779	28.078
45445	28.078
36974	28.078
35585	28.078
34848	28.078
84344	28.078
34850	28.078
82819	28.078
56772	28.078
82820	28.078
16415	28.078
56779	28.078
56768	28.078
56777	28.078
84345	28.078
34668	28.078
21429023	78.178
9873	13.140
5139	22.679
2003	78.029
2908	29.919
3463	75.801
10292746	76.125
21782117	76.125
6066	22.930
33316	33.694
16736486	78.178
5551	96.367
8111	0.0
36973	28.078
37744	28.078
46894	28.078
45444	28.078
56769	28.078
56780	28.078
34847	28.078
39406	28.078
35081	28.078
56781	28.078
56771	28.078
4575338	56.078
970	0.0
56774	28.078
82765	28.078
34854	33.694
46136	33.694
82736	33.694
56759	33.694
36984	33.694
5026	15.364
2457	20.261
96965	39.309
33198	39.309
3513	35.433
34853	33.694
37745	33.694
36978	33.694
34190	33.694
34191	33.694
36771	33.694
36710	33.694
56757	33.694
549017	33.694
84347	33.694
56764	33.694
56758	33.694
47914	33.694
56762	33.694
33984	33.694
33983	33.694
11283	10.010
2625	42.935
26325089	64.409
13328	73.127
16736498	76.989
23977588	76.989
3584	37.874
5198	31.117
6593	3.3
82783	33.694
34852	33.694
37000	33.694
37019	33.694
56765	33.694
39198	33.694
82740	33.694
56761	33.694
56756	33.694
56766	33.694
83413	33.694
34851	33.694
36976	33.694
56767	33.694
56763	33.694
35108	39.309
10162	56.535
6842	15.587
15827	44.925
5552	97.196
34859	33.694
84346	33.694
56760	33.694
56755	33.694
33666	33.694
106796	18.493
9187483	8.599
3322	33.608
5768	68.774
54833	53.235
11439687	50.429
4444479	111.715
33986	39.309
36983	39.309
36986	39.309
45447	39.309
35566	39.309
47916	39.309
46137	39.309
550258	39.309
33985	39.309
26286843	77.525
11917	2.621
3841535	13.896
65234	29.922
55075	39.526
34860	39.309
82738	39.309
36982	39.309
36979	39.309
47915	39.309
56783	39.309
36981	39.309
37004	39.309
36980	39.309
56782	39.309
36977	39.309
83414	39.309
84348	39.309
82823	39.309
4624	25.019
26325183	20.456
4444100	24.230
34192	44.925
82822	44.925
6013	61.032
70806	6.294
15520	49.086
8860	0.0
4444107	35.449
36990	44.925
35912	44.925
45448	44.925
36987	44.925
36988	44.925
33407	44.925
36985	44.925
35205	44.925
15637	44.925
82821	44.925
21106058	78.851
31006	63.596
35206	50.540
82751	50.540
36989	50.540
11369	44.403
15484	56.156
5113	67.836
5739	0.0
8816	0.0
8817	0.0
4444102	26.795
4471584	43.243
4444553	49.058
8800	0.0
29153	0.0
8804	0.0
8799	0.0
8788	0.0
4067	71.848
21105591	58.395
6045	183.367
75662	84.676
9219586	19.546
1043	68.367
2246	0.0
29400	85.288
21105594	45.520
5678	0.0
8763	0.0
21106077	49.517
4444362	83.237