Compound Id	ChiPathCluster [VPC-6]
13837650	0.0
29015	0.0
258	0.0
7714	0.0
7882	0.0
7837	0.0
7812	0.0
932	0.0
6040	0.0
1004	0.0
10445	1.021
6320	0.0
6312	0.0
6146	0.0
21011	0.0
3644	0.0
29000	0.0
175	0.0
6102	0.0
236	0.0
7224	0.089
7673	0.252
6321	0.0
29012	0.029
5730	0.0
7676	0.145
5977	0.0
7787	0.0
7679	0.144
14840	0.0
8569	0.0
121365	0.113
6104	0.0
3168	0.0
12181	0.091
7890	0.0
682	0.0
8525	0.0
7219	0.169
9614	0.048
8560	0.0
7767	0.0
864	0.0
6335	0.0
14672	0.0
7674	0.408
7641	0.367
11752	0.0
11815	0.0
13014	0.444
6334	0.0
28994	0.0
12814	0.129
7849	0.0
349	0.0
6967	0.415
7712	0.0
7636	0.069
7521	0.415
29080	0.145
7737	0.0
1108	0.128
13619	0.0