Compound Id	Ionization constant
1	9.98
2	8.73
3	8.53
4	8.43
5	7.24
6	10.26
7	10.27
8	10.29
9	10.49
10	11.34
11	10.00
12	7.17
13	8.37
14	10.17
15	8.37
16	9.93
17	9.08
18	9.86
19	9.29
20	9.13
21	9.05
22	8.38
23	10.10
24	10.07
25	10.03
26	10.08
27	9.74
28	10.36
29	8.59
30	9.01
31	9.25
32	9.65
33	9.83
34	9.15
35	9.10
36	9.91
37	9.43
38	9.34
39	9.32
40	6.33
41	7.15
42	10.26
43	10.21
44	9.99
45	10.19
46	10.20
47	10.23
48	10.14
49	10.24
50	9.82
51	10.05
52	10.15
53	9.49
54	8.68
55	7.97
56	7.62
57	9.82
58	8.05
59	8.21
60	7.95
61	9.63
62	10.21
63	10.13
64	10.35
65	10.29
66	10.36
67	10.35
68	9.86
69	8.56
70	10.17
71	8.47
72	8.50
73	8.36
74	10.07
75	10.54
76	7.70
77	10.59
78	8.73
79	7.89
80	9.71
81	7.79
82	11.64
83	4.08
84	6.18
85	10.40
86	8.60
87	7.53
88	5.27
89	7.45
90	3.71
91	10.02
92	10.36
93	9.01
94	9.55
95	8.63
96	10.19
97	8.18
98	10.67
99	6.57
100	10.77
101	12.20
102	9.94
103	7.10
104	10.16
105	6.23
106	6.10
107	6.51
108	9.81
109	8.28
110	6.21
111	12.76
112	12.00
113	4.23
114	4.07
115	3.38
116	7.90
117	4.64
118	3.32
119	0.37
120	4.34
121	10.37
122	9.70
123	6.15
124	5.46
125	5.09
126	6.31
127	5.50
128	4.82
129	4.43