Compound Id	D133
1	-74.365874
2	-318.156489
3	-97.332298
4	-72.475579
5	-125.083009
6	-95.176718
7	-76.455014
8	-76.712963
9	-64.970877
10	-39.919544
11	-24.577663
12	-32.444194
13	-71.26657
14	-23.995824
15	-23.798175
16	-32.674158
17	-25.471917
18	-33.048087
19	-30.182764
20	-24.53902
21	-27.366067
22	-52.440373
23	-20.436059
24	-21.569346
25	-151.213178
26	-67.749654
27	-51.195522
28	-36.068703
29	-57.941479
30	-49.979325
31	-31.181335
32	-37.438195
33	-31.695521
34	-32.787742
35	-27.695947
36	-22.072491
37	-34.758804
38	-28.904631
39	-24.602417
40	-34.919299
41	-30.408975
42	-29.051261
43	-23.730827
44	-31.859272
45	-28.607547
46	-27.984788
47	-35.660475
48	-21.121179
49	-22.155663
50	-49.161472
51	-54.733712
52	-52.388737
53	-58.982009
54	-49.953589
55	-37.023242
56	-34.472372
57	-36.444242
58	-32.51045
59	-40.233906
60	-41.067097
61	-43.595446
62	-38.653384
63	-66.954845
64	-63.086822
65	-54.959178
66	-62.549361
67	-50.828208
68	-19.248055
69	-56.674225
70	-60.477733
71	-45.806001
72	-52.113451
73	-30.50528
74	-30.580173
75	-24.940443
76	-24.724288
77	-54.743585
78	-57.423803
79	-44.769384
80	-44.307707
81	-25.580144
82	-27.032303
83	-22.678108
84	-116.276318
85	-62.80597
86	-55.087496
87	-14.901582
88	-62.018436
89	-67.36922
90	-57.562997
91	-63.322605
92	-34.895316
93	-34.018076
94	-29.223459
95	-30.226461
96	-51.764871
97	-60.603041
98	-62.816034
99	-49.207251
100	-54.743834
101	-31.934136
102	-31.691317
103	-30.242406
104	-27.14195
105	-51.188136
106	-49.693782
107	-41.261305
108	-49.911685
109	-25.222321
110	-19.772343
111	-20.449146
112	-53.925642
113	-62.184518
114	-58.779384
115	-60.801131
116	-62.677346
117	-50.202501
118	-37.663279
119	-21.307203
120	-19.540454
121	-56.379476
122	-52.576901
123	-106.055297
124	-55.377585
125	-47.706309
126	-49.043908
127	-48.250493
128	-40.621785
129	-41.448971
130	-37.682425
131	-37.332656
132	-44.128097
133	-39.696994
134	-38.59642
135	-35.737124
136	-35.83814
137	-51.917344
138	-51.702787
139	-46.482794
140	-42.49636
141	-39.662528
142	-80.701495
143	-76.98354
144	-91.057795
145	-86.648217
146	-101.640784
147	-86.648217
148	-72.310538
149	-34.502697
150	-33.230716
151	-33.243449
152	-31.979596
153	-31.349499
154	-59.89053
155	-30.786866
156	-76.259403
157	-59.170577
158	-35.997669
159	-51.36143
160	-33.057792
161	-52.053411
162	-34.405355
163	-39.776078
164	-50.105781
165	-48.16305
166	-41.310231
167	-57.011965000000004
168	-32.357552
169	-86.743652
170	-35.341921
171	-36.591388
172	-31.666761
173	-129.898109
174	-100.035107
175	-31.083677
176	-30.837208
177	-30.869582
178	-32.144155
179	-93.149541
180	-30.588185
181	-32.653972
182	-35.267527
183	-37.99928
184	-33.509198
185	-160.170891
186	-29.381204
187	-31.179685
188	-33.133128
189	-28.06887
190	-31.641809
191	-34.102754
192	-29.281519
193	-88.263908
194	-163.144718
195	-31.979583
196	-110.807214
197	-83.269281
198	-94.645187
199	-85.869413
200	-86.032229
201	-64.548864
202	-94.520989
203	-38.618686
204	-39.780316
205	-66.713704
206	-67.819528
207	-86.38282
208	-57.944489
209	-51.917344
210	-76.009378
211	-63.588069
212	-51.917344
213	-76.528213
214	-63.367277
215	-103.351911
216	-32.452895
217	-33.182363
218	-85.87323
219	-63.968558
220	-65.602791
221	-89.535555
222	-31.482183
223	-95.987204
224	-30.420323
225	-101.275621
226	-103.294404
227	-64.786625
228	-51.56761
229	-29.780121
230	-81.572221
231	-42.945356
232	-39.001584
233	-87.555848
234	-104.777085
235	-51.04804
236	-32.222533
237	-89.536678
238	-84.261935
239	-28.825047
240	-37.296381
241	-42.552464
242	-33.037375
243	-38.060983
244	-65.41321
245	-70.352548
246	-52.885479
247	-48.919901
248	-36.422886
249	-68.971001
250	-101.451049
251	-59.631897
252	-95.880175
253	-55.558988
254	-57.805319
255	-55.20124
256	-81.863026
257	-31.704055
258	-42.764981
259	-40.069501
260	-34.497442
261	-43.205441
262	-34.497442
263	-43.862558
264	-34.497442
265	-37.316269
266	-40.281892
267	-77.502534
268	-30.637428
269	-30.116164
270	-75.185205
271	-68.369205
272	-65.401811
273	-66.691214
274	-120.218656
275	-393.186136
276	-74.313981
277	-68.163308
278	-63.187173
279	-69.293332
280	-59.781187
281	-74.010454
282	-76.428878
283	-69.418306
284	-53.651412
285	-61.294231
286	-58.511547
287	-73.184148
288	-67.372147
289	-182.466757
290	-60.590837
291	-58.735065
292	-111.084498
293	-67.506021
294	-101.450646
295	-99.163001
296	-98.661676
297	-188.777215
298	-90.996296
299	-115.794659
300	-107.915837
301	-217.603738
302	-297.753413
303	-248.200833
304	-279.792778
305	-179.650414
306	-217.880021
307	-308.148799
308	-172.480215
309	-164.457431
310	-269.567947
311	-98.047525
312	-90.10111
313	-104.590006
314	-95.794897
315	-60.467991
316	-67.494555
317	-59.794314
318	-55.448752
319	-35.816392
320	-22.233389
321	-39.931366
322	-62.5233
323	-41.965663
324	-23.852041
325	-49.339926
326	-21.401626
327	-24.26246
328	-23.943282
329	-21.422618
330	-36.681069
331	-45.885679
332	-101.76465
333	-44.202783
334	-49.50782
335	-46.189243
336	-19.956287
337	-23.844647
338	-196.102288
339	-172.526309
340	-143.315906
341	-38.965354
342	-48.995522
343	-41.453547
344	-143.395622
345	-55.193041
346	-97.145562
347	-133.528066
348	-77.104194
349	-47.208361
350	-44.931228
351	-1004.704
352	-890.610916
353	-746.744263
354	-231.52604
355	-399.671662
356	-444.574674
357	-509.214552
358	-427.820976
359	-85.668758
360	-62.261892
361	-130.559727
362	-170.148724
363	-140.471854
364	-110.221902
365	-118.794872
366	-60.299177
367	-45.040899
368	-64.178012
369	-73.400305
370	-104.929002
371	-40.034033
372	-87.51962
373	-49.614146
374	-61.651148
375	-59.878535
376	-59.447493
377	-42.529394
378	-79.971974
379	-75.982839
380	-68.750015
381	-81.529113
382	-88.15565
383	-90.612327
384	-59.087405
385	-110.753274
386	-74.227342
387	-64.931189
388	-100.700725
389	-210.791696
390	-188.890363
391	-108.22642
392	-166.229406
393	-92.416833
394	-113.631305
395	-64.831371
396	-128.841286
397	-121.777913
398	-119.583495
399	-172.366254
400	-88.095622
401	-109.813419
402	-194.122214
403	-160.771938
404	-69.266692
405	-104.929565
406	-65.637756
407	-72.540308
408	-68.962066
409	-110.268802
410	-57.976878
411	-47.786073
412	-61.773315
413	-52.392984
414	-81.878011
415	-94.84708
416	-48.936043
417	-69.610258
418	-62.439155
419	-63.652598
420	-68.334488
421	-156.566777
422	-132.279562
423	-101.710302
424	-113.371208
425	-76.568998
426	-54.657957
427	-86.031642
428	-75.672552
429	-39.268003
430	-58.42669
431	-62.738361
432	-90.747628
433	-33.996986
434	-76.681368
435	-83.410838
436	-49.28564
437	-77.276238
438	-45.426813
439	-36.087952
440	-40.964932
441	-41.736661
442	-56.550148
443	-82.192209
444	-52.780735
445	-43.206455
446	-52.461617
447	-37.226057
448	-67.915199
449	-71.156782
450	-95.379522
451	-63.606567
452	-109.269771
453	-175.26138
454	-212.00084
455	-49.646104
456	-113.049666
457	-79.672584
458	-90.169596
459	-131.75473
460	-73.059639
461	-80.524839
462	-46.295745
463	-93.132067
464	-57.738217
465	-88.554181
466	-118.794872
467	-47.136585
468	-61.474588
469	-45.242892
470	-65.105507
471	-72.015487
472	-39.739118
473	-87.51962
474	-47.60925
475	-92.19062
476	-62.429499
477	-44.460129
478	-78.011594
479	-50.692334
480	-71.697993
481	-80.693992
482	-43.964171
483	-55.460841
484	-51.863911
485	-55.065924
486	-46.113707
487	-83.247983
488	-114.434656
489	-61.121568
490	-34.300761
491	-76.556888
492	-89.654281
493	-100.915499
494	-121.264486
495	-110.901627
496	-128.424545
497	-75.070769
498	-62.442799
499	-60.035768
500	-76.68757
501	-70.840242
502	-57.604106
503	-71.161382
504	-56.09777
505	-63.063096
506	-198.319913
507	-213.479321
508	-143.620973
509	-152.963371
510	-150.22351
511	-151.735836
512	-120.539933
513	-150.104571
514	-140.637784
515	-155.697784
516	-152.665661
517	-130.319562
518	-98.43511
519	-110.426242
520	-89.45412
521	-48.861502
522	-34.744311
523	-62.224564
524	-37.930839
525	-55.417606
526	-61.735334
527	-88.147174
528	-32.054049
529	-92.252073
530	-78.645749
531	-45.466609
532	-67.407803
533	-74.771674
534	-43.547145
535	-38.967524
536	-85.397409
537	-51.789888
538	-81.389707
539	-49.147444
540	-64.583759
541	-71.516596
542	-49.759629
543	-34.284445
544	-68.183787
545	-65.134916
546	-58.491394
547	-92.19062
548	-36.999098
549	-45.554748
550	-40.994452
551	-43.61947
552	-56.251517
553	-68.842055
554	-137.552974
555	-87.570997
556	-141.577679
557	-56.268422
558	-85.330988
559	-54.237683
560	-94.417659
561	-65.823816
562	-59.001312
563	-92.234433
564	-180.529725
565	-143.805879
566	-113.361121
567	-132.963288
568	-48.466441
569	-68.55615
570	-75.024854
571	-105.597383
572	-43.520027
573	-87.94416
574	-53.053346
575	-64.831126
576	-98.323145
577	-47.502791
578	-83.29892
579	-78.455597
580	-71.729394
581	-163.780413
582	-134.701156
583	-106.627507
584	-116.573445
585	-57.019838
586	-61.909204
587	-70.340952
588	-93.026344
589	-78.878117
590	-58.679315
591	-85.504015
592	-56.712496
593	-75.513792
594	-73.251723
595	-66.256506
596	-123.471633
597	-37.634864
598	-82.077686
599	-46.379239
600	-93.778042
601	-52.708416
602	-37.842817
603	-33.023615
604	-40.901772
605	-72.596591
606	-89.880425
607	-83.33725
608	-67.267359
609	-61.815993
610	-76.927154
611	-65.956147
612	-19.828832
613	-13.840405
614	-16.661632
615	-10.921788
616	-9.31971
617	-21.749322
618	-28.792568
619	-24.258573
620	-22.6105
621	-9.842457
622	-10.074734
623	-6.541315
624	-6.898883
625	-36.672751
626	-20.766547
627	-24.63177
628	-8.09815
629	-8.164765
630	-6.631231
631	-6.217821
632	-17.19371
633	-15.0276
634	-13.394647
635	-34.706296
636	-28.219756
637	-22.781337
638	-22.781337
639	-21.528395
640	-7.662744
641	-10.541562
642	-9.889819
643	-22.911537
644	-19.34752
645	-32.253002
646	-18.234845
647	-13.327487
648	-27.728143
649	-12.570244
650	-26.763686
651	-24.11985
652	-14.649935
653	-20.177503
654	-33.500807
655	-34.164189
656	-18.969263
657	-6.772439
658	-8.273482
659	-9.152761
660	-11.609205
661	-7.415197
662	-7.597759
663	-6.520674
664	-7.223216
665	-4.260414
666	-4.248372
667	-32.819284
668	-3.063977
669	-19.264886
670	-18.667112
671	-3.244211
672	-4.518723
673	-46.324632
674	-18.753877
675	-3.913652
676	-17.914996
677	-3.604679
678	-16.158114
679	-20.771053
680	-17.962049
681	-26.995765
682	-24.673853
683	-5.686204
684	-6.561176
685	-22.983219
686	-10.949977
687	-20.288294
688	-10.559343
689	-8.141443
690	-8.717469
691	-4.88321
692	-19.002462
693	-4.706471
694	-12.167475
695	-25.6325
696	-12.457789
697	-24.602516
698	-11.799712
699	-13.624408
700	-19.899123
701	-8.26939
702	-20.149399
703	-20.493095
704	-6.864578
705	-7.818181
706	-10.254727
707	-14.343905
708	-14.010326
709	-21.790462
710	-10.365622
711	-13.148474
712	-18.690356
713	-6.713759
714	-7.022264
715	-6.821927
716	-4.260414
717	-19.209441
718	-16.957815
719	-42.336014
720	-41.381066
721	-48.384015
722	-44.882541
723	-45.837488
724	-52.840438
725	-24.983181
726	-12.686396
727	-10.919147
728	-13.095717
729	-12.059742
730	-12.677261
731	-14.358061
732	-16.710354
733	-25.858078
734	-12.316332
735	-12.047893
736	-10.73926
737	-15.406095
738	-12.686396
739	-17.181068
740	-11.156519
741	-27.396213
742	-11.39101
743	-14.834511
744	-15.070467
745	-12.666803
746	-16.002582
747	-29.706428
748	-26.669409
749	-15.409738
750	-33.525825
751	-30.34299
752	-26.773586
753	-17.511066
754	-30.767368
755	-42.35629
756	-43.809692
757	-31.338361
758	-31.338361
759	-32.302618
760	-32.121803
761	-33.50794
762	-34.954325
763	-36.159647
764	-38.070285
765	-35.612431
766	-33.461344
767	-10.083645
768	-9.721833
769	-11.680195
770	-13.546813
771	-17.427653
772	-13.542552
773	-11.415224
774	-19.435526
775	-16.253448
776	-18.009894
777	-17.129505
778	-12.076085
779	-12.001539
780	-39.502002
781	-15.221935
782	-11.767832
783	-25.225773
784	-18.362412
785	-16.088241
786	-17.044277
787	-14.670646
788	-19.140284
789	-14.415328
790	-34.517283
791	-28.187
792	-23.687172
793	-20.697985
794	-13.755991
795	-12.663141
796	-13.217408
797	-17.889846
798	-10.467216
799	-17.655066
800	-16.682046
801	-25.722474
802	-48.600222
803	-16.04276
804	-25.050324
805	-12.36317
806	-24.022932
807	-20.173021
808	-16.843387
809	-27.143571
810	-17.396863
811	-20.098554
812	-44.803142
813	-27.013174
814	-52.647106
815	-50.749913
816	-12.835041
817	-25.823995
818	-9.651117
819	-9.869041
820	-13.23576
821	-10.118795
822	-25.985044
823	-46.00887
824	-31.885279
825	-14.80049
826	-19.335387
827	-30.839079
828	-33.250407
829	-44.143363
830	-16.972374
831	-29.856843
832	-43.341604
833	-25.663895
834	-25.494814
835	-40.846591
836	-20.865023
837	-38.50909
838	-49.040166
839	-14.299042
840	-38.953794
841	-11.621772
842	-39.997402
843	-34.615675
844	-29.690469
845	-40.149592
846	-40.149592
847	-35.444561
848	-33.831013
849	-33.005866
850	-23.793036
851	-24.845825
852	-31.314815
853	-31.962897
854	-23.183305
855	-28.076808
856	-16.970403
857	-18.68513
858	-32.869451
859	-33.07272
860	-28.843601
861	-26.113395
862	-16.824107
863	-19.613759
864	-20.301961
865	-24.329422
866	-21.56022
867	-25.708221
868	-27.27307
869	-33.406105
870	-30.165215
871	-32.455769
872	-37.681697
873	-26.109172
874	-23.793036
875	-31.758996
876	-31.297004
877	-27.684126
878	-16.67781
879	-34.424087
880	-29.743252
881	-28.076808
882	-16.385217
883	-18.925557
884	-19.269658
885	-24.131622
886	-22.944821
887	-28.167269
888	-29.061468
889	-29.417317
890	-31.411711
891	-18.738765
892	-19.056371
893	-20.00919
894	-25.898059
895	-26.529719
896	-23.371419
897	-25.687505
898	-31.630925
899	-23.581977
900	-32.33908
901	-26.740278
902	-30.214615
903	-26.108618
904	-32.494511
905	-43.234196
906	-32.494511
907	-45.113944
908	-32.756563
909	-47.306983
910	-15.863258
911	-12.886004
912	-14.809319
913	-12.657439
914	-11.819678
915	-14.573468
916	-28.754387
917	-29.257141
918	-8.293456
919	-19.124072
920	-7.603796
921	-32.160498
922	-11.868747
923	-26.076626
924	-11.101842
925	-20.363061
926	-17.333999
927	-16.400341
928	-13.170824
929	-7.529511
930	-15.503825
931	-10.881592
932	-10.030097
933	-12.715462
934	-8.444562
935	-5.738262
936	-10.162938
937	-13.453131
938	-11.670506
939	-11.902317
940	-16.013012
941	-13.367639
942	-16.30756
943	-13.183883
944	-13.242388
945	-11.075142
946	-15.555334
947	-13.446193
948	-33.733667
949	-33.13128
950	-33.733667
951	-22.214259
952	-13.848232
953	-15.585716
954	-7.385089
955	-17.191414
956	-13.019982
957	-10.983433
958	-14.01017
959	-9.67066
960	-14.265041
961	-11.868056
962	-17.699712
963	-15.137954
964	-14.172949
965	-11.698144
966	-16.422124
967	-17.50533
968	-15.718975
969	-13.962086
970	-8.912177
971	-23.8587
972	-21.999581
973	-9.196608
974	-23.703773
975	-17.680972
976	-13.152342
977	-10.994918
978	-9.027793
979	-13.465527
980	-16.378888
981	-17.068911
982	-18.955782
983	-11.705222
984	-11.006563
985	-20.315718
986	-17.905379
987	-18.000039
988	-12.319704
989	-13.62182
990	-81.019665
991	-27.862799
992	-26.77014
993	-28.409128
994	-16.725702
995	-13.231869
996	-16.407573
997	-58.230807
998	-16.73731
999	-11.831574
1000	-15.036786
1001	-14.028255
1002	-14.472082
1003	-15.488807
1004	-14.529175
1005	-14.385917
1006	-10.730288
1007	-13.354785
1008	-15.196793
1009	-16.360058
1010	-20.103365
1011	-31.80547
1012	-27.807304
1013	-10.472077
1014	-26.378201
1015	-9.58264
1016	-30.941774
1017	-12.539026
1018	-28.709624
1019	-12.252527
1020	-26.297699
1021	-8.738117
1022	-23.519996
1023	-17.712519
1024	-15.420809
1025	-14.253936
1026	-13.339901
1027	-13.287504
1028	-15.084797
1029	-28.744232
1030	-9.484263
1031	-19.340339
1032	-8.941001
1033	-12.802593
1034	-23.309265
1035	-10.726262
1036	-6.911364
1037	-13.431797
1038	-10.434022
1039	-13.486348
1040	-8.892354
1041	-13.4265
1042	-16.623139
1043	-17.275724
1044	-13.006919
1045	-11.509362
1046	-17.272885
1047	-13.50176
1048	-15.076667
1049	-12.993845
1050	-21.636384
1051	-25.560669
1052	-20.777261
1053	-17.922426
1054	-16.577431
1055	-15.890857
1056	-13.234472
1057	-23.062958
1058	-23.716084
1059	-17.597068
1060	-20.909497
1061	-17.695011
1062	-14.927775
1063	-14.117466
1064	-16.3596
1065	-11.932864
1066	-15.193884
1067	-13.329223
1068	-14.384958
1069	-15.316124
1070	-14.025279
1071	-9.701905
1072	-13.071688
1073	-10.969641
1074	-15.890419
1075	-17.672368
1076	-20.69684
1077	-32.012681
1078	-29.498788
1079	-12.924887
1080	-26.553767
1081	-34.695795
1082	-16.198755
1083	-27.349426
1084	-15.193419
1085	-27.802996
1086	-22.251007
1087	-23.518996
1088	-19.357864
1089	-12.291566
1090	-22.035809
1091	-24.790819
1092	-22.587011
1093	-12.12837
1094	-19.716783
1095	-24.154637
1096	-22.671946
1097	-24.964591
1098	-12.12837
1099	-22.260884
1100	-24.790279
1101	-17.499093
1102	-12.39789
1103	-31.157591
1104	-22.036274
1105	-15.431179
1106	-23.775796
1107	-23.320921
1108	-18.711906
1109	-22.671935
1110	-17.511787
1111	-25.202344
1112	-19.50477
1113	-17.499097
1114	-23.730866
1115	-23.095715
1116	-20.447185
1117	-19.292762
1118	-24.578397
1119	-22.036279
1120	-24.964586
1121	-22.260879
1122	-26.071873
1123	-30.388238
1124	-21.612048
1125	-23.307605
1126	-26.866653
1127	-22.684901
1128	-23.095718
1129	-26.628895
1130	-20.988834
1131	-20.1408
1132	-26.614831
1133	-23.300281
1134	-21.635975
1135	-34.636918
1136	-24.48907
1137	-2.17589
1138	-4.792867
1139	-7.253782
1140	-6.204644
1141	-1.723777
1142	-3.883828
1143	-9.662316
1144	-11.490403
1145	-21.715855
1146	-19.001299
1147	-6.822721
1148	-16.639902
1149	-6.090742
1150	-21.668013
1151	-8.994704
1152	-19.126383
1153	-7.944573
1154	-16.237116
1155	-4.876944
1156	-2.987893
1157	-14.256412
1158	-13.802131
1159	-11.321174