Compound Id	D134
1	244.88349
2	843.890932
3	336.326732
4	242.692633
5	885.77274
6	919.212559
7	752.953206
8	917.696673
9	436.543167
10	478.160243
11	200.537391
12	279.063875
13	390.8346
14	164.898149
15	151.867058
16	262.76176
17	221.880243
18	350.465592
19	306.122981
20	203.0042
21	185.950418
22	279.023178
23	137.895587
24	126.450938
25	476.342451
26	330.768459
27	257.562981
28	249.789944
29	362.721485
30	269.769046
31	251.265053
32	251.997805
33	275.626134
34	277.870813
35	168.782954
36	159.024195
37	395.584293
38	259.179534
39	215.354224
40	347.251933
41	299.51303
42	199.757435
43	181.106423
44	190.346754
45	192.970314
46	263.515529
47	377.290418
48	143.355146
49	134.557
50	232.557499
51	234.794823
52	225.408068
53	235.722324
54	228.482343
55	389.77201
56	371.186038
57	371.710472
58	370.713439
59	503.947174
60	479.931013
61	478.564433
62	480.490333
63	1075.389
64	1040.955
65	1029.06
66	1040.746
67	169.08854
68	87.572049
69	838.678157
70	807.716565
71	802.966024
72	791.357506
73	250.289214
74	240.706378
75	238.785364
76	237.451321
77	761.805823
78	735.74317
79	726.240477
80	726.862262
81	213.039569
82	199.120553
83	198.730877
84	444.522779
85	324.587449
86	300.405423
87	64.601828
88	991.101845
89	963.742631
90	958.87122
91	950.552765
92	339.639599
93	323.256419
94	323.700707
95	324.493846
96	299.066995
97	911.382994
98	882.289222
99	871.25587
100	877.976307
101	294.037502
102	282.510284
103	277.286094
104	278.507921
105	693.754815
106	661.274967
107	659.628787
108	661.376563
109	175.260259
110	165.742082
111	164.208638
112	271.138589
113	276.910806
114	262.223912
115	264.171172
116	277.522864
117	256.267181
118	123.584288
119	113.09915
120	107.704772
121	190.292755
122	199.328647
123	295.974037
124	195.899883
125	623.724247
126	602.167179
127	597.582016
128	599.031168
129	563.86811
130	537.673761
131	534.577215
132	535.642983
133	443.209205
134	422.347233
135	426.805828
136	421.936284
137	361.764447
138	167.543079
139	164.071619
140	224.601926
141	213.362413
142	508.077974
143	514.205986
144	468.707785
145	469.881533
146	478.980589
147	469.571348
148	287.051222
149	176.310987
150	149.395577
151	169.155839
152	170.52225
153	155.413498
154	233.244408
155	155.093685
156	272.460635
157	205.286196
158	218.375025
159	159.407151
160	181.952659
161	162.416306
162	187.036304
163	336.141473
164	160.474973
165	357.064584
166	265.905569
167	173.597947
168	183.890977
169	301.568888
170	180.479311
171	203.071625
172	123.038769
173	401.045818
174	319.440504
175	139.589333
176	157.464821
177	160.922673
178	237.837089
179	1032.051
180	143.177657
181	160.281847
182	245.72855
183	331.793454
184	187.556351
185	410.696957
186	126.469844
187	245.622902
188	350.888439
189	146.910314
190	185.16877
191	245.698269
192	125.948252
193	1053.203
194	412.788361
195	169.692087
196	638.640108
197	402.527751
198	968.35613
199	822.396015
200	746.442313
201	277.285632
202	497.39429
203	209.683903
204	230.103277
205	251.880183
206	265.874111
207	331.706529
208	203.013405
209	358.817183
210	707.219147
211	520.983634
212	361.764447
213	722.884097
214	522.160656
215	609.303989
216	172.993153
217	182.603284
218	440.814632
219	572.244814
220	576.342422
221	943.895654
222	208.176054
223	561.533231
224	175.742299
225	1183.614
226	1187.29
227	635.403766
228	158.41846
229	90.276408
230	221.729859
231	297.099302
232	233.874119
233	268.653447
234	1217.729
235	139.754576
236	134.901429
237	967.708229
238	887.579559
239	133.13562
240	190.167096
241	227.443756
242	159.112209
243	199.262954
244	482.793148
245	601.273287
246	326.219399
247	281.647253
248	167.149603
249	540.005537
250	1130.839
251	423.960553
252	1044.745
253	372.500268
254	501.115115
255	426.079686
256	812.306992
257	175.763369
258	238.146177
259	256.630139
260	188.645923
261	282.182678
262	189.748954
263	286.075464
264	188.645923
265	180.389754
266	266.625724
267	738.900945
268	159.040983
269	107.995252
270	668.860067
271	234.078889
272	227.934831
273	235.822035
274	350.712812
275	1273.859
276	272.51369
277	268.711831
278	210.870983
279	234.983751
280	177.409567
281	239.584433
282	270.398154
283	256.688447
284	436.121351
285	214.644738
286	179.754604
287	277.648924
288	305.125857
289	561.559343
290	213.59096
291	180.680475
292	383.958964
293	270.306003
294	239.589111
295	228.565153
296	227.305059
297	524.431169
298	313.039459
299	301.11722
300	419.93928
301	954.882434
302	1783.405
303	1309.654
304	1972.589
305	669.394376
306	929.072738
307	2153.43
308	539.643247
309	549.922114
310	1402.073
311	320.702122
312	277.718277
313	369.304267
314	554.062746
315	155.387654
316	206.590031
317	203.306146
318	199.36135
319	298.465807
320	190.117028
321	208.318913
322	353.335741
323	289.485149
324	239.259987
325	171.076294
326	195.474753
327	201.15255
328	197.372585
329	171.358317
330	277.087222
331	250.893084
332	562.517649
333	202.549422
334	124.091845
335	144.094705
336	198.77586
337	196.759679
338	997.644596
339	1026.563
340	1025.741
341	259.42683
342	183.818153
343	255.346709
344	1668.828
345	408.005748
346	1441.265
347	1675.338
348	466.45214
349	240.204628
350	307.75294
351	7065.107
352	6908.302
353	7823.201
354	1320.664
355	3888.91
356	5840.11
357	6950.2
358	4864.689
359	292.536876
360	218.414131
361	452.600668
362	1302.367
363	1338.618
364	1147.128
365	1317.192
366	321.220099
367	328.87604
368	668.360901
369	811.453813
370	1517.255
371	245.767223
372	1145.428
373	221.998999
374	616.151086
375	550.286952
376	286.19589
377	283.582169
378	972.731299
379	901.369508
380	749.09113
381	467.578959
382	1138.009
383	1321.226
384	553.783686
385	1727.367
386	519.851976
387	741.759134
388	1512.368
389	1562.983
390	654.020167
391	755.087581
392	1291.04
393	490.750701
394	519.38484
395	285.917191
396	639.44246
397	433.568806
398	449.694621
399	1293.647
400	385.760077
401	375.192915
402	1696.91
403	2193.285
404	806.618774
405	1506.723
406	683.214652
407	901.97201
408	735.85547
409	1730.768
410	258.116128
411	162.91206
412	142.894545
413	199.421155
414	330.065962
415	545.435839
416	237.943183
417	544.307796
418	341.659486
419	433.543151
420	444.050589
421	1112.154
422	1159.768
423	974.805425
424	1149.64
425	320.085813
426	237.012519
427	337.816207
428	253.294553
429	241.147514
430	542.934972
431	664.171586
432	1316.403
433	170.053208
434	395.602473
435	1071.453
436	384.349517
437	965.2586
438	331.291533
439	235.354329
440	272.861725
441	146.890382
442	495.940337
443	1130.809
444	431.115021
445	289.908552
446	205.481801
447	204.879001
448	805.703017
449	757.96996
450	629.051883
451	619.634529
452	413.761084
453	529.758496
454	799.7882970000001
455	383.946434
456	1937.002
457	985.803338
458	1227.031
459	1526.167
460	818.23636
461	982.101481
462	334.993745
463	1315.645
464	307.391605
465	1141.351
466	1317.192
467	305.129375
468	305.79341
469	315.948524
470	648.411422
471	796.906924
472	237.126619
473	1145.428
474	213.207378
475	1324.73
476	277.899708
477	281.697583
478	953.076827
479	366.831184
480	725.858757
481	866.773267
482	274.795725
483	470.488079
484	407.406184
485	254.490176
486	322.304783
487	1032.993
488	1217.724
489	599.878198
490	194.251389
491	1029.645
492	1199.129
493	1070.716
494	1249.354
495	1075.705
496	1428.038
497	287.678717
498	435.834297
499	380.648559
500	247.136667
501	243.901395
502	305.927815
503	457.682467
504	259.631844
505	438.681195
506	1120.217
507	1235.026
508	970.414677
509	1077.111
510	1097.202
511	1093.582
512	885.578822
513	1080.529
514	959.765323
515	1072.288
516	1036.995
517	1084.418
518	898.470747
519	1072.415
520	567.827903
521	197.134699
522	201.407587
523	221.369696
524	209.456844
525	495.448723
526	619.500215
527	1250.596
528	139.704503
529	1345.941
530	989.628809
531	336.192262
532	301.456501
533	907.947991
534	291.738469
535	118.713507
536	1160.858
537	439.605491
538	1072.398
539	388.346761
540	259.057556
541	831.992863
542	171.666149
543	172.24486
544	756.849848
545	688.27767
546	556.174663
547	1324.73
548	206.079039
549	184.73388
550	239.898629
551	263.944445
552	493.546617
553	461.94999
554	1025.069
555	1156.915
556	1744.61
557	543.586225
558	1141.509
559	426.556523
560	1522.843
561	407.718418
562	606.93227
563	1326.089
564	1439.193
565	1431.837
566	1228.201
567	1428.964
568	382.879473
569	742.735631
570	886.423128
571	1626.38
572	288.287314
573	1220.829
574	263.484817
575	683.713156
576	1420.2
577	327.016478
578	1043.282
579	981.299716
580	823.956218
581	1247.244
582	1242.741
583	1054.599
584	1237.692
585	275.509408
586	608.651228
587	738.131554
588	1419.82
589	1047.413
590	556.947634
591	1226.862
592	245.495358
593	881.179411
594	833.006805
595	688.116482
596	1283.556
597	228.438239
598	1115.663
599	207.551372
600	1259.514
601	287.115051
602	301.60534
603	215.110527
604	192.134601
605	828.988365
606	786.287419
607	1051.507
608	752.165475
609	616.39763
610	582.162795
611	676.579169
612	663.490863
613	369.69686
614	472.469404
615	276.723897
616	197.311678
617	596.194666
618	194.073593
619	182.514887
620	187.723818
621	159.878144
622	183.74776
623	127.292788
624	103.896363
625	1074.329
626	336.493541
627	440.757447
628	191.471865
629	158.67251
630	309.21866
631	274.030804
632	664.257134
633	405.067587
634	421.965254
635	819.066045
636	658.972458
637	443.973682
638	445.9591
639	185.766609
640	198.696303
641	95.194542
642	228.731973
643	713.424705
644	710.397913
645	194.630487
646	159.086925
647	264.108875
648	582.685357
649	259.516402
650	586.300314
651	457.680405
652	160.033449
653	144.790661
654	1163.483
655	1170.213
656	163.262755
657	235.543797
658	202.298253
659	173.250497
660	315.301085
661	129.923019
662	106.625038
663	133.047465
664	131.285655
665	167.425997
666	188.716825
667	272.109557
668	108.737142
669	93.086973
670	95.938464
671	86.051257
672	158.885402
673	138.835918
674	141.717399
675	132.724612
676	70.643096
677	65.184722
678	487.638224
679	154.251782
680	604.846986
681	1214.206
682	157.627442
683	135.253413
684	110.344261
685	963.58132
686	327.222762
687	884.505429
688	282.911961
689	161.099051
690	133.616187
691	108.620738
692	87.094026
693	85.711736
694	91.338363
695	1129.566
696	427.700189
697	1044.373
698	376.259127
699	522.497026
700	804.149728
701	240.0608
702	179.537406
703	152.074896
704	166.938473
705	139.807854
706	271.143728
707	298.623573
708	298.524645
709	183.207081
710	180.327776
711	285.533843
712	733.334308
713	131.265728
714	131.220341
715	132.789761
716	167.425997
717	668.83924
718	546.408737
719	1109.735
720	1113.035
721	1120.485
722	1076.679
723	905.444218
724	1084.637
725	117.503154
726	114.795508
727	88.451692
728	143.744804
729	102.246744
730	112.225677
731	144.256623
732	177.053537
733	116.600136
734	102.022016
735	109.572454
736	64.941752
737	142.650657
738	113.437502
739	176.199785
740	86.796669
741	121.32659
742	115.044886
743	175.387154
744	141.552236
745	111.320678
746	171.953922
747	515.550259
748	126.332842
749	176.69168
750	518.17557
751	525.590082
752	124.018715
753	174.276457
754	522.879984
755	481.538243
756	455.387592
757	649.770295
758	648.24414
759	654.126008
760	643.70832
761	632.099859
762	618.115121
763	637.125585
764	650.661049
765	663.064181
766	659.063692
767	107.868218
768	85.924126
769	132.515663
770	105.87367
771	135.692927
772	83.620879
773	79.384045
774	168.513515
775	164.885424
776	137.780909
777	110.465266
778	104.554174
779	62.748107
780	417.173091
781	102.314725
782	94.265097
783	103.641452
784	159.403686
785	127.692586
786	119.850938
787	140.673752
788	148.869161
789	145.418039
790	168.404986
791	154.820894
792	198.687087
793	171.458208
794	140.305676
795	127.161126
796	89.50357
797	77.703031
798	112.288815
799	142.982777
800	112.626815
801	108.714768
802	620.941145
803	107.483775
804	153.517716
805	113.311526
806	174.659041
807	140.181027
808	113.311906
809	110.872479
810	132.161246
811	144.283784
812	852.353352
813	213.723967
814	610.822665
815	608.758653
816	70.618062
817	75.434135
818	113.385859
819	91.46947
820	136.041687
821	70.795148
822	260.266387
823	274.142117
824	355.944002
825	148.079319
826	149.628413
827	142.057128
828	161.63469
829	635.137416
830	120.261188
831	130.560477
832	575.928112
833	90.19978
834	220.192177
835	233.856321
836	182.831762
837	196.763319
838	701.820581
839	93.168883
840	509.868915
841	50.245227
842	457.106573
843	403.022073
844	305.171728
845	1096.379
846	1081.816
847	1092.556
848	855.148744
849	846.971401
850	508.272658
851	509.473561
852	552.485737
853	528.167625
854	323.321039
855	439.654124
856	263.851354
857	243.45356
858	558.102257
859	543.017541
860	419.038353
861	432.166183
862	263.499238
863	353.283053
864	354.334333
865	461.227168
866	456.231735
867	577.193019
868	574.512048
869	710.317771
870	708.129075
871	855.514809
872	855.129852
873	507.330295
874	512.716066
875	554.335955
876	534.684053
877	435.946724
878	261.912202
879	560.125572
880	532.193476
881	436.339407
882	262.031249
883	356.104611
884	351.607663
885	460.47281
886	456.085802
887	573.20471
888	578.344729
889	705.627519
890	708.498742
891	291.304944
892	290.170353
893	291.123172
894	509.034128
895	513.812879
896	508.581034
897	508.083023
898	614.28888
899	505.829385
900	611.676101
901	514.023439
902	615.861411
903	510.13335
904	761.730323
905	1059.846
906	777.214602
907	1063.489
908	770.287525
909	1063.919
910	219.440005
911	178.672228
912	220.622912
913	181.742404
914	277.463563
915	370.934092
916	882.558548
917	666.079927
918	162.354453
919	590.935027
920	129.745318
921	805.599583
922	237.098777
923	734.052466
924	199.128469
925	536.3277
926	476.615666
927	421.359587
928	320.830126
929	95.46305
930	309.406926
931	186.598052
932	152.866434
933	224.40151
934	121.77018
935	74.214451
936	115.187644
937	172.67053
938	140.950503
939	134.313712
940	192.904246
941	159.118113
942	196.570837
943	162.963086
944	174.510798
945	144.851423
946	193.07143
947	164.537802
948	409.025522
949	405.739452
950	409.025522
951	262.535341
952	180.449443
953	204.04934
954	97.141857
955	305.184747
956	187.37451
957	154.446866
958	222.65959
959	122.581759
960	171.665897
961	138.793125
962	194.461597
963	162.251802
964	176.202092
965	144.108169
966	194.612195
967	200.282992
968	209.918096
969	178.23987
970	121.489811
971	263.724908
972	263.173555
973	122.1744
974	265.20469
975	310.575892
976	188.172669
977	153.92581
978	125.073905
979	172.247912
980	213.544615
981	214.297761
982	312.306813
983	184.870724
984	156.669831
985	356.875257
986	358.461487
987	309.894444
988	191.334238
989	225.272364
990	1577.195
991	353.49835
992	353.430509
993	346.870962
994	310.188964
995	227.968216
996	308.758429
997	809.456709
998	312.871346
999	146.886726
1000	203.130458
1001	170.257114
1002	168.664256
1003	192.175204
1004	174.535803
1005	213.155924
1006	145.548985
1007	179.488378
1008	218.399449
1009	311.512223
1010	406.896839
1011	925.507431
1012	722.649582
1013	192.405447
1014	636.698204
1015	154.738715
1016	868.330711
1017	271.235599
1018	778.530894
1019	224.692922
1020	593.591329
1021	126.808706
1022	521.204706
1023	467.377923
1024	362.541655
1025	211.167147
1026	178.560765
1027	272.923131
1028	362.569884
1029	872.526744
1030	160.936174
1031	586.780999
1032	129.724721
1033	233.870788
1034	723.423555
1035	195.155398
1036	100.454924
1037	171.880477
1038	147.340832
1039	219.404624
1040	118.654359
1041	168.351962
1042	188.514227
1043	204.808246
1044	185.83096
1045	149.974956
1046	210.565387
1047	184.373828
1048	222.21125
1049	173.45706
1050	661.034008
1051	798.711265
1052	530.378705
1053	476.826222
1054	417.248687
1055	320.185514
1056	179.114167
1057	655.101573
1058	792.41796
1059	525.110592
1060	477.572005
1061	421.11777
1062	318.770788
1063	213.106293
1064	316.918801
1065	188.977239
1066	270.769431
1067	232.107827
1068	211.378031
1069	215.335424
1070	274.899261
1071	160.074203
1072	233.563786
1073	194.620302
1074	320.176606
1075	366.846814
1076	471.881497
1077	1028.364
1078	774.291727
1079	226.392722
1080	722.956661
1081	925.928918
1082	312.349494
1083	870.9292
1084	272.213777
1085	644.117266
1086	591.260719
1087	515.816621
1088	408.881949
1089	181.020413
1090	517.761312
1091	521.27236
1092	654.112006
1093	231.482934
1094	526.921344
1095	519.582049
1096	523.326852
1097	655.318857
1098	235.085127
1099	529.465445
1100	521.857079
1101	366.185792
1102	231.84713
1103	609.475134
1104	523.585302
1105	366.32226
1106	652.792021
1107	529.183218
1108	365.936192
1109	529.288621
1110	369.378583
1111	656.058287
1112	530.735889
1113	365.820266
1114	517.518664
1115	518.384809
1116	660.501846
1117	533.804945
1118	525.669426
1119	525.374006
1120	655.318916
1121	538.711803
1122	591.128727
1123	872.218688
1124	523.895556
1125	522.621016
1126	659.896936
1127	525.862902
1128	522.856275
1129	663.338614
1130	526.25471
1131	530.02983
1132	648.612308
1133	661.849718
1134	657.843953
1135	1112.225
1136	656.348624
1137	24.879719
1138	58.411377
1139	103.381305
1140	78.219789
1141	11.121156
1142	59.848771
1143	245.635668
1144	335.14131
1145	828.344806
1146	620.000467
1147	137.912986
1148	554.622521
1149	109.095627
1150	757.005875
1151	207.04403
1152	684.601443
1153	170.243345
1154	496.372754
1155	82.519612
1156	40.820006
1157	439.80519
1158	386.303606
1159	289.840881