Compound Id	D165
1	-4.47674054
2	-20.6096827
3	-12.5892302
4	-5.44652613
5	-32.1668877
6	-40.1876191
7	-39.9000827
8	-47.4472416
9	-24.9415152
10	-35.6700803
11	-16.4674232
12	-21.8957935
13	-21.1109492
14	-12.4316712
15	-13.6301834
16	-23.2263356
17	-19.9580309
18	-29.608088
19	-26.3531246
20	-16.5799047
21	-16.8318744
22	-18.4733918
23	-10.3399713
24	-10.6468332
25	-12.8399858
26	-17.5132355
27	-12.4469089
28	-19.3813372
29	-18.0020369
30	-15.143984
31	-21.2962015
32	-19.4354276
33	-21.8941088
34	-21.8941122
35	-12.5206221
36	-12.9749859
37	-32.5462436
38	-22.9545893
39	-19.7577413
40	-29.4023182
41	-26.1517582
42	-16.6518257
43	-16.5568677
44	-14.4573062
45	-17.3527093
46	-23.4407261
47	-29.5737329
48	-11.2450993
49	-11.7424065
50	-13.5704673
51	-11.4544931
52	-13.3435904
53	-10.6848986
54	-10.5820045
55	-29.3547381
56	-29.8439382
57	-29.4960779
58	-30.754593
59	-36.8232061
60	-36.2385088
61	-35.890653
62	-37.1488851
63	-61.3278472
64	-62.9017795
65	-61.4366624
66	-61.7312461
67	-5.55142763
68	-5.09473731
69	-51.7359957
70	-52.2250625
71	-53.117636
72	-50.8121699
73	-19.7628685
74	-21.3365193
75	-21.1588504
76	-19.8715445
77	-48.5385932
78	-50.1031605
79	-48.6430991
80	-49.9380579
81	-17.6395444
82	-18.1387022
83	-16.6736871
84	-17.8927448
85	-18.1461802
86	-19.1230854
87	-2.03820116
88	-58.13058543
89	-59.7044852
90	-59.5226367
91	-58.2725126
92	-26.1574491
93	-27.7312493
94	-27.5541706
95	-26.2656338
96	-17.260709
97	-54.9332772
98	-56.5071299
99	-55.0417702
100	-56.3242532
101	-22.9601639
102	-23.449334
103	-23.1014627
104	-23.3630655
105	-45.34086
106	-46.919381
107	-46.7392652
108	-45.4847172
109	-13.3682225
110	-14.9173488
111	-14.7641804
112	-14.8898751
113	-14.1888418
114	-12.9522153
115	-15.4556557
116	-13.8757897
117	-15.7461808
118	-2.74668114
119	-6.97340772
120	-8.69555538
121	-8.90354489
122	-9.36893237
123	-8.96256504
124	-7.47975745
125	-42.1414686
126	-43.7176647
127	-42.2851683
128	-42.5469951
129	-40.0203343
130	-40.4953519
131	-40.3451718
132	-39.0904636
133	-32.5520178
134	-34.1258705
135	-33.948816
136	-32.6602936
137	-24.452265
138	-0.80687454
139	2.23125329
140	-14.1922427
141	-13.0769128
142	-20.1474288
143	-17.0169599
144	76.4075696
145	75.1539721
146	76.671896
147	75.0937879
148	88.4747448
149	-10.6750765
150	-7.75679403
151	-9.91039263
152	-9.91913788
153	-7.75712441
154	92.64550726
155	-7.75729115
156	-10.76728126
157	94.80674811
158	-18.78954771
159	-2.16436575
160	-10.681171
161	-2.16253846
162	-10.8914292
163	-23.35681094
164	-2.1625845
165	-23.68057981
166	-17.28603003
167	98.2372374
168	-15.59647149
169	-7.69540013
170	-11.1856572
171	-13.0444591
172	-4.32594405
173	211.303629
174	-7.77552664
175	-6.4811059
176	-8.6267192
177	-8.64354231
178	-16.7805897
179	-56.7803166
180	-6.4882997
181	-8.6508913
182	-17.0373375
183	-23.11443159
184	-11.1893999
185	204.888087
186	-4.32506904
187	-16.7838657
188	-25.5565074
189	-6.4875128
190	-11.1894109
191	-17.0391077
192	-4.32518944
193	-62.6123825
194	204.771911
195	-9.91942045
196	67.2722212
197	80.0590069
198	-55.5105969
199	-49.1154227
200	-45.5170328
201	89.50984523
202	75.6853211
203	-13.9553145
204	-16.13480447
205	91.67167128
206	89.467804
207	-10.5032399
208	96.0767092
209	-24.4522627
210	-43.6350743
211	-34.0442133
212	-24.4522635
213	-43.6350749
214	-34.0442139
215	67.6588009
216	-9.92037075
217	-10.6821191
218	77.2444615
219	-37.1862076
220	-37.1862068
221	-55.1332459
222	-18.52246937
223	70.6475175
224	-15.08667836
225	-62.6078253
226	-62.6059942
227	-40.3851067
228	1.48684618
229	1.748501E-10
230	102.388671
231	-24.2350856
232	-19.6567511
233	-4.35997186
234	-63.0826079
235	6.064824E-10
236	-5.59469242
237	-53.4907556
238	-50.2934582
239	-7.77783758
240	-11.1372485
241	-14.2674178
242	-8.51899273
243	-11.9262201
244	-31.1098137
245	-37.5043313
246	-21.5179757
247	-18.3207121
248	-8.72888625
249	-34.3070232
250	-59.8853259
251	-27.912533
252	-56.6880407
253	-24.7152592
254	-37.0217782
255	-29.0305479
256	-47.0961288
257	-10.7518033
258	-15.1234243
259	-21.9804563
260	-11.6569479
261	-24.2805984
262	-11.6569467
263	-24.1505258
264	-11.6569479
265	-10.9339687
266	-21.3797444
267	-43.8988244
268	-12.8979066
269	-2.1625795
270	-40.7016262
271	-6.34505122
272	-5.79730578
273	-5.80721175
274	-6.41040294
275	-25.3434362
276	-9.31074852
277	-11.1980118
278	-6.95313806
279	-13.8522238
280	-3.5233311
281	-7.24287821
282	-9.37643256
283	-9.08596732
284	-25.3341641
285	-6.95551848
286	-3.52351047
287	-10.3077088
288	-15.3166326
289	-13.2269741
290	-6.95560423
291	-3.52359568
292	-13.5046294
293	-12.295318
294	-2.722
295	-2.722
296	-2.722
297	-5.53362334
298	-4.43640067
299	-3.33448952
300	-10.9253212
301	-16.4227851
302	-54.9259035
303	-29.1283741
304	-49.2134696
305	-6.93339888
306	-15.4246813
307	-53.9505525
308	-3.6430056
309	1.07253061
310	-39.5306193
311	-5.85437894
312	-1.82144347
313	-7.72772926
314	-29.2713718
315	-1.361
316	-3.64442763
317	-5.68574006
318	-5.68518267
319	-27.3104383
320	-18.8187079
321	-12.5581444
322	-24.8708957
323	-20.6108069
324	-24.5244332
325	-0.97117516
326	-19.320146
327	-20.2137581
328	-19.3537905
329	-17.2756066
330	-18.0732739
331	-15.8479599
332	-8.5102176
333	6.20511432
334	5.8824208
335	3.01661104
336	-20.0649527
337	-19.3773012
338	-32.0642591
339	-38.7886129
340	-46.1962783
341	-16.2746809
342	-3.81191061
343	-13.6279173
344	-62.1934443
345	-23.0078653
346	-64.4324271
347	-72.9827924
348	-62.9737841
349	-9.75557991
350	-12.861647
351	-88.4614653
352	-108.956369
353	-132.361711
354	-23.7750253
355	-103.199273
356	-141.800541
357	-160.802185
358	-122.810165
359	-43.3681665
360	-4.60296625
361	-9.51245476
362	-36.6838174
363	-43.5556382
364	-44.4321332
365	-51.8223676
366	-49.6937184
367	-14.652453
368	-33.8330202
369	-40.2282272
370	-65.8059713
371	-10.9296176
372	-53.0169278
373	-8.72648282
374	-30.6652058
375	-27.4386875
376	-50.8770051
377	-11.8042919
378	-46.6223545
379	-43.454413
380	-37.0597807
381	-29.1747008
382	-53.016974
383	-59.4092148
384	-30.113147
385	-72.1988224
386	-27.9100289
387	-37.0304694
388	-65.8034893
389	-51.3151582
390	-89.187322
391	-101.84729
392	-38.8557001
393	-91.7061463
394	-12.1857928
395	-23.2823995
396	-18.0702831
397	-11.7073016
398	-12.4124862
399	-40.999639
400	-83.6393068
401	-4.4422812
402	-53.7896554
403	-76.4276207
404	-40.2315959
405	-65.807651
406	-36.507933
407	-43.428925
408	-37.3817902
409	-72.2021603
410	-0.06891472
411	-5.01198516
412	-5.0438626
413	-5.91583106
414	-46.6606244
415	-59.008984
416	-46.5972689
417	-65.6001159
418	-10.5300065
419	-59.2055775
420	-14.0458023
421	-31.6261
422	-38.4729167
423	-39.3426725
424	-45.7091049
425	-6.70776652
426	-44.6227597
427	-7.2306843
428	-45.7900482
429	-9.56943061
430	-28.7503906
431	-35.1426971
432	-60.7228328
433	-5.85852782
434	-13.296123
435	-51.1726161
436	-19.1995656
437	-47.9339506
438	-15.9613011
439	-6.4518598
440	-11.4610203
441	-3.60495837
442	-25.5941343
443	-54.3282903
444	-22.3558046
445	-12.8048253
446	-45.8538025
447	-6.72115291
448	-41.539233
449	-38.3833522
450	-26.0860377
451	-31.9886845
452	-5.92179152
453	-85.9433356
454	-12.0107014
455	-20.5213083
456	-78.5944856
457	-49.2965987
458	-56.2166425
459	-57.2402682
460	-40.2291444
461	-46.6217034
462	-17.3240395
463	-59.4106031
464	-15.1209201
465	-53.0159986
466	-51.8223676
467	-10.6992405
468	-48.8281193
469	-14.1179799
470	-33.29882994
471	-39.69421264
472	-10.0601746
473	-53.0169278
474	-7.85494866
475	-59.411371
476	-50.0577195
477	-10.9632657
478	-46.08716172
479	-17.0006848
480	-36.18090078
481	-42.576899
482	-13.2905721
483	-23.3924988
484	-18.8897024
485	-11.0868537
486	-14.1931055
487	-48.97070809
488	-49.4422838
489	-32.4461407
490	-9.5206163
491	-51.6288148
492	-60.1388965
493	-41.6270184
494	-47.9808821
495	-41.7342407
496	-54.5515595
497	-42.6275367
498	-58.3695217
499	-55.172249
500	-41.8205845
501	-41.8201675
502	-6.53214471
503	-15.8067465
504	-3.25336445
505	-15.7077963
506	-15.4792284
507	-21.8580043
508	-25.7666397
509	-26.6038269
510	-27.1349026
511	-27.1079551
512	-27.2741194
513	-26.8904389
514	-25.544391
515	-27.1116682
516	-27.5558941
517	-34.4975993
518	-35.3027433
519	-41.7321244
520	-22.0527314
521	-40.5908944
522	-2.45173588
523	-2.63455327
524	-5.57701473
525	-24.758403
526	-31.1529431
527	-56.7313933
528	-1.82549465
529	-59.9286919
530	-47.1396079
531	-15.166568
532	-6.05984698
533	-43.9424231
534	-11.969249
535	0.37852502
536	-53.5341258
537	-21.5611344
538	-50.336834
539	-18.3638369
540	-3.27231208
541	-40.7452579
542	-41.8206614
543	-2.72804669
544	-37.547649
545	-34.3503897
546	-27.9556891
547	-59.411371
548	-7.73200303
549	-5.52887642
550	-10.7543352
551	-11.9590234
552	-26.9158683
553	-24.7127491
554	-56.7832738
555	-55.6912543
556	-63.6176464
557	-27.4383779
558	-53.014956
559	-23.6919028
560	-65.8040374
561	-21.5154714
562	-30.6327359
563	-59.4093379
564	-39.7647852
565	-46.7505544
566	-47.661779
567	-53.8849881
568	-17.8782139
569	-37.0331931
570	-43.4250366
571	-69.0028825
572	-14.126734
573	-56.2139903
574	-11.9236091
575	-33.8623421
576	-62.6083246
577	-17.1490042
578	-49.8192333
579	-46.6515193
580	-40.2568772
581	-33.5984537
582	-40.3955656
583	-41.2481322
584	-47.6400633
585	-46.4974074
586	-30.6363599
587	-37.0309716
588	-62.6093563
589	-49.8204066
590	-27.4675997
591	-56.2147915
592	-47.7272316
593	-43.4255836
594	-40.2567988
595	-33.8621921
596	-53.3885858
597	-12.6218787
598	-53.4175535
599	-9.11732531
600	-61.9625232
601	-49.8298253
602	-14.8253006
603	-11.0752083
604	-8.86849852
605	-42.9026625
606	-40.6995738
607	-49.8373793
608	-37.0618449
609	-33.3104703
610	-31.1073078
611	-36.3327469
612	-58.1655328
613	-42.17866033
614	-48.57324008
615	-35.78401935
616	-29.38984052
617	-54.96660754
618	-14.4257803
619	-13.3973399
620	-10.2448229
621	-25.2331702
622	-27.859707
623	-21.8165625
624	-12.8226961
625	-76.5324843
626	-40.66885532
627	-47.05859842
628	-36.0425068
629	-26.060171
630	-42.47501828
631	-45.54094269
632	-62.97837688
633	-49.78039842
634	-50.18940878
635	-65.7414577
636	-62.9668639
637	-44.6640995
638	-45.5502934
639	-8.71549199
640	-34.33793624
641	-8.35223545
642	-37.13599082
643	-60.885043
644	-60.8850461
645	-11.3873452
646	-15.6333482
647	-34.2229582
648	-59.2795058
649	-34.1987332
650	-59.3845995
651	-52.0601582
652	-13.2316528
653	-6.71428905
654	-78.885075
655	-79.5671741
656	-14.9914012
657	-37.1233791
658	-29.659508
659	-21.1425983
660	-43.6804359
661	-22.1978749
662	-13.5995683
663	-23.1297436
664	-22.2854017
665	-31.4099177
666	-20.4797791
667	-11.3466092
668	-16.8114603
669	-3.07091849
670	-3.47439639
671	-17.2705336
672	-17.0163469
673	8.98056E-10
674	0.25645951
675	-16.9128972
676	-1.79451976
677	-8.61415931
678	-48.843695
679	-10.781509
680	-55.2388309
681	-80.8163054
682	-9.57012164
683	-23.2605371
684	-14.7521541
685	-71.224464
686	-39.2518664
687	-68.0271669
688	-36.0545456
689	-25.8088915
690	-17.3994078
691	-20.1997774
692	-1.7596321
693	-11.6298673
694	-5.19422521
695	-77.6190246
696	-45.6464407
697	-74.4217332
698	-42.4491529
699	-56.4697371
700	-64.8298604
701	-32.8572686
702	-20.354303
703	-11.9497724
704	-26.4632256
705	-17.941222
706	-40.4852204
707	-42.640936
708	-42.4834973
709	-9.15205608
710	-27.6306094
711	-40.8769483
712	-61.6316973
713	-22.9847109
714	-22.2921684
715	-23.1295203
716	-31.4099177
717	-58.4355625
718	-52.0407183
719	-64.0399467
720	-64.0494195
721	-64.0399453
722	-64.1279784
723	-62.7160142
724	-64.1279741
725	-1.61401448
726	-7.59465682
727	-4.72346846
728	-10.8724718
729	-6.32554395
730	-7.5285383
731	-10.7927485
732	-13.9899224
733	-1.60961498
734	-6.1546737
735	-7.69478355
736	-1.61020984
737	-10.9245771
738	-7.72873042
739	-14.1207165
740	-4.86244121
741	-4.0856248
742	-8.00182174
743	-14.0702234
744	-10.9960312
745	-8.13298322
746	-14.1886461
747	-36.1700236
748	-3.09739961
749	-13.7429642
750	-35.9831175
751	-37.5896306
752	-3.23679762
753	-13.8551847
754	-37.9242785
755	-24.85799
756	-24.4305245
757	-44.8578421
758	-44.8665677
759	-44.8578375
760	-44.2949553
761	-44.9883455
762	-44.838918
763	-44.988353
764	-44.2112903
765	-44.0268741
766	-43.7013823
767	-10.9527045
768	-6.09513114
769	-13.8397694
770	-9.67505638
771	-12.5489793
772	-5.7883287
773	-2.64561082
774	-15.0327688
775	-11.9037804
776	-11.8349105
777	-8.63879691
778	-5.85125224
779	-2.01758396
780	-30.2635386
781	-9.23486475
782	-3.14379216
783	3.7684
784	-12.7904822
785	-11.7320842
786	-12.3103964
787	-6.33119836
788	-11.3346732
789	-8.7423899
790	-9.12398997
791	-4.02121944
792	-17.3757575
793	-15.4675876
794	-12.720375
795	-10.0176207
796	-6.89272199
797	-0.9069044
798	-12.4943088
799	-12.8434205
800	-9.89695421
801	0.99410502
802	-35.2689789
803	-9.53564543
804	-10.656006
805	-12.2080028
806	-15.3134056
807	-12.1144667
808	-9.0973603
809	-2.01118364
810	-10.9035456
811	-12.5097169
812	-51.9538611
813	-18.8956126
814	-44.5504283
815	-44.5504338
816	-4.08858528
817	1.316867E-9
818	-8.92692509
819	-9.5835378
820	-2.19341353
821	-4.87411379
822	-22.9472329
823	-17.0443339
824	-29.3417753
825	-17.45571
826	-13.3554352
827	-12.8781644
828	-7.45091094
829	-45.6930465
830	-10.1582243
831	-5.45195742
832	-42.1309642
833	1.7982
834	-19.7499505
835	-13.8470479
836	-16.5526954
837	-10.6499263
838	-48.5250138
839	-6.96002623
840	-39.2985936
841	-0.80783889
842	-35.7367127
843	-32.5390597
844	-26.1445063
845	-71.5666776
846	-71.6302058
847	-71.6204719
848	-61.99686848
849	-62.00149085
850	-45.89999827
851	-45.89993117
852	-48.10869041
853	-47.55615637
854	-33.12586002
855	-41.72453284
856	-30.08202881
857	-29.0600235
858	-48.12658015
859	-47.29406028
860	-41.16279673
861	-40.04763324
862	-30.10168028
863	-36.39072331
864	-36.38730117
865	-42.82691281
866	-42.83199128
867	-49.22190825
868	-49.22232068
869	-55.60191828
870	-55.61815491
871	-62.01520614
872	-61.99537105
873	-45.89993161
874	-45.90000097
875	-48.13363019
876	-47.53172711
877	-41.74838079
878	-30.10720585
879	-48.16935465
880	-47.57200376
881	-41.73703994
882	-30.14505212
883	-36.39367933
884	-36.38778807
885	-42.83389629
886	-42.84047766
887	-49.22844531
888	-49.22869232
889	-55.62035442
890	-55.61427994
891	-32.2737965
892	-32.2975179
893	-32.2738442
894	-46.03097459
895	-45.89584249
896	-45.89586552
897	-46.03097817
898	-51.5089259
899	-46.0312825
900	-51.4881972
901	-45.8957038
902	-51.5089219
903	-46.0312775
904	-58.8158821
905	-70.7029327
906	-58.6844784
907	-70.7157939
908	-58.8158815
909	-70.7029415
910	-26.7143721
911	-23.51993817
912	-26.07192355
913	-22.91238044
914	-31.1924985
915	-37.5870635
916	-63.1654163
917	-53.5735206
918	-21.6006471
919	-50.3752978
920	-18.4028648
921	-59.9681287
922	-27.9952123
923	-56.7708583
924	-24.7979045
925	-47.1801492
926	-43.9813774
927	-40.7843391
928	-34.3897786
929	-13.9400317
930	-33.124955
931	-23.5331724
932	-20.3357076
933	-26.7303991
934	-17.1393567
935	-10.9656
936	-16.3781223
937	-21.2325266
938	-19.3400384
939	-18.4745123
940	-24.0114347
941	-21.4317947
942	-24.039711
943	-21.2085372
944	-22.0025242
945	-18.9792951
946	-23.5789346
947	-20.6885634
948	-37.7056206
949	-38.4599845
950	-37.7056206
951	-27.9505444
952	-22.6555284
953	-24.5880458
954	-14.5324402
955	-33.3382886
956	-23.9905751
957	-20.7951321
958	-26.943674
959	-17.5900991
960	-22.5273134
961	-19.2607637
962	-24.045015
963	-21.8440654
964	-22.7273944
965	-19.7894349
966	-24.0728728
967	-25.3426136
968	-26.2280971
969	-22.8276609
970	-17.5901325
971	-29.8963605
972	-30.5839405
973	-17.5901155
974	-28.9491591
975	-33.4731108
976	-23.8538572
977	-20.6485232
978	-17.6179001
979	-21.4318561
980	-26.2812111
981	-26.2804797
982	-33.3508962
983	-23.7550004
984	-20.7163239
985	-36.5529716
986	-36.5481522
987	-33.3963079
988	-23.9435834
989	-26.9906475
990	-87.0664948
991	-35.4113477
992	-35.1109828
993	-35.8796013
994	-33.3905579
995	-27.1398687
996	-33.3811363
997	-60.7461581
998	-33.5349411
999	-20.3266062
1000	-23.5701584
1001	-20.597288
1002	-22.1947597
1003	-23.3504018
1004	-20.834184
1005	-26.1867311
1006	-19.7966587
1007	-23.2191775
1008	-26.7339923
1009	-33.8515896
1010	-40.246151
1011	-65.8233562
1012	-56.4659384
1013	-24.4933874
1014	-53.0331661
1015	-21.0622594
1016	-62.8611988
1017	-30.888485
1018	-59.4287956
1019	-27.457035
1020	-50.0729123
1021	-18.0908781
1022	-46.6407071
1023	-43.6776333
1024	-37.2830656
1025	-25.54518767
1026	-22.9927433
1027	-31.0384698
1028	-37.4330296
1029	-63.0112498
1030	-21.4462055
1031	-50.222518
1032	-18.2504454
1033	-27.8411627
1034	-56.6166755
1035	-24.6439435
1036	-15.0497294
1037	-22.2213061
1038	-20.0841175
1039	-26.4772516
1040	-16.8863241
1041	-22.2729069
1042	-23.7738945
1043	-24.867446
1044	-23.8694124
1045	-20.3106852
1046	-25.7822348
1047	-23.680349
1048	-26.9066452
1049	-22.28772871
1050	-53.41833835
1051	-59.81397692
1052	-45.80956105
1053	-43.82758994
1054	-40.63030964
1055	-34.2357493
1056	-21.32621198
1057	-53.4249919
1058	-59.82034083
1059	-47.03242365
1060	-43.83390004
1061	-40.63663158
1062	-34.24206178
1063	-25.8827528
1064	-34.095718
1065	-24.2685081
1066	-30.6630582
1067	-27.7006277
1068	-26.22468323
1069	-26.59364985
1070	-31.0486258
1071	-21.4573117
1072	-27.8513376
1073	-24.6530999
1074	-34.2459738
1075	-37.3030204
1076	-43.6976145
1077	-69.276278
1078	-59.4497566
1079	-27.4753254
1080	-56.48851
1081	-65.8465156
1082	-33.8710122
1083	-62.8810756
1084	-30.9079365
1085	-53.0549358
1086	-50.0921773
1087	-46.6594312
1088	-40.2657605
1089	-23.2829237
1090	-46.65912014
1091	-46.64958166
1092	-53.42940957
1093	-27.85133481
1094	-47.03469339
1095	-46.65910711
1096	-46.64957967
1097	-53.42941035
1098	-27.85134121
1099	-47.03469546
1100	-46.6601793
1101	-37.2984073
1102	-27.8490958
1103	-51.1385066
1104	-46.88290754
1105	-37.44138127
1106	-53.4298459
1107	-45.73940265
1108	-37.30109712
1109	-46.88290768
1110	-37.44174412
1111	-53.42984446
1112	-47.03935539
1113	-37.30110311
1114	-46.66087828
1115	-45.64745689
1116	-53.42845923
1117	-47.03388604
1118	-46.66087951
1119	-45.80602792
1120	-53.42829811
1121	-47.03406813
1122	-50.0885027
1123	-62.8781316
1124	-46.89333699
1125	-46.65024034
1126	-53.42786074
1127	-45.73567689
1128	-46.65023726
1129	-53.42786311
1130	-47.03986637
1131	-47.03405608
1132	-53.0555769
1133	-53.42906434
1134	-53.42913499
1135	-72.4665902
1136	-53.4264361
1137	-3.4875
1138	-8.95555715
1139	-15.2068973
1140	-12.0050219
1141	0
1142	-9.66634052
1143	-28.8501007
1144	-35.244657
1145	-60.8229077
1146	-51.2310581
1147	-19.258267
1148	-48.0337871
1149	-16.0609819
1150	-57.625622
1151	-25.6528225
1152	-54.42834
1153	-22.455544
1154	-44.8365094
1155	-12.8637161
1156	-6.46998389
1157	-41.6391694
1158	-38.4419352
1159	-32.0473786