Compound Id	D21
1	-3.86
2	-0.863
3	9.009
4	-8.462
5	-6.359
6	-40.527
7	-70.044
8	-56.509
9	47.956
10	58.813
11	-35.009
12	42.174
13	43.898
14	4.817
15	2.018
16	-2.663
17	0.051
18	-2.804
19	-0.06
20	8.865
21	1.093
22	-2.479
23	5.611
24	0
25	-80.506
26	41.757
27	-11.828
28	13.284
29	15.293
30	2.685
31	-0.93
32	5.616
33	22.808
34	22.807
35	-1.317
36	-6.918
37	1.753
38	1.74
39	2.706
40	3.908
41	2.048
42	5.687
43	-3.286
44	-1.397
45	-5.341
46	-3.076
47	2.973
48	0.921
49	-3.373
50	0.001
51	-8.715
52	-6.112
53	0
54	-2.285
55	-0.042
56	13.535
57	-15
58	5.118
59	0.131
60	14.257
61	-13.979
62	3.524
63	-0.027
64	-6.588
65	9.642
66	-19.432
67	-2.546
68	0.131
69	-0.694
70	14.155
71	-3.342
72	-33.966
73	-0.51
74	-6.552
75	-2.163
76	12.466
77	-0.047
78	-7.064
79	10.76
80	6.869
81	0.615
82	-5.55
83	-15.619
84	10.241
85	1.413
86	7.721
87	1.289
88	-0.723
89	-7.146
90	3.904
91	-1.935
92	-0.577
93	-6.584
94	-2.499
95	2.646
96	-9.063
97	-0.038
98	-6.516
99	10.19
100	7.656
101	-0.032
102	12.652
103	-15.993
104	-16.258
105	-0.664
106	-6.708
107	-6.532
108	-3.548
109	-0.4
110	0.982
111	-3.249
112	-1.6
113	-11.934
114	-19.135
115	-6.388
116	0.586
117	0.918
118	0.245
119	0.226
120	-6.061
121	-4.568
122	8.108
123	14.62
124	0.307
125	-0.025
126	-6.479
127	-13.098
128	-18.818
129	-1.49
130	-3.34
131	-6.465
132	-5.038
133	-0.622
134	-6.723
135	-2.92
136	-1.255
137	12.887
138	-0.79
139	-0.35
140	1.931
141	0
142	-0.83
143	-8.409
144	6.049
145	-13.887
146	-0.564
147	-2.722
148	-1.097
149	10.041
150	8.547
151	5.042
152	8.469
153	1.316
154	-6.847
155	-0.001
156	8.07
157	3.889
158	-6.467
159	-9.366
160	-1.662
161	-1.102
162	-0.971
163	7.753
164	0.955
165	-0.005
166	0
167	-5.21
168	-1.447
169	29.718
170	0
171	-6.149
172	0
173	32.159
174	0
175	-5.045
176	-11.07
177	0
178	-6.424
179	2.273
180	-3.234
181	-0.001
182	-5.119
183	0
184	6.619
185	-14.375
186	1.593
187	0.006
188	13.975
189	-17.293
190	-0.001
191	0
192	0.001
193	-127.136
194	0
195	4.038
196	-31.125
197	-1.143
198	-6.684
199	-4.974
200	-11.614
201	-2.255
202	-0.964
203	1.219
204	-2.002
205	2.174
206	-2.65
207	-22.392
208	-0.001
209	12.887
210	0.946
211	5.589
212	12.888
213	-0.944
214	5.585
215	0.112
216	3.721
217	-0.073
218	-20.221
219	6.812
220	-6.817
221	-30.807
222	0.988
223	0
224	-7.231
225	-51.145
226	15.852
227	-20.499
228	0.11
229	0
230	0
231	-10.417
232	-0.126
233	0
234	15.354
235	0.246
236	0
237	12.379
238	13.307
239	0
240	1.902
241	-1.941
242	-0.722
243	0
244	8.969
245	10.748
246	0
247	-0.004
248	0
249	8.456
250	13.383
251	0.003
252	14.396
253	-0.001
254	-0.544
255	-8.728
256	11.218
257	-9.766
258	0
259	5.949
260	-0.788
261	-9.601
262	-0.784
263	8.419
264	-0.788
265	-3.079
266	-4.662
267	12.051
268	0
269	0
270	10.026
271	-1.198
272	8.471
273	1.462
274	1.478
275	-16.098
276	0.845
277	5.053
278	-34.995
279	-13.045
280	23.879
281	-1.135
282	-20.809
283	-7.005
284	-37.176
285	-17.194
286	-11.451
287	0
288	-1.755
289	-28.964
290	1.78
291	1.822
292	-31.937
293	-1.289
294	-44.393
295	20.348
296	3.555
297	75.607
298	-11.239
299	0
300	-68.428
301	30.537
302	-76.178
303	27.163
304	104.502
305	76.415
306	67.374
307	92.749
308	87.654
309	78.532
310	-32.271
311	-47.175
312	-19.82
313	-55.744
314	32.68
315	1.781
316	-0.002
317	-9.731
318	11.108
319	43.042
320	2.247
321	-3.15
322	-0.596
323	1.512
324	0.299
325	-11.773
326	4.615
327	10.769
328	-2.185
329	2.186
330	5.657
331	3.606
332	22.241
333	-2.275
334	-11.653
335	10.465
336	-16.825
337	-1.383
338	32.877
339	-14.773
340	-54.197
341	2.644
342	-0.078
343	-14.44
344	-126.517
345	20.142
346	-35.541
347	105.569
348	-26.858
349	0.08
350	-24.511
351	-331.582
352	-305.474
353	265.129
354	-45.45
355	-60.95
356	362.777
357	248.586
358	169.866
359	34.305
360	-13.661
361	42.076
362	-13.324
363	-38.896
364	-93.679
365	-123.475
366	-36.263
367	-3.546
368	-10.706
369	-11.571
370	-12.384
371	-14.474
372	-12.31
373	1.606
374	-39.698
375	9.306
376	-25.595
377	1.575
378	-12.105
379	-40.573
380	-40.466
381	-13.067
382	-7.798
383	-11.438
384	-12.912
385	-17.387
386	-0.636
387	-5.242
388	-14.841
389	-214.445
390	-9.551
391	-42.28
392	-29.459
393	-13.963
394	-14.633
395	8.317
396	-68.263
397	0
398	-23.253
399	-287.341
400	-1.124
401	5.165
402	-466.525
403	-85.575
404	1.401
405	-7.515
406	-12.915
407	-4.784
408	0.944
409	-10.305
410	27.098
411	13.143
412	-0.853
413	-12.433
414	-46.526
415	-36.314
416	-26.391
417	-32.853
418	-11.199
419	-38.434
420	-20.835
421	10.55
422	-58.337
423	-57.257
424	-49.16
425	-23.478
426	-34.958
427	-0.084
428	-30.367
429	12.901
430	11.985
431	12.643
432	14.352
433	-15.443
434	-24.137
435	-26.361
436	-27.025
437	13.218
438	11.747
439	26.611
440	-4.945
441	-4.489
442	-27.213
443	13.931
444	11.57
445	-25.803
446	-38.163
447	-10.408
448	13.241
449	-27.15
450	-22.262
451	-27.234
452	-18.912
453	0
454	-26.981
455	-15.704
456	-3.722
457	-10.906
458	-4.332
459	-145.293
460	-11.988
461	-14.775
462	-13.795
463	-18.255
464	0.934
465	-16.936
466	-123.475
467	-44.757
468	-37.83
469	-6.194
470	-8.762
471	-9.086
472	-17.492
473	-12.31
474	1.5
475	-12.418
476	-41.661
477	-22.258
478	-9.17
479	8.187
480	-10.639
481	11.24
482	-12.052
483	-8.15
484	-12.861
485	-5.087
486	15.35
487	-11.306
488	-104.41
489	18.09
490	-7.883
491	-19.26
492	-30.973
493	25.593
494	-104.76
495	-43.74
496	-85.99
497	14.479
498	-11
499	-11.849
500	-16.433
501	-9.426
502	-18.168
503	-24.383
504	18.834
505	-2.555
506	22.104
507	-61.072
508	51.597
509	-42.474
510	9.272
511	-101.277
512	19.484
513	15.628
514	-39.786
515	-33.468
516	26.042
517	-36.433
518	-58.696
519	-83.212
520	11.454
521	23.042
522	-27.762
523	21.355
524	-13.301
525	14.239
526	15.146
527	15.884
528	-14.084
529	18.695
530	18.224
531	15.401
532	-16.397
533	14.96
534	12.924
535	0.283
536	18.511
537	16.303
538	15.658
539	13.42
540	11.374
541	17.017
542	-20.695
543	13.686
544	15.603
545	17.994
546	17.228
547	-12.418
548	-16.605
549	0.624
550	-46.943
551	-17.722
552	-15.246
553	-2.755
554	3.521
555	-10.271
556	-159.811
557	-0.002
558	-14.197
559	-11.09
560	-19.582
561	0.107
562	-6.204
563	-17.32
564	-34.805
565	-37.993
566	-57.305
567	-139.482
568	-30.311
569	8.6
570	9.778
571	-11.931
572	-16.199
573	-10.831
574	-0.797
575	-41.888
576	-11.484
577	-43.207
578	-10.555
579	-43.677
580	-43.199
581	-25.028
582	-57.988
583	-55.9
584	-108.974
585	34.165
586	4.002
587	4.462
588	7.417
589	5.967
590	-30.02
591	6.72
592	-38.834
593	5.197
594	-30.03
595	-30.124
596	-89.793
597	2.002
598	-20.875
599	-6.881
600	-29.534
601	-27.246
602	20.986
603	-12.863
604	-7.124
605	-11.917
606	-1.341
607	-3.142
608	-28.487
609	-14.883
610	-3.408
611	-35.945
612	-9.127
613	5.584
614	6.882
615	3.89
616	1.275
617	7.923
618	0.54
619	-0.878
620	-0.917
621	0.663
622	-0.349
623	0
624	0
625	1.783
626	-5.983
627	-0.233
628	-1.163
629	10.348
630	0
631	-0.001
632	1.311
633	6.702
634	-0.77
635	7.643
636	-5.353
637	2.279
638	-2.146
639	0.311
640	-1.265
641	0
642	-10.444
643	4.26
644	-4.258
645	1.085
646	-0.198
647	-11.675
648	12.8
649	11.391
650	-7.656
651	14.64
652	2.315
653	1.156
654	13.184
655	-28.443
656	-0.936
657	-0.002
658	-0.476
659	-0.447
660	-3.547
661	0.098
662	-0.887
663	2.172
664	0
665	0
666	0
667	-6.114
668	0.002
669	0
670	0
671	0
672	-3.02
673	0
674	0
675	2.644
676	0
677	0
678	-1.08
679	1.346
680	-1.259
681	-1.751
682	0.626
683	-0.358
684	-0.463
685	-1.633
686	-0.46
687	-1.541
688	-0.674
689	0
690	0.329
691	-0.001
692	-2.239
693	-0.142
694	0
695	-1.785
696	-0.746
697	-1.652
698	-0.89
699	-1.935
700	-1.452
701	-0.169
702	-0.975
703	-1.329
704	0.053
705	-0.038
706	-2.766
707	-6.177
708	-3.313
709	1.474
710	0
711	1.885
712	-1.375
713	0
714	2.07
715	0
716	0
717	-1.248
718	-1.022
719	-79.933
720	38.108
721	-79.879
722	14.74
723	-17.216
724	14.714
725	0
726	-0.825
727	-0.504
728	-6.748
729	4.706
730	-0.001
731	-0.76
732	-0.861
733	0.442
734	5.456
735	0
736	2.083
737	-0.533
738	-0.212
739	-1.798
740	2.081
741	0.041
742	-6.852
743	-9.33
744	4.487
745	-5.567
746	-8.89
747	-22.73
748	0.558
749	-7.154
750	-24.262
751	12.203
752	-1.543
753	-5.863
754	-33.37
755	3.725
756	17.235
757	-33.237
758	11.291
759	-33.247
760	-36.66
761	-0.115
762	21.051
763	-0.116
764	4.277
765	-34.969
766	-22.941
767	1.193
768	1.966
769	-0.128
770	-0.345
771	-1.788
772	-1.314
773	1.763
774	-0.521
775	-1.075
776	-1.579
777	-0.108
778	-0.648
779	-1.257
780	-0.47
781	-1.588
782	0
783	0
784	1.538
785	8.862
786	2.511
787	2.727
788	-1.305
789	1.513
790	-3.879
791	0
792	-4.722
793	17.407
794	-1.031
795	10.116
796	0
797	0.005
798	-2.474
799	-11.897
800	-5.539
801	2.86
802	-1.433
803	-2.977
804	-0.809
805	-0.581
806	3.81
807	-3.027
808	-2.733
809	-1.41
810	1.678
811	-2.507
812	64.564
813	-2.375
814	63.66
815	-49.235
816	-1.133
817	0
818	0
819	-2.565
820	27.074
821	-3.07
822	3.08
823	2.69
824	3.276
825	0
826	1.108
827	1.197
828	5.349
829	0.087
830	2.207
831	0.035
832	3.542
833	1.303
834	1.652
835	-4.029
836	2.766
837	-0.044
838	3.673
839	-0.114
840	0.046
841	0.07
842	3.356
843	-2.139
844	-1.949
845	-3.116
846	0
847	-5.237
848	-26.436
849	20.046
850	-3.31
851	-10.185
852	1.921
853	0.799
854	-17.023
855	2.914
856	5.595
857	3.546
858	-4.848
859	0.366
860	-1.874
861	-8.142
862	-12.97
863	-16.237
864	10.262
865	12.633
866	-0.588
867	-23.807
868	16.358
869	-26.669
870	19.335
871	10.224
872	-19.79
873	-10.183
874	-3.309
875	2.569
876	-5.558
877	-2.481
878	7.393
879	-7.193
880	-1.921
881	-4.06
882	4.842
883	8.355
884	10.02
885	-12.618
886	2.385
887	14.743
888	15.163
889	13.391
890	18.647
891	11.119
892	3.368
893	11.119
894	-1.73
895	-18.659
896	-18.665
897	-1.736
898	-13.754
899	-0.729
900	-14.782
901	-8.499
902	-13.772
903	-0.733
904	-2.298
905	19.551
906	11.034
907	8.903
908	-2.288
909	19.55
910	-6.401
911	4.613
912	-6.383
913	2.575
914	2.2
915	-2.068
916	1.633
917	1.984
918	-1.921
919	1.797
920	-2.518
921	1.96
922	-1.992
923	-1.731
924	2.34
925	2.039
926	1.934
927	-2.025
928	-2.021
929	0.833
930	1.238
931	0.749
932	1.222
933	1.253
934	0.869
935	0.675
936	0
937	3.965
938	-2.832
939	0
940	1.61
941	-0.92
942	-5.913
943	0.78
944	-2.984
945	-2.764
946	-2.084
947	0
948	-5.06
949	-15.19
950	-5.06
951	5.495
952	0.31
953	0
954	0
955	3.282
956	-1.23
957	0.819
958	4.146
959	-1.731
960	0.847
961	-0.002
962	-1.327
963	-2.104
964	2.033
965	2.121
966	-2.99
967	0.001
968	0.649
969	-3.402
970	1.727
971	0.049
972	-9.442
973	1.731
974	0.521
975	11.224
976	-6.742
977	2.324
978	-0.321
979	-3.552
980	-5.64
981	-8.301
982	8.866
983	3.883
984	0
985	10.855
986	-11.33
987	-4.78
988	-0.364
989	3.648
990	25.918
991	0.295
992	-5.596
993	-3.124
994	-0.046
995	0.001
996	3.696
997	-23.37
998	-0.002
999	-1.057
1000	-1.417
1001	0.314
1002	-6.74
1003	-0.274
1004	-2.662
1005	-5.291
1006	-3.772
1007	-7.673
1008	-5.877
1009	0.001
1010	0
1011	0
1012	3.071
1013	-4.095
1014	0.001
1015	0
1016	2.843
1017	-3.755
1018	-0.003
1019	0
1020	3.061
1021	-2.073
1022	0
1023	-3.249
1024	-3.478
1025	9.178
1026	-7.699
1027	1.11
1028	0.759
1029	0.228
1030	3.441
1031	0.532
1032	2.992
1033	2.313
1034	0.281
1035	1.724
1036	4.202
1037	5.32
1038	-0.253
1039	1.114
1040	-1.684
1041	-1.575
1042	-1.555
1043	2.307
1044	6.302
1045	2.827
1046	7.394
1047	1.98
1048	8.113
1049	-2.74
1050	0.746
1051	0.666
1052	-7.915
1053	0.549
1054	1.306
1055	1.702
1056	3.182
1057	-0.332
1058	-0.087
1059	2.972
1060	-0.704
1061	-0.738
1062	-1.145
1063	0.835
1064	4.842
1065	-9.031
1066	-13.643
1067	9.004
1068	-5.964
1069	-1.321
1070	0.018
1071	6.633
1072	3.261
1073	9.243
1074	0.046
1075	9.709
1076	9.428
1077	9.626
1078	19.98
1079	-20.498
1080	10
1081	0.005
1082	0.014
1083	-9.364
1084	12.365
1085	0
1086	-9.455
1087	18.712
1088	0.008
1089	2.105
1090	-26.464
1091	-18.161
1092	-5.066
1093	3.262
1094	-3.755
1095	-26.465
1096	-18.161
1097	-5.065
1098	3.262
1099	-3.756
1100	-33.434
1101	-4.028
1102	8.445
1103	12.817
1104	-2.514
1105	4.786
1106	-1.609
1107	-20.05
1108	-19.763
1109	-2.522
1110	-8.953
1111	-1.615
1112	-6.33
1113	-19.757
1114	-38.057
1115	-3.582
1116	-9.337
1117	-11.85
1118	-38.058
1119	14.393
1120	-0.096
1121	3.905
1122	43.762
1123	-17.441
1124	32.918
1125	13.319
1126	-10.86
1127	-15.414
1128	13.325
1129	-10.858
1130	-8.558
1131	15.297
1132	9.288
1133	-17.526
1134	13.181
1135	118.513
1136	16.79
1137	0
1138	-1.177
1139	-1.786
1140	-3.074
1141	0.66
1142	0
1143	0
1144	0.001
1145	-0.001
1146	-0.882
1147	0.799
1148	0.001
1149	0
1150	-0.893
1151	-0.824
1152	0.001
1153	0
1154	0.873
1155	-0.752
1156	-0.648
1157	0
1158	-0.853
1159	-0.841