Compound Id	D52
1	6
2	12
3	7
4	6
5	19
6	19
7	17
8	19
9	11
10	13
11	7
12	9
13	10
14	6
15	6
16	9
17	8
18	11
19	10
20	7
21	7
22	8
23	5
24	5
25	9
26	9
27	7
28	9
29	10
30	8
31	9
32	9
33	9
34	9
35	6
36	6
37	12
38	9
39	8
40	11
41	10
42	7
43	7
44	7
45	7
46	9
47	11
48	5
49	5
50	6
51	6
52	6
53	6
54	6
55	11
56	11
57	11
58	11
59	13
60	13
61	13
62	13
63	21
64	21
65	21
66	21
67	4
68	3
69	18
70	18
71	18
72	18
73	8
74	8
75	8
76	8
77	17
78	17
79	17
80	17
81	7
82	7
83	7
84	9
85	8
86	8
87	2
88	20
89	20
90	20
91	20
92	10
93	10
94	10
95	10
96	9
97	19
98	19
99	19
100	19
101	9
102	9
103	9
104	9
105	16
106	16
107	16
108	16
109	6
110	6
111	6
112	7
113	7
114	7
115	7
116	7
117	7
118	4
119	4
120	4
121	5
122	5
123	6
124	5
125	15
126	15
127	15
128	15
129	14
130	14
131	14
132	14
133	12
134	12
135	12
136	12
137	12.071428
138	7.111111
139	7.111111
140	9.090909
141	9.090909
142	15.058824
143	15.058824
144	15.39
145	15.39
146	15.39
147	15.39
148	10.515555
149	8.1
150	7.111111
151	8.1
152	8.1
153	7.111111
154	9.551021
155	7.111111
156	10.173011
157	8.591716
158	8.591716
159	7.111111
160	8.1
161	7.111111
162	8.1
163	12.071428
164	7.111111
165	12.071428
166	10.083333
167	7.638889
168	7.638889
169	10.515555
170	8.1
171	9.090909
172	6.125
173	13.005
174	10.515555
175	7.111111
176	8.1
177	8.1
178	10.083333
179	23.040001
180	7.111111
181	8.1
182	10.083333
183	12.071428
184	8.1
185	13.005
186	6.125
187	10.083333
188	13.066667
189	7.111111
190	8.1
191	10.083333
192	6.125
193	22.29081
194	13.005
195	8.1
196	17.355371
197	13.432098
198	22.041666
199	20.045454
200	20.045454
201	10.515555
202	14.409972
203	9.090909
204	8.591716
205	9.551021
206	10.515555
207	11.484375
208	8.591716
209	12.071428
210	18.049999
211	15.058824
212	12.071428
213	18.049999
214	15.058824
215	17.355371
216	8.1
217	8.1
218	14.409972
219	16.055555
220	16.055555
221	22.041666
222	8.591716
223	16.371881
224	7.638889
225	24.038462
226	24.038462
227	17.052631
228	7.111111
229	4.166667
230	8.591716
231	10.515555
232	8.591716
233	9.551021
234	24.038462
235	6.125
236	6.125
237	21.043478
238	20.045454
239	5.76
240	8.1
241	9.090909
242	7.111111
243	8.1
244	14.0625
245	16.055555
246	11.076923
247	10.083333
248	7.111111
249	15.058824
250	23.040001
251	13.066667
252	22.041666
253	12.071428
254	14.409972
255	14.0625
256	19.047619
257	9.090909
258	9.090909
259	9.551021
260	8.1
261	10.515555
262	8.1
263	10.515555
264	8.1
265	8.1
266	10.515555
267	18.049999
268	6.694215
269	5.142857
270	17.052631
271	7.111111
272	7.111111
273	7.111111
274	8.1
275	20.727041
276	8.1
277	8.1
278	7.111111
279	5.142857
280	6.125
281	7.111111
282	8.1
283	8.1
284	14.0625
285	7.111111
286	6.125
287	8.1
288	10.083333
289	13.432098
290	7.111111
291	6.125
292	10.083333
293	9.090909
294	6.125
295	6.125
296	6.125
297	12.456747
298	9.090909
299	8.1
300	11.076923
301	18.049999
302	30.03125
303	22.041666
304	28.033333
305	14.0625
306	18.049999
307	30.03125
308	12.071428
309	12.071428
310	26.035715
311	9.090909
312	8.1
313	10.083333
314	14.0625
315	5.142857
316	6.125
317	7.111111
318	7.111111
319	9.090909
320	6.125
321	6.125
322	8.1
323	9.090909
324	7.111111
325	5.142857
326	6.125
327	6.125
328	6.125
329	5.142857
330	8.1
331	7.111111
332	12.071428
333	6.125
334	3.2
335	4.166667
336	6.125
337	6.125
338	20
339	20
340	20
341	9
342	7
343	9
344	28
345	12
346	26
347	28
348	13
349	8
350	10
351	63
352	63
353	63
354	21
355	45
356	57
357	63
358	51
359	9
360	7
361	11
362	24
363	24
364	22
365	24
366	10
367	10
368	16
369	18
370	26
371	8
372	22
373	7
374	15
375	14
376	9
377	9
378	20
379	19
380	17
381	12
382	22
383	24
384	14
385	28
386	13
387	17
388	26
389	26
390	14
391	16
392	22
393	12
394	12
395	8
396	14
397	10
398	11
399	22
400	10
401	9
402	26
403	32
404	18
405	26
406	16
407	19
408	17
409	28
410	9
411	6
412	5
413	7
414	10
415	14
416	8
417	14
418	10
419	12
420	12
421	22
422	22
423	20
424	22
425	8
426	8
427	10
428	8
429	8
430	14
431	16
432	24
433	6
434	11
435	21
436	11
437	20
438	10
439	8
440	9
441	5
442	13
443	22
444	12
445	9
446	7
447	7
448	18
449	17
450	15
451	15
452	10
453	12
454	15
455	11
456	30
457	20
458	23
459	26
460	18
461	20
462	10
463	24
464	9
465	22
466	24
467	10
468	10
469	10
470	16
471	18
472	8
473	22
474	7
475	24
476	9
477	9
478	20
479	11
480	17
481	19
482	9
483	13
484	12
485	8
486	10
487	21
488	23
489	15
490	7
491	21
492	23
493	21
494	23
495	21
496	25
497	9
498	12
499	11
500	8
501	8
502	9
503	12
504	8
505	12
506	25
507	23
508	21
509	21
510	21
511	21
512	21
513	21
514	21
515	21
516	21
517	21
518	19
519	21
520	14
521	7
522	7
523	7
524	7
525	13
526	15
527	23
528	5
529	24
530	20
531	10
532	9
533	19
534	9
535	4
536	22
537	12
538	21
539	11
540	8
541	18
542	6
543	6
544	17
545	16
546	14
547	24
548	7
549	6
550	8
551	9
552	13
553	12
554	20
555	22
556	28
557	14
558	22
559	12
560	26
561	11
562	15
563	24
564	25
565	25
566	23
567	25
568	11
569	17
570	19
571	27
572	9
573	23
574	8
575	16
576	25
577	10
578	21
579	20
580	18
581	23
582	23
583	21
584	23
585	9
586	15
587	17
588	25
589	21
590	14
591	23
592	8
593	19
594	18
595	16
596	24
597	8
598	22
599	7
600	24
601	10
602	10
603	8
604	7
605	18
606	17
607	21
608	17
609	15
610	14
611	16
612	17.052631
613	12.071428
614	14.0625
615	10.083333
616	8.1
617	16.055555
618	8.1
619	8.1
620	8.1
621	7.111111
622	8.1
623	6.125
624	5.142857
625	23.040001
626	12.071428
627	14.0625
628	7.408163
629	7.111111
630	9.9723
631	9.242188
632	16.371881
633	12.456747
634	12.456747
635	20.045454
636	17.355371
637	14.0625
638	14.0625
639	8.1
640	7.638889
641	3.9375
642	8.591716
643	18.049999
644	18.049999
645	8.1
646	6.694215
647	10.083333
648	16.371881
649	10.083333
650	16.371881
651	14.409972
652	6.694215
653	5.76
654	24.038462
655	24.038462
656	6.694215
657	8.591716
658	8.1
659	7.111111
660	10.515555
661	6.125
662	5.142857
663	6.125
664	6.125
665	6.694215
666	8.1
667	10.083333
668	5.142857
669	4.166667
670	4.166667
671	4.166667
672	7.111111
673	6.125
674	6.125
675	6.125
676	3.2
677	3.2
678	14.0625
679	5.625
680	16.055555
681	24.038462
682	5.76
683	6.125
684	5.142857
685	21.043478
686	11.076923
687	20.045454
688	10.083333
689	7.111111
690	6.125
691	5.142857
692	4.166667
693	4.166667
694	4.166667
695	23.040001
696	13.066667
697	22.041666
698	12.071428
699	14.409972
700	19.047619
701	9.090909
702	7.111111
703	6.125
704	7.111111
705	6.125
706	9.551021
707	10.515555
708	10.515555
709	8.1
710	8.1
711	10.515555
712	18.049999
713	6.125
714	6.125
715	6.125
716	6.694215
717	17.052631
718	15.058824
719	24
720	24
721	24
722	24
723	24
724	24
725	6
726	6
727	5
728	7
729	6
730	6
731	7
732	8
733	6
734	6
735	6
736	4
737	7
738	6
739	8
740	5
741	6
742	6
743	8
744	7
745	6
746	8
747	16
748	6
749	8
750	16
751	16
752	6
753	8
754	16
755	16
756	16
757	18
758	18
759	18
760	18
761	18
762	18
763	18
764	18
765	18
766	18
767	5.142857
768	4.166667
769	6.125
770	6
771	7
772	5
773	5
774	8
775	8
776	7
777	6
778	6
779	4
780	16
781	6
782	6
783	6
784	8
785	7
786	7
787	8
788	8
789	8
790	8
791	8
792	9
793	8
794	7
795	7
796	5
797	5
798	5.142857
799	7
800	6
801	6
802	18
803	6
804	6.125
805	5.142857
806	8
807	7
808	6
809	6
810	7
811	7
812	21
813	9
814	17
815	17
816	4
817	4
818	5.142857
819	4.166667
820	6.125
821	3.2
822	10
823	10
824	12
825	6.125
826	7
827	7
828	7
829	17
830	6
831	6
832	16
833	5
834	9
835	9
836	8
837	8
838	18
839	5
840	15
841	3
842	14
843	13
844	11
845	24
846	24
847	24
848	21
849	21
850	16
851	16
852	17
853	17
854	13
855	15
856	11
857	11
858	17
859	17
860	15
861	15
862	11
863	13
864	13
865	15
866	15
867	17
868	17
869	19
870	19
871	21
872	21
873	16
874	16
875	17
876	17
877	15
878	11
879	17
880	17
881	15
882	11
883	13
884	13
885	15
886	15
887	17
888	17
889	19
890	19
891	12
892	12
893	12
894	16
895	16
896	16
897	16
898	18
899	16
900	18
901	16
902	18
903	16
904	20
905	24
906	20
907	24
908	20
909	24
910	10
911	9
912	10
913	9
914	11
915	13
916	21
917	18
918	8
919	17
920	7
921	20
922	10
923	19
924	9
925	16
926	15
927	14
928	12
929	6
930	12
931	9
932	8
933	10
934	7
935	5
936	7
937	9
938	8
939	8
940	10
941	9
942	10
943	9
944	9
945	8
946	10
947	9
948	16
949	16
950	16
951	12
952	9
953	10
954	6
955	12
956	9
957	8
958	10
959	7
960	9
961	8
962	10
963	9
964	9
965	8
966	10
967	10
968	10
969	9
970	7
971	12
972	12
973	7
974	12
975	12
976	9
977	8
978	7
979	9
980	10
981	10
982	12
983	9
984	8
985	13
986	13
987	12
988	9
989	10
990	30
991	14
992	14
993	14
994	12
995	10
996	12
997	22
998	12
999	8
1000	10
1001	9
1002	9
1003	10
1004	9
1005	10
1006	8
1007	9
1008	10
1009	12
1010	14
1011	22
1012	19
1013	9
1014	18
1015	8
1016	21
1017	11
1018	20
1019	10
1020	17
1021	7
1022	16
1023	15
1024	13
1025	10
1026	9
1027	11
1028	13
1029	21
1030	8
1031	17
1032	7
1033	10
1034	19
1035	9
1036	6
1037	9
1038	8
1039	10
1040	7
1041	9
1042	10
1043	10
1044	9
1045	8
1046	10
1047	9
1048	10
1049	9
1050	18
1051	20
1052	16
1053	15
1054	14
1055	12
1056	9
1057	18
1058	20
1059	16
1060	15
1061	14
1062	12
1063	10
1064	12
1065	9
1066	11
1067	10
1068	10
1069	10
1070	11
1071	8
1072	10
1073	9
1074	12
1075	13
1076	15
1077	23
1078	20
1079	10
1080	19
1081	22
1082	12
1083	21
1084	11
1085	18
1086	17
1087	16
1088	14
1089	9
1090	16
1091	16
1092	18
1093	10
1094	16
1095	16
1096	16
1097	18
1098	10
1099	16
1100	16
1101	13
1102	10
1103	18
1104	16
1105	13
1106	18
1107	16
1108	13
1109	16
1110	13
1111	18
1112	16
1113	13
1114	16
1115	16
1116	18
1117	16
1118	16
1119	16
1120	18
1121	16
1122	17
1123	21
1124	16
1125	16
1126	18
1127	16
1128	16
1129	18
1130	16
1131	16
1132	18
1133	18
1134	18
1135	24
1136	18
1137	2
1138	4
1139	6
1140	5
1141	0
1142	4
1143	10
1144	12
1145	20
1146	17
1147	7
1148	16
1149	6
1150	19
1151	9
1152	18
1153	8
1154	15
1155	5
1156	3
1157	14
1158	13
1159	11