Compound Id	D73
1	1.584963
2	2.251629
3	2.521641
4	1.584963
5	2.404793
6	2.247927
7	1.938679
8	1.824046
9	2.299896
10	2.411602
11	1.448816
12	2.419382
13	2.646439
14	1.918296
15	1.792481
16	2.419382
17	2.405639
18	2.299896
19	2.370951
20	2.521641
21	2.128085
22	2.155639
23	1.921928
24	0.721928
25	1.392147
26	1.392147
27	1.950212
28	2.725481
29	2.64644
30	0.811278
31	2.281036
32	2.641604
33	2.419382
34	2.419382
35	2.251629
36	0.918296
37	2.584962
38	2.725481
39	2.5
40	2.663533
41	2.721928
42	2.521641
43	1.950212
44	2.128085
45	1.378783
46	2.281036
47	2.222192
48	1.521928
49	1.921928
50	2.251629
51	1.918296
52	2.251629
53	1.584963
54	0.918296
55	1.309297
56	2.222192
57	2.550341
58	2.481715
59	1.198184
60	2.034941
61	2.353534
62	2.345852
63	0.892943
64	1.506443
65	1.758843
66	1.815855
67	1
68	0.918296
69	0.986427
70	1.668839
71	1.944717
72	1.991076
73	1.5
74	2.5
75	2.75
76	2.25
77	1.022421
78	1.73136
79	2.01574
80	2.056326
81	1.556657
82	2.521641
83	2.521641
84	2.725481
85	1.5
86	1.5
87	0
88	0.921928
89	1.55678
90	1.816642
91	1.870951
92	1.370951
93	2.321928
94	2.646439
95	2.521928
96	2.947703
97	0.953014
98	1.610785
99	1.878477
100	1.929309
101	1.435521
102	2.419382
103	2.725481
104	2.503258
105	1.061278
106	1.798795
107	2.091917
108	2.125
109	1.584963
110	2.251629
111	1.918296
112	2.521641
113	2.521641
114	2.521641
115	2.521641
116	1.556657
117	1.378783
118	2
119	1
120	0.811278
121	1.921928
122	1.921928
123	1.918296
124	1.521928
125	1.103307
126	1.871602
127	2.173557
128	2.196792
129	1.148835
130	1.950212
131	2.26082
132	2.270942
133	1.251629
134	2.125815
135	2.450826
136	2.418296
137	2.985228
138	2.419382
139	2.419382
140	2.845351
141	2.413088
142	3.007196
143	3.007196
144	3.68188
145	3.68188
146	3.68188
147	3.68188
148	3.128085
149	2.721928
150	2.725481
151	2.921928
152	2.921928
153	2.947703
154	3.392747
155	2.281036
156	2.606239
157	2.792481
158	3.251629
159	2.725481
160	2.921928
161	2.947703
162	3.121928
163	3.093069
164	2.281036
165	2.664497
166	2.751629
167	2.594906
168	3.095795
169	1.985228
170	2.321928
171	3.095795
172	2
173	1.752715
174	1.842371
175	2.19716
176	1.921928
177	2.121928
178	2.459148
179	2.259237
180	2.19716
181	1.521928
182	2.418296
183	2.645593
184	2.521928
185	1.772077
186	2.25
187	2
188	1.921928
189	1.584963
190	1.921928
191	1.918296
192	1.5
193	2.932202
194	1.530493
195	2.921928
196	3.32734
197	3.454822
198	2.427694
199	2.551515
200	3.2433
201	3.235926
202	3.038562
203	2.663533
204	2.918296
205	3.026987
206	2.842371
207	2.072906
208	2.584963
209	2.985228
210	2.557718
211	2.777777
212	2.985228
213	2.557718
214	2.777777
215	3.427334
216	2.721928
217	2.321928
218	3.350209
219	2.81634
220	2.81634
221	2.709148
222	2.918296
223	3.484184
224	2.913977
225	2.359648
226	2.359648
227	2.760314
228	2.419382
229	0
230	1.459148
231	3.235926
232	2.459148
233	1.738149
234	1.768064
235	2.155639
236	2.155639
237	1.912351
238	1.965768
239	2.281036
240	2.446439
241	2.663533
242	2.19716
243	2.646439
244	2.349602
245	2.209691
246	2.565449
247	2.625815
248	2.419382
249	2.278352
250	1.813661
251	2.42258
252	1.861702
253	2.495603
254	2.974937
255	3.024397
256	2.022106
257	1.789929
258	2.663533
259	3.238901
260	2.646439
261	3.521641
262	2.646439
263	3.521641
264	2.646439
265	2.17095
266	3.182006
267	2.081496
268	2.321928
269	1.842371
270	2.144024
271	2.19716
272	2.725481
273	2.947703
274	1.921928
275	2.815073
276	2.646439
277	2.446439
278	2.725481
279	2.235926
280	2
281	2.419382
282	2.646439
283	2.17095
284	2.125
285	2.947703
286	2.25
287	2.646439
288	2.522055
289	1.969816
290	2.281036
291	1.5
292	2.284159
293	2.004886
294	2
295	2.25
296	1.5
297	2.405639
298	2.663533
299	2.646439
300	3.026987
301	3.121928
302	2.5
303	2.918296
304	2.596792
305	3
306	3.121928
307	2.905639
308	2.950212
309	2.807355
310	3.52164
311	2.845351
312	2.646439
313	3.022055
314	2.780639
315	1.842371
316	2.155639
317	2.19716
318	2.19716
319	2.550341
320	1.905639
321	2.5
322	1.921928
323	2.732159
324	2.281036
325	2.807355
326	2
327	2.25
328	1.5
329	1.842371
330	2.646439
331	2.419382
332	2.521641
333	1.75
334	1.921928
335	1.918296
336	2
337	2.25
338	2.865957
339	2.839354
340	2.460964
341	2.725481
342	1.950212
343	2.641604
344	2.778475
345	3.251629
346	2.43657
347	2.330275
348	3.392747
349	2.405639
350	2.64644
351	2.939016
352	2.88772
353	2.527348
354	2.838547
355	2.321447
356	1.995232
357	1.864478
358	2.146231
359	2.947703
360	2.807355
361	2.732159
362	2.86991
363	2.729574
364	2.494919
365	2.375814
366	2.921928
367	2.521928
368	2.125
369	1.991076
370	1.582799
371	2.75
372	1.763842
373	2.521641
374	2.196792
375	2.270942
376	2.947703
377	2.725481
378	1.870951
379	1.929309
380	2.056326
381	2.292481
382	1.763842
383	1.668296
384	2.093069
385	1.505978
386	1.854286
387	2.056326
388	1.582799
389	3.085055
390	2.807355
391	2.75
392	2.222192
393	2.584963
394	2.251629
395	2.25
396	2.521641
397	2.321928
398	2.550341
399	2.222192
400	2.321928
401	2.281036
402	2.034941
403	1.986295
404	1.991076
405	1.582799
406	1.923795
407	1.929309
408	2.01574
409	1.505978
410	2.641604
411	2.584963
412	1.521928
413	2.807355
414	3.121928
415	3.235926
416	3
417	2.950212
418	2.921928
419	3.084962
420	2.751629
421	2.954003
422	2.838909
423	2.621928
424	2.494919
425	2.75
426	2.75
427	2.64644
428	2.75
429	2.25
430	2.270942
431	2.125
432	1.668296
433	2.584963
434	3.095795
435	1.815855
436	2.481715
437	1.870951
438	2.521928
439	2.75
440	2.947703
441	2.321928
442	2.345852
443	1.763842
444	2.418296
445	2.503258
446	2.807355
447	2.521641
448	1.991076
449	2.056326
450	2.739572
451	2.196792
452	2.321928
453	2.584963
454	2.689246
455	2.40401
456	1.436641
457	1.65678
458	1.71472
459	2.26571
460	1.991076
461	1.870951
462	2.521928
463	1.668296
464	2.281036
465	1.763842
466	2.375814
467	2.521928
468	2.921928
469	2.921928
470	2.780639
471	2.614369
472	2.75
473	1.763842
474	2.235926
475	1.668296
476	2.947703
477	2.947703
478	2.460964
479	3.095795
480	2.696199
481	2.535858
482	2.947703
483	3.026987
484	2.751629
485	2.5
486	3.121928
487	2.389758
488	2.818376
489	2.739573
490	2.521641
491	2.248529
492	2.119085
493	2.524733
494	2.392277
495	2.524733
496	2.271738
497	2.947703
498	3.022055
499	3.095795
500	3
501	3
502	2.725481
503	3.084962
504	3
505	3.084962
506	2.657321
507	2.644463
508	2.98709
509	2.98709
510	2.98709
511	2.98709
512	2.98709
513	2.98709
514	2.98709
515	2.98709
516	2.91044
517	2.885104
518	2.66898
519	2.524733
520	2.699513
521	2.521641
522	2.521641
523	2.807355
524	2.521641
525	2.353534
526	2.173557
527	1.653997
528	2.321928
529	1.606343
530	1.816642
531	2.646439
532	3.169925
533	1.878477
534	2.725481
535	2
536	1.704733
537	2.450826
538	1.758843
539	2.550341
540	3
541	1.944717
542	2.584963
543	1.918296
544	2.01574
545	2.091917
546	2.26082
547	1.668296
548	2.807355
549	2.584963
550	2.75
551	2.058814
552	2.188787
553	1.947339
554	1.65678
555	1.550341
556	2.164498
557	2.270942
558	1.763842
559	2.292481
560	1.582799
561	2.049452
562	2.196792
563	1.668296
564	2.823465
565	2.675085
566	2.434269
567	2.319628
568	2.481715
569	2.056326
570	1.929309
571	1.543383
572	2.641604
573	1.71472
574	2.405639
575	2.125
576	1.624382
577	2.646439
578	1.815855
579	1.870951
580	1.991076
581	2.914016
582	2.784431
583	2.557588
584	2.434269
585	2.947703
586	2.196792
587	2.056326
588	1.624382
589	1.815855
590	2.270942
591	1.71472
592	3
593	1.929309
594	1.991076
595	2.125
596	2.950825
597	3
598	2.413088
599	2.807355
600	2.280672
601	2.321928
602	2.846439
603	2
604	2.128085
605	1.77995
606	1.556901
607	1.815855
608	2.056326
609	2.004936
610	1.769546
611	2.091917
612	2.249287
613	2.63846
614	2.474602
615	2.792481
616	2.84644
617	2.320802
618	3.121928
619	2.721928
620	2.721928
621	1.584963
622	2.246439
623	1.905639
624	1.950212
625	2.259237
626	2.896291
627	3.07782
628	2.418296
629	1.584963
630	1.75
631	1.950212
632	2.21498
633	2.774397
634	2.423795
635	2.09099
636	2.77327
637	2.608459
638	2.608459
639	3.121928
640	2.368523
641	1.950212
642	2.918296
643	1.933206
644	1.933206
645	3.121928
646	2.721928
647	2.459148
648	3.046439
649	2.459148
650	3.046439
651	3.127987
652	2.646439
653	2.947703
654	1.70044
655	1.70044
656	3.121928
657	1.459148
658	2.046439
659	2.113283
660	2.263809
661	2
662	1.950212
663	2.25
664	1.5
665	1.521928
666	0
667	1
668	0
669	1.584963
670	0.918296
671	0
672	0
673	0
674	1
675	0
676	1.521928
677	0
678	1.626615
679	2.17095
680	1.51579
681	1.192999
682	2.503258
683	2.155639
684	2.235926
685	1.29566
686	1.823027
687	1.334209
688	1.896241
689	2.19716
690	2.25
691	1.842371
692	2.584963
693	1.918296
694	1.918296
695	1.225236
696	1.687943
697	1.259398
698	1.753434
699	2.0805
700	1.375258
701	1.971747
702	2.419382
703	2.5
704	2.113283
705	2.155639
706	2.287784
707	2.753434
708	2.753434
709	2.646439
710	2.17095
711	2.556657
712	1.419035
713	2
714	2.25
715	1.5
716	1.521928
717	1.465791
718	1.569308
719	2.292481
720	2.292481
721	2.292481
722	2.292481
723	2.292481
724	2.292481
725	1.584963
726	2.584963
727	2.321928
728	2.235926
729	2.584963
730	1.792481
731	2.807355
732	2.75
733	1.584963
734	2.584963
735	1.792481
736	1
737	2.807355
738	2.584963
739	2.75
740	2.321928
741	2.584963
742	1.584963
743	2.5
744	2.235926
745	1.584963
746	2.5
747	2.555037
748	2.584963
749	2
750	2.555037
751	2.555037
752	2.584963
753	2
754	2.555037
755	2.95282
756	2.95282
757	2.641604
758	2.641604
759	2.641604
760	2.438744
761	2.641604
762	2.641604
763	2.641604
764	2.438744
765	2.36274
766	2.36274
767	2.521641
768	2.584963
769	3
770	1.918296
771	2.521641
772	2.321928
773	1.921928
774	2.75
775	2.75
776	2.807355
777	2.584963
778	2.251629
779	1.5
780	2.07782
781	2.251629
782	0.918296
783	1.584963
784	3
785	2.807355
786	1.664498
787	2.155639
788	2
789	1.548795
790	2
791	1.5
792	2.947703
793	2.75
794	2.235926
795	2.235926
796	1.921928
797	1.921928
798	2.521641
799	2.807355
800	2.584963
801	2.584963
802	2.503258
803	1.792481
804	2.5
805	2.235926
806	3
807	2.807355
808	2.251629
809	2.251629
810	2.128085
811	2.235926
812	2.262362
813	2.503258
814	2.469241
815	2.469241
816	2
817	1
818	1.556657
819	1.584963
820	1.5
821	1.521928
822	2.160964
823	1.921928
824	1.947339
825	2.155639
826	2.521641
827	2.521641
828	1.950212
829	1.556901
830	2.584963
831	1.584963
832	1.621641
833	2.321928
834	2.281036
835	1.974937
836	2.405639
837	2
838	1.497385
839	2.321928
840	1.692272
841	1.584963
842	1.769546
843	1.854286
844	2.049452
845	2.125814
846	2.125814
847	2.125814
848	2.298309
849	2.298309
850	2.396782
851	2.396782
852	2.895424
853	3.101881
854	3.026987
855	2.872906
856	2.913977
857	2.481714
858	2.895424
859	3.101881
860	3.189898
861	2.872906
862	2.913977
863	2.719294
864	2.719294
865	2.656565
866	2.656565
867	2.542483
868	2.542483
869	2.418723
870	2.418723
871	2.298309
872	2.298309
873	2.396782
874	2.396782
875	2.895424
876	3.101881
877	2.872906
878	2.913977
879	2.895424
880	3.101881
881	2.872906
882	2.913977
883	2.719294
884	2.719294
885	2.656565
886	2.656565
887	2.542483
888	2.542483
889	2.418723
890	2.418723
891	2.251629
892	2.251629
893	2.251629
894	2.405639
895	2.405639
896	2.405639
897	2.405639
898	2.419382
899	2.405639
900	2.419382
901	2.405639
902	2.419382
903	2.405639
904	2.160964
905	2.117492
906	2.160964
907	2.117492
908	2.160964
909	2.117492
910	2.921928
911	2.725481
912	2.921928
913	2.503258
914	2.222192
915	2.034941
916	1.506443
917	1.668839
918	2.5
919	1.73136
920	2.521641
921	1.55678
922	2.321928
923	1.610785
924	2.419382
925	1.798795
926	1.871602
927	1.950212
928	2.125815
929	1.792481
930	2.221252
931	2.419382
932	2.405639
933	2.370951
934	2.128085
935	0.721928
936	1.842371
937	2.641604
938	2.405639
939	0.811278
940	2.160964
941	1.879965
942	2.64644
943	2.113283
944	2.641604
945	2.155639
946	2.160964
947	1.224394
948	2.25
949	2.25
950	2.25
951	1.959148
952	2.419382
953	1.370951
954	0.918296
955	2.522055
956	2.641604
957	2.405639
958	2.64644
959	2.128085
960	2.725481
961	2.5
962	2.64644
963	1.836592
964	2.281036
965	1.298795
966	2.64644
967	1.370951
968	2.521928
969	1.879965
970	2.128085
971	1.384432
972	1.384432
973	2.128085
974	1.384432
975	2.792481
976	2.641604
977	2.405639
978	1.378783
979	2.725481
980	2.321928
981	1.760964
982	2.625814
983	2.419382
984	1.5
985	2.603158
986	2.603158
987	2.625814
988	1.836592
989	2.64644
990	2.149255
991	2.521641
992	2.521641
993	2.521641
994	2.625815
995	1.921928
996	2.625815
997	1.823068
998	1.918296
999	2.25
1000	2.646439
1001	2.19716
1002	2.503258
1003	2.321928
1004	2.058814
1005	2.646439
1006	1.811278
1007	2.113283
1008	2.370951
1009	2.355389
1010	2.217022
1011	1.729529
1012	1.889578
1013	2.419382
1014	1.949138
1015	2.155639
1016	1.779908
1017	2.413088
1018	1.833206
1019	2.446439
1020	2.011921
1021	1.448816
1022	2.07782
1023	2.146466
1024	2.287784
1025	2.646439
1026	2.419382
1027	2.550341
1028	2.353534
1029	1.758843
1030	2.75
1031	2.01574
1032	2.521641
1033	2.646439
1034	1.878477
1035	2.725481
1036	1.918296
1037	1.392147
1038	2.5
1039	2.721928
1040	1.950212
1041	2.725481
1042	1.921928
1043	2.921928
1044	2.503258
1045	2
1046	2.246439
1047	2.281036
1048	2.721928
1049	2.113283
1050	1.944717
1051	1.816642
1052	2.091917
1053	2.173557
1054	2.26082
1055	2.450825
1056	2.113283
1057	1.944717
1058	1.816642
1059	2.091917
1060	2.173557
1061	2.26082
1062	2.450825
1063	2.646439
1064	2.459148
1065	2.19716
1066	2.481715
1067	2.44644
1068	2.44644
1069	2.646439
1070	2.481715
1071	2.25
1072	2.521928
1073	2.503258
1074	2.418296
1075	2.237397
1076	2.181937
1077	1.811806
1078	1.947731
1079	1.895462
1080	1.995612
1081	1.855604
1082	2.229574
1083	1.900964
1084	2.162644
1085	2.044111
1086	2.092395
1087	2.139098
1088	2.217022
1089	2.281036
1090	2.139098
1091	2.224602
1092	1.991076
1093	2.521928
1094	2.125
1095	2.139098
1096	2.224602
1097	1.991076
1098	2.521928
1099	2.125
1100	2.139098
1101	2.237397
1102	2.521928
1103	2.281036
1104	2.224602
1105	2.345852
1106	1.991076
1107	2.125
1108	2.237397
1109	2.224602
1110	2.345852
1111	1.991076
1112	2.125
1113	2.237397
1114	2.139098
1115	2.224602
1116	1.991076
1117	2.125
1118	2.139098
1119	2.224602
1120	1.991076
1121	2.125
1122	2.092395
1123	1.900964
1124	2.139098
1125	2.224602
1126	1.991076
1127	2.125
1128	2.224602
1129	1.991076
1130	2.125
1131	2.125
1132	2.044111
1133	1.991076
1134	1.991076
1135	1.769644
1136	1.991076
1137	0
1138	0.811278
1139	2.251629
1140	1.921928
1141	0
1142	1
1143	1.370951
1144	1.251629
1145	0.921928
1146	1.022421
1147	1.556657
1148	1.061278
1149	1.584963
1150	0.953014
1151	1.435521
1152	0.986427
1153	1.5
1154	1.103307
1155	1.521928
1156	0.918296
1157	1.148835
1158	1.198184
1159	1.309297