Compound Id	D81
1	87.878471
2	396.697113
3	118.701141
4	87.878471
5	1450.483
6	1450.483
7	1116.347
8	1450.483
9	323.077209
10	546.960022
11	110.900871
12	217.978973
13	264.502991
14	78.168961
15	68.5755
16	218.811356
17	158.909332
18	369.599457
19	288.948608
20	118.701141
21	108.939972
22	144.019638
23	48.486763
24	37.467213
25	181.501312
26	181.501312
27	103.430199
28	197.588058
29	239.68483
30	121.599281
31	197.101852
32	200.775314
33	217.978973
34	217.978973
35	80.659187
36	70.36869
37	451.481415
38	211.340683
39	152.335419
40	360.670685
41	280.702698
42	118.701141
43	103.430199
44	108.939972
45	111.146782
46	212.920319
47	385.200012
48	54.97699
49	48.486763
50	80.659187
51	78.168961
52	80.659187
53	87.878471
54	70.36869
55	394.579926
56	385.200012
57	380.141357
58	376.954102
59	589.94751
60	580.01593
61	574.346985
62	570.476868
63	1833.676
64	1822.221
65	1814.917
66	1809.283
67	30.490225
68	13.774438
69	1277.359
70	1266.386
71	1259.593
72	1254.501
73	180.948425
74	172.665009
75	168.864731
76	167.155228
77	1116.347
78	1105.554
79	1098.953
80	1094.068
81	129.720688
82	121.920425
83	118.701141
84	228.966507
85	180.948425
86	161.477753
87	4
88	1635.872
89	1624.568
90	1617.425
91	1611.961
92	313.056122
93	303.997467
94	299.300446
95	296.526794
96	228.966507
97	1450.483
98	1439.339
99	1432.365
100	1427.082
101	241.946945
102	233.249924
103	228.966507
104	226.67601
105	967.280518
106	956.679749
107	950.285217
108	945.6226810000001
109	87.878471
110	80.659187
111	78.168961
112	121.920425
113	118.701141
114	118.701141
115	121.920425
116	129.720688
117	111.146782
118	30.490225
119	30.490225
120	24.98045
121	48.486763
122	48.486763
123	78.168961
124	54.97699
125	829.98468
126	819.590149
127	813.417847
128	808.995972
129	704.273315
130	694.101013
131	688.169434
132	684.010254
133	486.793365
134	477.12442
135	471.744537
136	468.195648
137	632.857788
138	208.772263
139	208.772263
140	337.399323
141	323.504547
142	1037.5
143	1037.5
144	1144.955
145	1144.955
146	1144.955
147	1144.955
148	568.513794
149	240.477249
150	190.17453
151	239.001938
152	249.174271
153	195.554443
154	438.929108
155	202.773727
156	627.844666
157	366.232086
158	366.232086
159	190.17453
160	247.105881
161	195.554443
162	262.947144
163	595.703796
164	202.773727
165	654.14856
166	440.442993
167	291.314453
168	291.314453
169	571.789856
170	245.139801
171	315.531403
172	137.561432
173	986.617615
174	609.33374
175	177.793274
176	230.496353
177	232.607437
178	391.35199
179	2615.74
180	187.462219
181	236.890854
182	386.096344
183	583.989319
184	257.278198
185	1036.166
186	140.748688
187	384.389587
188	617.062317
189	181.822571
190	268.051849
191	404.54599
192	146.258469
193	2591.884
194	1076.793
195	243.664505
196	1596.727
197	908.713745
198	2365.74
199	1911.758
200	1613.482
201	581.611023
202	1152.077
203	308.930634
204	398.200439
205	484.177765
206	549.024109
207	648.344177
208	381.662811
209	632.857788
210	1550.924
211	1037.5
212	632.857788
213	1550.924
214	1037.5
215	1487.717
216	251.947922
217	257.879517
218	1001.8
219	1131.597
220	1131.597
221	2081.9
222	366.232086
223	1295.499
224	291.314453
225	2805.777
226	2805.777
227	1245.76
228	195.554443
229	69.058647
230	396.193726
231	568.513794
232	396.193726
233	497.58017
234	2960.602
235	150.128601
236	150.128601
237	2216.278
238	1994.036
239	177.289886
240	265.107788
241	344.54599
242	195.554443
243	277.813019
244	923.124146
245	1231.028
246	549.676208
247	448.040039
248	208.772263
249	1071.069
250	2699.444
251	787.028442
252	2451.374
253	662.6073
254	1123.889
255	872.424622
256	1784.523
257	284.988831
258	357.491974
259	460.137787
260	257.278198
261	534.386841
262	257.278198
263	534.386841
264	257.278198
265	243.201599
266	513.614929
267	1587.609
268	237.394257
269	102.947044
270	1403.158
271	195.554443
272	190.17453
273	195.554443
274	268.051849
275	2668.044
276	257.278198
277	265.107788
278	190.17453
279	106.166328
280	137.561432
281	208.772263
282	257.278198
283	243.201599
284	688.711609
285	195.554443
286	140.748688
287	277.813019
288	390.978699
289	899.401306
290	202.773727
291	146.258469
292	378.041931
293	315.299988
294	137.561432
295	140.748688
296	146.258469
297	830.163696
298	344.54599
299	277.813019
300	521.420654
301	1384.199
302	4459.394
303	2198.854
304	3813.299
305	771.233521
306	1344.412
307	4422.287
308	571.789856
309	539.837036
310	3025.477
311	333.182709
312	257.278198
313	421.425568
314	896.770325
315	102.947044
316	150.128601
317	187.462219
318	177.793274
319	309.260223
320	136.589539
321	150.128601
322	268.051849
323	315.299988
324	202.773727
325	101.107681
326	137.561432
327	140.748688
328	146.258469
329	102.947044
330	265.107788
331	208.772263
332	597.33197
333	137.882706
334	45.267483
335	66.285004
336	137.561432
337	140.748688
338	1624.568
339	1624.568
340	1624.568
341	204.636902
342	111.146782
343	203.540421
344	3472.37
345	433.505676
346	2912.72
347	3472.37
348	526.178223
349	158.909332
350	270.236298
351	20467.61
352	20467.61
353	20467.61
354	1542.481
355	9413.509
356	16265.5
357	20467.61
358	12584.63
359	216.720596
360	121.920425
361	330.10498
362	2468.205
363	2468.205
364	2010.778
365	2468.205
366	286.371643
367	296.526794
368	939.731628
369	1247.644
370	2977.531
371	172.665009
372	2010.778
373	129.720688
374	803.656677
375	679.281189
376	228.966507
377	228.966507
378	1604.276
379	1419.796
380	1087.674
381	477.12442
382	2002.656
383	2457.015
384	694.101013
385	3524.327
386	589.94751
387	1090.386
388	2964.148
389	2766.152
390	654.240845
391	908.464172
392	1974.625
393	446.518158
394	446.518158
395	167.155228
396	660.814758
397	276.011292
398	355.466705
399	1963.316
400	282.571381
401	212.920319
402	2915.745
403	4804.277
404	1254.501
405	2964.148
406	956.679749
407	1422.971
408	1098.953
409	3523.037
410	199.103317
411	80.659187
412	54.97699
413	118.701141
414	296.526794
415	684.010254
416	167.155228
417	684.010254
418	296.526794
419	468.195648
420	468.195648
421	2019.186
422	2019.186
423	1611.961
424	2019.186
425	157.394058
426	157.394058
427	285.836823
428	167.155228
429	167.155228
430	684.010254
431	945.6226810000001
432	2477.256
433	80.659187
434	376.954102
435	1809.283
436	376.954102
437	1611.961
438	296.526794
439	157.394058
440	215.824158
441	54.97699
442	570.476868
443	2019.186
444	468.195648
445	226.67601
446	118.701141
447	118.701141
448	1254.501
449	1094.068
450	808.995972
451	808.995972
452	292.127319
453	453.853485
454	693.854553
455	385.200012
456	4138.341
457	1624.568
458	2236.988
459	2970.854
460	1244.127
461	1599.793
462	303.997467
463	2462.172
464	241.946945
465	2005.468
466	2468.205
467	272.902435
468	272.902435
469	285.836823
470	928.434998
471	1236.072
472	161.477753
473	2010.778
474	121.920425
475	2468.205
476	218.198349
477	218.198349
478	1592.447
479	365.975128
480	1074.328
481	1405.692
482	221.70105
483	554.999939
484	441.647675
485	172.665009
486	288.211029
487	1786.452
488	2224.823
489	794.713074
490	111.146782
491	1792.869
492	2224.823
493	1814.917
494	2247.748
495	1814.917
496	2731.897
497	228.966507
498	471.744537
499	380.141357
500	168.864731
501	168.864731
502	228.966507
503	471.744537
504	168.864731
505	471.744537
506	2731.897
507	2247.748
508	1814.917
509	1814.917
510	1814.917
511	1814.917
512	1814.917
513	1814.917
514	1814.917
515	1814.917
516	1814.917
517	1814.917
518	1432.365
519	1814.917
520	688.169434
521	108.127228
522	108.127228
523	118.701141
524	118.701141
525	574.346985
526	813.417847
527	2247.748
528	48.486763
529	2483.346
530	1617.425
531	299.300446
532	228.966507
533	1432.365
534	228.966507
535	30.490225
536	2024.98
537	471.744537
538	1814.917
539	380.141357
540	168.864731
541	1259.593
542	78.168961
543	78.168961
544	1098.953
545	950.285217
546	688.169434
547	2468.205
548	121.920425
549	87.878471
550	168.864731
551	203.632645
552	580.01593
553	486.793365
554	1624.568
555	2032.436
556	3527.396
557	684.010254
558	2002.656
559	477.12442
560	2966.493
561	394.579926
562	805.817261
563	2458.533
564	2712.819
565	2712.819
566	2229.89
567	2712.819
568	376.954102
569	1085.805
570	1417.424
571	3248.139
572	233.249924
573	2229.89
574	180.948425
575	938.152039
576	2712.819
577	299.300446
578	1798.425
579	1601.682
580	1245.513
581	2236.988
582	2236.988
583	1804.799
584	2236.988
585	216.720596
586	805.817261
587	1090.386
588	2720.56
589	1804.799
590	681.120544
591	2236.988
592	168.864731
593	1422.971
594	1250.597
595	942.181335
596	2447.908
597	158.458206
598	1990.958
599	118.701141
600	2447.908
601	251.818054
602	267.500153
603	144.019638
604	108.939972
605	1266.386
606	1116.347
607	1804.799
608	1094.068
609	819.590149
610	704.273315
611	950.285217
612	1382.19
613	644.479614
614	903.744019
615	431.384338
616	262.947144
617	1210.557
618	257.879517
619	257.879517
620	257.879517
621	181.822571
622	239.001938
623	136.589539
624	91.727768
625	2615.74
626	557.644653
627	803.884033
628	314.209656
629	181.822571
630	676.269287
631	540.423767
632	1504.441
633	810.180054
634	848.896729
635	1911.758
636	1559.912
637	823.1297
638	823.1297
639	257.879517
640	304.483673
641	85.361801
642	362.888794
643	1550.924
644	1550.924
645	257.879517
646	209.220337
647	399.100922
648	1314.3
649	399.100922
650	1314.3
651	951.604614
652	217.628128
653	184.651062
654	2805.777
655	2805.777
656	217.628128
657	396.193726
658	277.813019
659	215.262482
660	568.513794
661	137.561432
662	93.888397
663	140.748688
664	146.258469
665	237.394257
666	252.19281
667	396.234589
668	95.560394
669	69.058647
670	69.058647
671	69.058647
672	184.763931
673	144
674	144
675	144
676	38.048203
677	38.048203
678	923.124146
679	215.352097
680	1231.028
681	2960.602
682	184.651062
683	150.128601
684	106.166328
685	2216.278
686	549.676208
687	1994.036
688	448.040039
689	195.554443
690	142.541885
691	102.947044
692	66.285004
693	66.285004
694	66.285004
695	2699.444
696	787.028442
697	2451.374
698	662.6073
699	1123.889
700	1784.523
701	357.491974
702	208.772263
703	155.722076
704	208.772263
705	155.722076
706	460.137787
707	534.386841
708	534.386841
709	257.879517
710	243.201599
711	513.614929
712	1587.609
713	137.561432
714	140.748688
715	146.258469
716	237.394257
717	1403.158
718	1071.069
719	2410.363
720	2410.363
721	2410.363
722	2410.363
723	2410.363
724	2410.363
725	87.878471
726	87.878471
727	54.97699
728	129.720688
729	78.168961
730	80.659187
731	129.720688
732	180.948425
733	87.878471
734	78.168961
735	80.659187
736	30.490225
737	129.720688
738	87.878471
739	180.948425
740	54.97699
741	87.878471
742	87.878471
743	180.948425
744	129.720688
745	87.878471
746	180.948425
747	896.057495
748	87.878471
749	180.948425
750	896.057495
751	877.569275
752	87.878471
753	180.948425
754	877.569275
755	892.651245
756	892.651245
757	1209.944
758	1209.944
759	1209.944
760	1181.882
761	1209.944
762	1209.944
763	1209.944
764	1181.882
765	1243.444
766	1243.444
767	102.947044
768	66.285004
769	140.748688
770	78.168961
771	118.701141
772	48.486763
773	48.486763
774	172.665009
775	172.665009
776	121.920425
777	80.659187
778	80.659187
779	24.98045
780	778.445557
781	70.36869
782	70.36869
783	70.36869
784	157.394058
785	108.127228
786	94.371552
787	143.638382
788	144.019638
789	144.019638
790	161.477753
791	161.477753
792	221.70105
793	158.871811
794	110.900871
795	110.900871
796	48.486763
797	48.486763
798	102.947044
799	118.701141
800	78.168961
801	78.168961
802	1200.685
803	68.5755
804	150.128601
805	102.947044
806	167.155228
807	118.701141
808	80.659187
809	80.659187
810	108.939972
811	121.920425
812	1651.575
813	233.249924
814	1005.927
815	1005.927
816	30.490225
817	30.490225
818	95.560394
819	69.058647
820	144
821	38.048203
822	313.056122
823	313.056122
824	486.793365
825	150.128601
826	129.720688
827	129.720688
828	129.720688
829	1116.347
830	87.878471
831	87.878471
832	967.280518
833	48.486763
834	241.946945
835	241.946945
836	180.948425
837	180.948425
838	1277.359
839	54.97699
840	829.98468
841	13.774438
842	704.273315
843	589.94751
844	394.579926
845	2410.363
846	2410.363
847	2410.363
848	1775.161
849	1775.161
850	923.925537
851	923.925537
852	1028.255
853	998.825989
854	498.77475
855	746.358337
856	358.272705
857	338.250336
858	1028.255
859	998.825989
860	721.762939
861	746.358337
862	358.272705
863	548.74707
864	548.74707
865	784.017456
866	784.017456
867	1065.707
868	1065.707
869	1395.631
870	1395.631
871	1775.161
872	1775.161
873	923.925537
874	923.925537
875	1028.255
876	998.825989
877	746.358337
878	358.272705
879	1028.255
880	998.825989
881	746.358337
882	358.272705
883	548.74707
884	548.74707
885	784.017456
886	784.017456
887	1065.707
888	1065.707
889	1395.631
890	1395.631
891	399.652618
892	399.652618
893	399.652618
894	910.777771
895	910.777771
896	910.777771
897	910.777771
898	1136.032
899	905.100281
900	1136.032
901	905.100281
902	1136.032
903	905.100281
904	1557.323
905	2216.578
906	1557.323
907	2216.578
908	1557.323
909	2216.578
910	270.501495
911	202.068481
912	268.532288
913	204.636902
914	385.200012
915	580.01593
916	1822.221
917	1266.386
918	172.665009
919	1105.554
920	121.920425
921	1624.568
922	303.997467
923	1439.339
924	233.249924
925	956.679749
926	819.590149
927	694.101013
928	477.12442
929	68.5755
930	461.020508
931	218.811356
932	158.909332
933	288.948608
934	108.939972
935	37.467213
936	94.371552
937	199.103317
938	140.748688
939	121.599281
940	240.760986
941	173.23822
942	244.347382
943	181.501312
944	200.775314
945	144.019638
946	244.494766
947	180.708893
948	778.445557
949	778.445557
950	778.445557
951	391.640228
952	203.632645
953	250.120575
954	70.36869
955	457.653748
956	216.720596
957	157.394058
958	286.371643
959	108.127228
960	195.233185
961	137.199814
962	237.98735
963	176.920319
964	197.101852
965	143.638382
966	239.68483
967	248.029495
968	267.239105
969	203.540421
970	108.127228
971	386.096344
972	386.096344
973	108.127228
974	386.096344
975	455.374359
976	215.824158
977	158.458206
978	111.146782
979	197.588058
980	266.342346
981	270.941528
982	454.217865
983	218.198349
984	161.477753
985	555.575439
986	555.575439
987	454.993103
988	221.70105
989	288.211029
990	3948.869
991	562.85144
992	562.85144
993	562.85144
994	456.95401
995	292.127319
996	460.103424
997	1579.984
998	464.702606
999	145.477753
1000	248.902435
1001	183.149506
1002	179.632645
1003	222.689545
1004	184.121399
1005	265.370453
1006	141.069962
1007	198.198349
1008	268.211029
1009	458.526703
1010	673.837891
1011	2007.586
1012	1415.938
1013	217.978973
1014	1243.528
1015	158.871811
1016	1797.827
1017	367.574188
1018	1600.657
1019	287.46814
1020	1083.275
1021	110.900871
1022	935.021912
1023	798.601501
1024	560.545227
1025	265.370453
1026	197.101852
1027	380.141357
1028	574.346985
1029	1814.917
1030	168.864731
1031	1098.953
1032	118.701141
1033	299.300446
1034	1432.365
1035	228.966507
1036	78.168961
1037	181.501312
1038	152.335419
1039	280.702698
1040	103.430199
1041	189.564255
1042	229.275482
1043	260.410736
1044	210.351898
1045	152.697037
1046	257.96109
1047	212.920319
1048	279.881409
1049	198.198349
1050	1259.593
1051	1617.425
1052	950.285217
1053	813.417847
1054	688.169434
1055	471.744537
1056	198.198349
1057	1259.593
1058	1617.425
1059	950.285217
1060	813.417847
1061	688.169434
1062	471.744537
1063	261.283691
1064	450.940002
1065	213.695557
1066	360.722351
1067	281.46106
1068	258.834045
1069	264.502991
1070	376.954102
1071	167.155228
1072	296.526794
1073	226.67601
1074	468.195648
1075	537.028381
1076	772.273499
1077	2196.042
1078	1569.061
1079	272.402405
1080	1385.252
1081	1974.328
1082	436.658051
1083	1765.376
1084	348.155182
1085	1213.812
1086	1054.602
1087	907.473022
1088	648.845764
1089	207.256989
1090	896.057495
1091	925.186035
1092	1254.501
1093	296.526794
1094	945.6226810000001
1095	896.057495
1096	925.186035
1097	1254.501
1098	296.526794
1099	945.6226810000001
1100	877.569275
1101	518.859436
1102	295.216736
1103	1036.138
1104	918.073792
1105	567.908447
1106	1250.597
1107	942.181335
1108	528.791016
1109	918.073792
1110	567.908447
1111	1250.597
1112	942.181335
1113	528.791016
1114	867.733398
1115	913.052795
1116	1247.644
1117	939.731628
1118	867.733398
1119	913.052795
1120	1247.644
1121	939.731628
1122	1005.927
1123	1651.575
1124	884.728699
1125	909.827881
1126	1245.513
1127	938.152039
1128	909.827881
1129	1245.513
1130	938.152039
1131	937.37677
1132	1181.882
1133	1244.127
1134	1244.127
1135	2251.578
1136	1243.444
1137	4
1138	24.98045
1139	80.659187
1140	48.486763
1141	0
1142	30.490225
1143	313.056122
1144	486.793365
1145	1635.872
1146	1116.347
1147	129.720688
1148	967.280518
1149	87.878471
1150	1450.483
1151	241.946945
1152	1277.359
1153	180.948425
1154	829.98468
1155	54.97699
1156	13.774438
1157	704.273315
1158	589.94751
1159	394.579926