Compound Id	D82
1	169.354904
2	988.967651
3	255.59256
4	169.354904
5	2925.052
6	2925.052
7	2248.237
8	2925.052
9	799.694092
10	1190.795
11	256.78949
12	483.934906
13	631.650696
14	171.360626
15	172.724503
16	482.377197
17	359.687836
18	790.020508
19	625.608521
20	255.59256
21	256.785889
22	361.847839
23	104.928993
24	106.25
25	489.103149
26	489.103149
27	258.01358
28	486.800598
29	634.907715
30	365.207062
31	487.232208
32	486.015686
33	483.934906
34	483.934906
35	170.702255
36	172.380295
37	978.288513
38	484.556976
39	361.584839
40	792.228943
41	627.857666
42	255.59256
43	258.01358
44	256.785889
45	256.289032
46	484.702515
47	788.445557
48	103.66098
49	104.928993
50	170.702255
51	171.360626
52	170.702255
53	169.354904
54	172.380295
55	787.473206
56	788.445557
57	789.60321
58	790.586914
59	1182.55
60	1183.356
61	1184.414
62	1185.448
63	3701.383
64	3701.702
65	3702.331
66	3703.129
67	55.143028
68	22.5
69	2574.359
70	2574.832
71	2575.609
72	2576.519
73	356.32782
74	357.570251
75	358.715332
76	359.170563
77	2248.237
78	2248.768
79	2249.599
80	2250.545
81	253.280365
82	254.596497
83	255.59256
84	481.615692
85	356.32782
86	359.166748
87	4
88	3300.628
89	3300.995
90	3301.672
91	3302.507
92	622.780518
93	623.842651
94	625.032349
95	625.928955
96	481.615692
97	2925.052
98	2925.47
99	2926.196
100	2927.069
101	479.268005
102	480.421844
103	481.615692
104	482.350525
105	1946.357
106	1946.95
107	1947.836
108	1948.814
109	169.354904
110	170.702255
111	171.360626
112	254.596497
113	255.59256
114	255.59256
115	254.596497
116	253.280365
117	256.289032
118	55.143028
119	55.143028
120	56.052132
121	104.928993
122	104.928993
123	171.360626
124	103.66098
125	1668.368
126	1669.027
127	1669.971
128	1670.976
129	1413.899
130	1414.629
131	1415.629
132	1416.656
133	973.895874
134	974.782532
135	975.893616
136	976.91748
137	1422.227
138	484.06424
139	484.06424
140	795.609192
141	797.210632
142	2254.633
143	2254.633
144	2963.358
145	2963.358
146	2963.358
147	2963.358
148	1431.808
149	633.922424
150	487.413025
151	634.201233
152	632.532837
153	486.383575
154	1203.573
155	484.869354
156	1693.355
157	990.924072
158	990.924072
159	487.413025
160	632.555847
161	486.383575
162	630.0914310000001
163	1429.523
164	484.869354
165	1417.488
166	978.536804
167	802.011658
168	802.011658
169	1431.295
170	633.286438
171	799.424194
172	363.065948
173	2611.946
174	1423.72
175	488.978729
176	635.370667
177	635.023987
178	988.42627
179	5564.388
180	487.731995
181	634.367004
182	988.486694
183	1431.611
184	631.347412
185	2602.717
186	362.482117
187	989.289612
188	1697.408
189	488.083496
190	628.735474
191	983.815369
192	361.565247
193	6143.523
194	2592.159
195	633.342407
196	3721.65
197	2272.956
198	5062.121
199	4133.996
200	4187.052
201	1428.074
202	2582.057
203	800.371765
204	984.591492
205	1195.557
206	1433.401
207	1692.545
208	987.77533
209	1422.227
210	3305.152
211	2254.633
212	1422.227
213	3305.152
214	2254.633
215	3743.321
216	631.996033
217	630.562195
218	2609.779
219	2593.76
220	2593.76
221	5113.61
222	990.924072
223	3344.514
224	802.011658
225	6110.603
226	6110.603
227	2956.358
228	486.383575
229	172.156403
230	985.801086
231	1431.808
232	985.801086
233	1193.48
234	6091.786
235	361.10614
236	361.10614
237	4579.68
238	4127.966
239	488.260498
240	629.58374
241	793.734924
242	486.383575
243	627.315491
244	1948.477
245	2575.813
246	1185.847
247	977.622131
248	484.06424
249	2250.012
250	5561.351
251	1670.857
252	5057.394
253	1416.781
254	2587.392
255	1954.664
256	3701.995
257	803.826538
258	791.624939
259	1200.572
260	631.347412
261	1437.497
262	631.347412
263	1437.497
264	631.347412
265	633.172607
266	1439.802
267	3301.502
268	633.444214
269	257.486725
270	2926.206
271	486.383575
272	487.413025
273	486.383575
274	628.735474
275	6114.922
276	631.347412
277	629.58374
278	487.413025
279	256.748413
280	363.065948
281	484.06424
282	631.347412
283	633.172607
284	1983.95
285	486.383575
286	362.482117
287	627.315491
288	987.325134
289	2273.794
290	484.869354
291	361.565247
292	989.248596
293	798.364014
294	363.065948
295	362.482117
296	361.565247
297	1961.493
298	793.734924
299	627.315491
300	1191.401
301	3334.701
302	9883.005
303	5094.063
304	8522.431
305	1975.34
306	3339.573
307	9885.689
308	1433.117
309	1438.444
310	7302.136
311	796.638367
312	631.347412
313	983.077576
314	1951.609
315	257.486725
316	361.10614
317	487.731995
318	488.978729
319	800.137451
320	363.16391
321	361.10614
322	628.735474
323	798.364014
324	484.869354
325	257.716187
326	363.065948
327	362.482117
328	361.565247
329	257.486725
330	629.58374
331	484.06424
332	1426.636
333	362.99646
334	105.070488
335	172.663834
336	363.065948
337	362.482117
338	3300.995
339	3300.995
340	3300.995
341	485.804871
342	256.289032
343	485.728943
344	7241.694
345	983.51947
346	6101.024
347	7241.694
348	1194.012
349	359.687836
350	629.119446
351	46252.62
352	46252.62
353	46252.62
354	3747.815
355	21640.62
356	36927.09
357	46252.62
358	28730.84
359	483.68927
360	254.596497
361	798.355469
362	5060.444
363	5060.444
364	4130.883
365	5060.444
366	627.047119
367	625.928955
368	1950.468
369	2578.244
370	6094.925
371	357.570251
372	4130.883
373	253.280365
374	1672.547
375	1418.096
376	481.615692
377	481.615692
378	3304.224
379	2928.797
380	2252.247
381	974.782532
382	4133.083
383	5063.293
384	1414.629
385	7239.762
386	1182.55
387	2251.463
388	6098.216
389	6121.174
390	1422.159
391	1955.566
392	4135.217
393	980.895935
394	980.895935
395	359.170563
396	1420.341
397	629.7052
398	794.573364
399	4138.081
400	628.038513
401	484.702515
402	6103.879
403	9850.308
404	2576.519
405	6098.216
406	1946.95
407	2927.968
408	2249.599
409	7240.052
410	486.479645
411	170.702255
412	103.66098
413	255.59256
414	625.928955
415	1416.656
416	359.170563
417	1416.656
418	625.928955
419	976.91748
420	976.91748
421	4129.216
422	4129.216
423	3302.507
424	4129.216
425	360.728058
426	360.728058
427	627.505127
428	359.170563
429	359.170563
430	1416.656
431	1948.814
432	5058.85
433	170.702255
434	790.586914
435	3703.129
436	790.586914
437	3302.507
438	625.928955
439	360.728058
440	483.978729
441	103.66098
442	1185.448
443	4129.216
444	976.91748
445	482.350525
446	255.59256
447	255.59256
448	2576.519
449	2250.545
450	1670.976
451	1670.976
452	625.179932
453	978.552429
454	1690.085
455	788.445557
456	8489.685
457	3300.995
458	4581.848
459	6096.421
460	2579.282
461	3305.499
462	623.842651
463	5061.918
464	479.268005
465	4132.292
466	5060.444
467	628.973511
468	628.973511
469	627.505127
470	1951.147
471	2578.698
472	359.166748
473	4130.883
474	254.596497
475	5060.444
476	483.269196
477	483.269196
478	3304.495
479	792.062378
480	2253.523
481	2929.979
482	481.890656
483	1187.929
484	980.326721
485	357.570251
486	626.558411
487	3705.891
488	4581.765
489	1672.478
490	256.289032
491	3704.027
492	4581.765
493	3702.331
494	4580.314
495	3702.331
496	5562.246
497	481.615692
498	975.893616
499	789.60321
500	358.715332
501	358.715332
502	481.615692
503	975.893616
504	358.715332
505	975.893616
506	5562.246
507	4580.314
508	3702.331
509	3702.331
510	3702.331
511	3702.331
512	3702.331
513	3702.331
514	3702.331
515	3702.331
516	3702.331
517	3702.331
518	2926.196
519	3702.331
520	1415.629
521	257.308075
522	257.308075
523	255.59256
524	255.59256
525	1184.414
526	1669.971
527	4580.314
528	104.928993
529	5058.163
530	3301.672
531	625.032349
532	481.615692
533	2926.196
534	481.615692
535	55.143028
536	4128.456
537	975.893616
538	3702.331
539	789.60321
540	358.715332
541	2575.609
542	171.360626
543	171.360626
544	2249.599
545	1947.836
546	1415.629
547	5060.444
548	254.596497
549	169.354904
550	358.715332
551	484.391907
552	1183.356
553	973.895874
554	3300.995
555	4127.873
556	7238.929
557	1416.656
558	4133.083
559	974.782532
560	6097.585
561	787.473206
562	1671.877
563	5062.933
564	5565.227
565	5565.227
566	4583.444
567	5565.227
568	790.586914
569	2252.813
570	2929.482
571	6652.861
572	480.421844
573	4583.444
574	356.32782
575	1950.944
576	5565.227
577	625.032349
578	3705.572
579	3304.946
580	2578.879
581	4581.848
582	4581.848
583	3703.988
584	4581.848
585	483.68927
586	1671.877
587	2251.463
588	5563.655
589	3703.988
590	1417.522
591	4581.848
592	358.715332
593	2927.968
594	2577.431
595	1949.73
596	5060.659
597	360.458313
598	4131.342
599	255.59256
600	5060.659
601	632.152039
602	630.054504
603	361.847839
604	256.785889
605	2574.832
606	2248.237
607	3703.988
608	2250.545
609	1669.027
610	1413.899
611	1947.836
612	2927.774
613	1419.329
614	1950.62
615	980.491394
616	630.0914310000001
617	2577.563
618	630.562195
619	630.562195
620	630.562195
621	488.083496
622	634.201233
623	363.16391
624	258.960144
625	5564.388
626	1435.549
627	1969.336
628	995.939758
629	488.083496
630	1982.99
631	1434.045
632	3306.039
633	1964.322
634	1956.478
635	4133.996
636	3727.019
637	1966.898
638	1966.898
639	630.562195
640	799.90448
641	259.438019
642	991.276672
643	3305.152
644	3305.152
645	630.562195
646	637.171448
647	987.499817
648	3340.013
649	987.499817
650	3340.013
651	2618.321
652	636.052795
653	486.871155
654	6110.603
655	6110.603
656	636.052795
657	985.801086
658	627.315491
659	482.169983
660	1431.808
661	363.065948
662	258.6008
663	362.482117
664	361.565247
665	633.444214
666	632.100769
667	987.748474
668	258.058624
669	172.156403
670	172.156403
671	172.156403
672	487.3255
673	361.960907
674	361.960907
675	361.960907
676	106.0056
677	106.0056
678	1948.477
679	635.400696
680	2575.813
681	6091.786
682	486.871155
683	361.10614
684	256.748413
685	4579.68
686	1185.847
687	4127.966
688	977.622131
689	486.383575
690	361.941528
691	257.486725
692	172.663834
693	172.663834
694	172.663834
695	5561.351
696	1670.857
697	5057.394
698	1416.781
699	2587.392
700	3701.995
701	791.624939
702	484.06424
703	359.578979
704	484.06424
705	359.578979
706	1200.572
707	1437.497
708	1437.497
709	630.562195
710	633.172607
711	1439.802
712	3301.502
713	363.065948
714	362.482117
715	361.565247
716	633.444214
717	2926.206
718	2250.012
719	5069.014
720	5069.014
721	5069.014
722	5069.014
723	5069.014
724	5069.014
725	169.354904
726	169.354904
727	103.66098
728	253.280365
729	171.360626
730	170.702255
731	253.280365
732	356.32782
733	169.354904
734	171.360626
735	170.702255
736	55.143028
737	253.280365
738	169.354904
739	356.32782
740	103.66098
741	169.354904
742	169.354904
743	356.32782
744	253.280365
745	169.354904
746	356.32782
747	1959.182
748	169.354904
749	356.32782
750	1959.182
751	1963.103
752	169.354904
753	356.32782
754	1963.103
755	1957.133
756	1957.133
757	2584.315
758	2584.315
759	2584.315
760	2592.177
761	2584.315
762	2584.315
763	2584.315
764	2592.177
765	2579.42
766	2579.42
767	257.486725
768	172.663834
769	362.482117
770	171.360626
771	255.59256
772	104.928993
773	104.928993
774	357.570251
775	357.570251
776	254.596497
777	170.702255
778	170.702255
779	56.052132
780	1970.041
781	172.380295
782	172.380295
783	172.380295
784	360.728058
785	257.308075
786	258.939331
787	362.746887
788	361.847839
789	361.847839
790	359.166748
791	359.166748
792	481.890656
793	360.649872
794	256.78949
795	256.78949
796	104.928993
797	104.928993
798	257.486725
799	255.59256
800	171.360626
801	171.360626
802	2582.015
803	172.724503
804	361.10614
805	257.486725
806	359.170563
807	255.59256
808	170.702255
809	170.702255
810	256.785889
811	254.596497
812	3734.962
813	480.421844
814	2269.243
815	2269.243
816	55.143028
817	55.143028
818	258.058624
819	172.156403
820	361.960907
821	106.0056
822	622.780518
823	622.780518
824	973.895874
825	361.10614
826	253.280365
827	253.280365
828	253.280365
829	2248.237
830	169.354904
831	169.354904
832	1946.357
833	104.928993
834	479.268005
835	479.268005
836	356.32782
837	356.32782
838	2574.359
839	103.66098
840	1668.368
841	22.5
842	1413.899
843	1182.55
844	787.473206
845	5069.014
846	5069.014
847	5069.014
848	3707.864
849	3707.864
850	1950.812
851	1950.812
852	2259.156
853	2266.266
854	1198.208
855	1680.62
856	793.96405
857	797.263977
858	2259.156
859	2266.266
860	1686.366
861	1680.62
862	793.96405
863	1189.256
864	1189.256
865	1675.176
866	1675.176
867	2255.1
868	2255.1
869	2931.833
870	2931.833
871	3707.864
872	3707.864
873	1950.812
874	1950.812
875	2259.156
876	2266.266
877	1680.62
878	793.96405
879	2259.156
880	2266.266
881	1680.62
882	793.96405
883	1189.256
884	1189.256
885	1675.176
886	1675.176
887	2255.1
888	2255.1
889	2931.833
890	2931.833
891	989.37323
892	989.37323
893	989.37323
894	1954.341
895	1954.341
896	1954.341
897	1954.341
898	2597.663
899	1955.832
900	2597.663
901	1955.832
902	2597.663
903	1955.832
904	3311.107
905	5102.852
906	3311.107
907	5102.852
908	3311.107
909	5102.852
910	630.395203
911	486.450134
912	630.884033
913	485.804871
914	788.445557
915	1183.356
916	3701.702
917	2574.832
918	357.570251
919	2248.768
920	254.596497
921	3300.995
922	623.842651
923	2925.47
924	480.421844
925	1946.95
926	1669.027
927	1414.629
928	974.782532
929	172.724503
930	976.175415
931	482.377197
932	359.687836
933	625.608521
934	256.785889
935	106.25
936	258.939331
937	486.479645
938	363.20462
939	365.207062
940	634.42511
941	490.208649
942	634.122314
943	488.929077
944	486.015686
945	361.847839
946	633.496155
947	487.749481
948	1970.041
949	1970.041
950	1970.041
951	986.404968
952	484.391907
953	630.544861
954	172.380295
955	977.655396
956	483.68927
957	360.728058
958	627.047119
959	257.308075
960	487.348755
961	363.732849
962	635.168396
963	489.756866
964	487.232208
965	362.746887
966	634.907715
967	633.624146
968	630.650513
969	485.728943
970	257.308075
971	989.994263
972	989.994263
973	257.308075
974	989.994263
975	978.691345
976	483.978729
977	360.458313
978	256.289032
979	486.800598
980	630.993225
981	629.520996
982	979.151794
983	483.269196
984	359.166748
985	1187.803
986	1187.803
987	978.994141
988	481.890656
989	626.558411
990	8506.537
991	1436.886
992	1436.886
993	1436.886
994	978.276062
995	625.179932
996	977.154419
997	4194.875
998	975.877808
999	362.401306
1000	633.448853
1001	488.651917
1002	489.390808
1003	636.696838
1004	488.446106
1005	631.067261
1006	363.206024
1007	487.174683
1008	630.921997
1009	978.391052
1010	1417.963
1011	4129.954
1012	2927.992
1013	483.934906
1014	2577.511
1015	360.649872
1016	3703.924
1017	792.131165
1018	3303.364
1019	627.518982
1020	2251.61
1021	256.78949
1022	1949.957
1023	1672.2
1024	1186.84
1025	631.067261
1026	487.232208
1027	789.60321
1028	1184.414
1029	3702.331
1030	358.715332
1031	2249.599
1032	255.59256
1033	625.032349
1034	2926.196
1035	481.615692
1036	171.360626
1037	489.103149
1038	361.584839
1039	627.857666
1040	258.01358
1041	488.316406
1042	636.258728
1043	631.770203
1044	485.263458
1045	361.692932
1046	632.572815
1047	484.702515
1048	628.951721
1049	487.174683
1050	2575.609
1051	3301.672
1052	1947.836
1053	1669.971
1054	1415.629
1055	975.893616
1056	487.174683
1057	2575.609
1058	3301.672
1059	1947.836
1060	1669.971
1061	1415.629
1062	975.893616
1063	632.237671
1064	980.593811
1065	484.888184
1066	794.112122
1067	629.109314
1068	632.448547
1069	631.650696
1070	790.586914
1071	359.170563
1072	625.928955
1073	482.350525
1074	976.91748
1075	1192.485
1076	1678.208
1077	4586.583
1078	3308.809
1079	630.431335
1080	2933.616
1081	4135.013
1082	983.526855
1083	3709.179
1084	796.401978
1085	2583.295
1086	2257.524
1087	1955.954
1088	1423.871
1089	485.483826
1090	1959.182
1091	1952.266
1092	2576.519
1093	625.928955
1094	1948.814
1095	1959.182
1096	1952.266
1097	2576.519
1098	625.928955
1099	1948.814
1100	1963.103
1101	1195.83
1102	626.259644
1103	2614.244
1104	1954.375
1105	1186.255
1106	2577.431
1107	1949.73
1108	1194.44
1109	1954.375
1110	1186.255
1111	2577.431
1112	1949.73
1113	1194.44
1114	1965.297
1115	1955.969
1116	2578.244
1117	1950.468
1118	1965.297
1119	1955.969
1120	2578.244
1121	1950.468
1122	2269.243
1123	3734.962
1124	1962.152
1125	1956.825
1126	2578.879
1127	1950.944
1128	1956.825
1129	2578.879
1130	1950.944
1131	1951.108
1132	2592.177
1133	2579.282
1134	2579.282
1135	5103.325
1136	2579.42
1137	4
1138	56.052132
1139	170.702255
1140	104.928993
1141	0
1142	55.143028
1143	622.780518
1144	973.895874
1145	3300.628
1146	2248.237
1147	253.280365
1148	1946.357
1149	169.354904
1150	2925.052
1151	479.268005
1152	2574.359
1153	356.32782
1154	1668.368
1155	103.66098
1156	22.5
1157	1413.899
1158	1182.55
1159	787.473206