Compound Id	D89
1	0
2	0
3	0
4	0
5	0
6	0
7	0
8	0
9	0
10	0
11	0
12	0
13	0
14	0
15	0
16	0
17	0
18	0
19	0
20	0
21	0
22	0
23	0
24	0
25	0
26	0
27	0
28	0
29	0
30	0
31	0
32	0
33	0
34	0
35	0
36	0
37	0
38	0
39	0
40	0
41	0
42	0
43	0
44	0
45	0
46	0
47	0
48	0
49	0
50	0
51	0
52	0
53	0
54	0
55	0
56	0
57	0
58	0
59	0
60	0
61	0
62	0
63	0
64	0
65	0
66	0
67	0
68	0
69	0
70	0
71	0
72	0
73	0
74	0
75	0
76	0
77	0
78	0
79	0
80	0
81	0
82	0
83	0
84	0
85	0
86	0
87	0
88	0
89	0
90	0
91	0
92	0
93	0
94	0
95	0
96	0
97	0
98	0
99	0
100	0
101	0
102	0
103	0
104	0
105	0
106	0
107	0
108	0
109	0
110	0
111	0
112	0
113	0
114	0
115	0
116	0
117	0
118	0
119	0
120	0
121	0
122	0
123	0
124	0
125	0
126	0
127	0
128	0
129	0
130	0
131	0
132	0
133	0
134	0
135	0
136	0
137	10.845268
138	10.261574
139	10.261574
140	10.688353
141	10.629768
142	10.666187
143	10.666187
144	15.64295
145	15.64295
146	15.64295
147	15.64295
148	15.227102
149	8.540556
150	8.494537
151	6.48412
152	6.620371
153	8.611435
154	13.115047
155	8.655092
156	15.430737
157	15.017777
158	8.934029
159	8.186204
160	8.665556
161	8.256296
162	8.707825
163	9.033927
164	8.276482
165	8.93756
166	8.873556
167	14.825833
168	8.848888
169	21.19463
170	8.632593
171	6.549259
172	8.356482
173	29.581013
174	21.247122
175	6.377315
176	4.356482
177	4.449074
178	6.869537
179	4.765276
180	6.502315
181	4.481482
182	8.882037
183	7.082427
184	8.773796
185	29.625492
186	8.449075
187	6.955833
188	7.086944
189	6.5625
190	8.828704
191	8.944445
192	8.481482
193	9.365029
194	29.6252
195	6.60912
196	15.634224
197	15.489711
198	11.010994
199	10.994153
200	11.344744
201	13.406565
202	15.50798
203	10.668381
204	8.885223
205	15.240508
206	15.21607
207	21.259167
208	13.09963
209	10.845268
210	10.951804
211	10.911651
212	10.845268
213	10.951804
214	10.911651
215	15.82599
216	6.644676
217	8.712963
218	15.637071
219	11.087854
220	11.087854
221	11.444656
222	6.792454
223	15.76335
224	6.685648
225	11.229095
226	11.229095
227	11.170814
228	10.157871
229	12
230	20.781298
231	9.03412
232	10.964462
233	21.065556
234	10.93878
235	10.028796
236	10.455185
237	10.921295
238	10.914188
239	8.735093
240	10.610371
241	10.67555
242	10.519722
243	10.649555
244	10.847114
245	10.875768
246	10.780731
247	10.747761
248	10.571573
249	10.862526
250	10.9335
251	10.828945
252	10.927699
253	10.807208
254	9.128321
255	6.683738
256	10.906257
257	2.261574
258	10.705555
259	8.99201
260	10.63611
261	9.02039
262	10.63611
263	9.02039
264	10.63611
265	10.551991
266	8.976597
267	10.897347
268	8.80287
269	10.261574
270	10.887267
271	9.588611
272	7.813426
273	7.840324
274	7.188704
275	18.139637
276	9.705
277	9.986516
278	7.390093
279	4.997129
280	7.252037
281	9.94772
282	10.012257
283	9.62088
284	4.175741
285	7.312546
286	7.150185
287	10.201569
288	7.455509
289	14.443198
290	7.266204
291	7.092593
292	4.916968
293	7.353009
294	6.147593
295	5.851296
296	5.703704
297	18.628262
298	9.598022
299	9.546034
300	9.053779
301	6.591131
302	6.788048
303	6.682057
304	6.767482
305	6.442908
306	6.555201
307	6.775442
308	6.159444
309	6.326944
310	6.774135
311	8.955574
312	8.877592
313	9.011573
314	7.669524
315	8.712685
316	9.524075
317	5.55787
318	5.717315
319	0
320	0
321	0
322	0
323	0
324	0
325	0
326	0
327	0
328	0
329	0
330	0
331	0
332	0
333	0
334	0
335	0
336	0
337	0
338	0
339	0
340	0
341	0
342	0
343	0
344	0
345	0
346	0
347	0
348	0
349	0
350	0
351	0
352	0
353	0
354	0
355	0
356	0
357	0
358	0
359	0
360	0
361	0
362	0
363	0
364	0
365	0
366	0
367	0
368	0
369	0
370	0
371	0
372	0
373	0
374	0
375	0
376	0
377	0
378	0
379	0
380	0
381	0
382	0
383	0
384	0
385	0
386	0
387	0
388	0
389	0
390	0
391	0
392	0
393	0
394	0
395	0
396	0
397	0
398	0
399	0
400	0
401	0
402	0
403	0
404	0
405	0
406	0
407	0
408	0
409	0
410	0
411	0
412	0
413	0
414	0
415	0
416	0
417	0
418	0
419	0
420	0
421	0
422	0
423	0
424	0
425	0
426	0
427	0
428	0
429	0
430	0
431	0
432	0
433	0
434	0
435	0
436	0
437	0
438	0
439	0
440	0
441	0
442	0
443	0
444	0
445	0
446	0
447	0
448	0
449	0
450	0
451	0
452	0
453	0
454	0
455	0
456	0
457	0
458	0
459	0
460	0
461	0
462	0
463	0
464	0
465	0
466	0
467	0
468	0
469	0
470	0
471	0
472	0
473	0
474	0
475	0
476	0
477	0
478	0
479	0
480	0
481	0
482	0
483	0
484	0
485	0
486	0
487	0
488	0
489	0
490	0
491	0
492	0
493	0
494	0
495	0
496	0
497	0
498	0
499	0
500	0
501	0
502	0
503	0
504	0
505	0
506	0
507	0
508	0
509	0
510	0
511	0
512	0
513	0
514	0
515	0
516	0
517	0
518	0
519	0
520	0
521	0
522	0
523	0
524	0
525	0
526	0
527	0
528	0
529	0
530	0
531	0
532	0
533	0
534	0
535	0
536	0
537	0
538	0
539	0
540	0
541	0
542	0
543	0
544	0
545	0
546	0
547	0
548	0
549	0
550	0
551	0
552	0
553	0
554	0
555	0
556	0
557	0
558	0
559	0
560	0
561	0
562	0
563	0
564	0
565	0
566	0
567	0
568	0
569	0
570	0
571	0
572	0
573	0
574	0
575	0
576	0
577	0
578	0
579	0
580	0
581	0
582	0
583	0
584	0
585	0
586	0
587	0
588	0
589	0
590	0
591	0
592	0
593	0
594	0
595	0
596	0
597	0
598	0
599	0
600	0
601	0
602	0
603	0
604	0
605	0
606	0
607	0
608	0
609	0
610	0
611	0
612	0
613	0
614	0
615	0
616	0
617	0
618	0
619	0
620	0
621	0
622	0
623	0
624	0
625	0
626	0
627	0
628	0
629	0
630	0
631	0
632	0
633	0
634	0
635	0
636	0
637	0
638	0
639	0
640	0
641	0
642	0
643	0
644	0
645	0
646	0
647	0
648	0
649	0
650	0
651	0
652	0
653	0
654	0
655	0
656	0
657	0
658	0
659	0
660	0
661	0
662	0
663	0
664	0
665	0
666	0
667	0
668	0
669	0
670	0
671	0
672	0
673	0
674	0
675	0
676	0
677	0
678	0
679	0
680	0
681	0
682	0
683	0
684	0
685	0
686	0
687	0
688	0
689	0
690	0
691	0
692	0
693	0
694	0
695	0
696	0
697	0
698	0
699	0
700	0
701	0
702	0
703	0
704	0
705	0
706	0
707	0
708	0
709	0
710	0
711	0
712	0
713	0
714	0
715	0
716	0
717	0
718	0
719	0
720	0
721	0
722	0
723	0
724	0
725	0
726	0
727	0
728	0
729	0
730	0
731	0
732	0
733	0
734	0
735	0
736	0
737	0
738	0
739	0
740	0
741	0
742	0
743	0
744	0
745	0
746	0
747	0
748	0
749	0
750	0
751	0
752	0
753	0
754	0
755	0
756	0
757	0
758	0
759	0
760	0
761	0
762	0
763	0
764	0
765	0
766	0
767	0
768	0
769	0
770	0
771	0
772	0
773	0
774	0
775	0
776	0
777	0
778	0
779	0
780	0
781	0
782	0
783	0
784	0
785	0
786	0
787	0
788	0
789	0
790	0
791	0
792	0
793	0
794	0
795	0
796	0
797	0
798	0
799	0
800	0
801	0
802	0
803	0
804	0
805	0
806	0
807	0
808	0
809	0
810	0
811	0
812	0
813	0
814	0
815	0
816	0
817	0
818	0
819	0
820	0
821	0
822	0
823	0
824	0
825	0
826	0
827	0
828	0
829	0
830	0
831	0
832	0
833	0
834	0
835	0
836	0
837	0
838	0
839	0
840	0
841	0
842	0
843	0
844	0
845	0
846	0
847	0
848	0
849	0
850	0
851	0
852	0
853	0
854	0
855	0
856	0
857	0
858	0
859	0
860	0
861	0
862	0
863	0
864	0
865	0
866	0
867	0
868	0
869	0
870	0
871	0
872	0
873	0
874	0
875	0
876	0
877	0
878	0
879	0
880	0
881	0
882	0
883	0
884	0
885	0
886	0
887	0
888	0
889	0
890	0
891	0
892	0
893	0
894	0
895	0
896	0
897	0
898	0
899	0
900	0
901	0
902	0
903	0
904	0
905	0
906	0
907	0
908	0
909	0
910	0
911	0
912	0
913	0
914	0
915	0
916	0
917	0
918	0
919	0
920	0
921	0
922	0
923	0
924	0
925	0
926	0
927	0
928	0
929	0
930	0
931	0
932	0
933	0
934	0
935	0
936	0
937	0
938	0
939	0
940	0
941	0
942	0
943	0
944	0
945	0
946	0
947	0
948	0
949	0
950	0
951	0
952	0
953	0
954	0
955	0
956	0
957	0
958	0
959	0
960	0
961	0
962	0
963	0
964	0
965	0
966	0
967	0
968	0
969	0
970	0
971	0
972	0
973	0
974	0
975	0
976	0
977	0
978	0
979	0
980	0
981	0
982	0
983	0
984	0
985	0
986	0
987	0
988	0
989	0
990	0
991	0
992	0
993	0
994	0
995	0
996	0
997	0
998	0
999	0
1000	0
1001	0
1002	0
1003	0
1004	0
1005	0
1006	0
1007	0
1008	0
1009	0
1010	0
1011	0
1012	0
1013	0
1014	0
1015	0
1016	0
1017	0
1018	0
1019	0
1020	0
1021	0
1022	0
1023	0
1024	0
1025	0
1026	0
1027	0
1028	0
1029	0
1030	0
1031	0
1032	0
1033	0
1034	0
1035	0
1036	0
1037	0
1038	0
1039	0
1040	0
1041	0
1042	0
1043	0
1044	0
1045	0
1046	0
1047	0
1048	0
1049	0
1050	0
1051	0
1052	0
1053	0
1054	0
1055	0
1056	0
1057	0
1058	0
1059	0
1060	0
1061	0
1062	0
1063	0
1064	0
1065	0
1066	0
1067	0
1068	0
1069	0
1070	0
1071	0
1072	0
1073	0
1074	0
1075	0
1076	0
1077	0
1078	0
1079	0
1080	0
1081	0
1082	0
1083	0
1084	0
1085	0
1086	0
1087	0
1088	0
1089	0
1090	0
1091	0
1092	0
1093	0
1094	0
1095	0
1096	0
1097	0
1098	0
1099	0
1100	0
1101	0
1102	0
1103	0
1104	0
1105	0
1106	0
1107	0
1108	0
1109	0
1110	0
1111	0
1112	0
1113	0
1114	0
1115	0
1116	0
1117	0
1118	0
1119	0
1120	0
1121	0
1122	0
1123	0
1124	0
1125	0
1126	0
1127	0
1128	0
1129	0
1130	0
1131	0
1132	0
1133	0
1134	0
1135	0
1136	0
1137	0
1138	0
1139	0
1140	0
1141	0
1142	0
1143	0
1144	0
1145	0
1146	0
1147	0
1148	0
1149	0
1150	0
1151	0
1152	0
1153	0
1154	0
1155	0
1156	0
1157	0
1158	0
1159	0