Compound Id	Ionization constant
1	9.99
2	10.26
3	10.20
4	9.92
5	10.40
6	10.62
7	9.55
8	8.73
9	8.55
10	8.45
11	7.22
12	6.98
13	8.34
14	9.19
15	8.36
16	9.92
17	9.92
18	10.00
19	10.07
20	10.10
21	10.12
22	9.63
23	9.29
24	9.10
25	8.88
26	8.36
27	8.61
28	9.00
29	9.19
30	9.65
31	9.83
32	9.21
33	9.09
34	10.26
35	10.00
36	10.30
37	10.30
38	10.30
39	10.23
40	10.30
41	9.92
42	9.55
43	10.10
44	9.92
45	8.74
46	9.89
47	9.43
48	9.34
49	9.20
50	7.15
51	6.48
52	7.96
53	7.62
54	8.05
55	8.85
56	8.89
57	9.52
58	10.20
59	10.50
60	10.60
61	10.60
62	10.70
63	10.70
64	10.10
65	9.23
66	9.92
67	9.05
68	8.92
69	8.78
70	10.63
71	10.34
72	7.58
73	10.52
74	8.67
75	7.87
76	9.67
77	7.87
78	11.39
79	6.78
80	10.34
81	8.54
82	7.58
83	5.22
84	7.51
85	3.71
86	9.92
87	10.32
88	8.96
89	9.55
90	8.63
91	10.15
92	8.18
93	10.48
94	6.75
95	10.63
96	7.37
97	10.03
98	6.35
99	6.31
100	10.01
101	8.20
102	6.40
103	12.55
104	11.68
105	3.99
106	5.06
107	4.75
108	5.37
109	0.42
110	5.35
111	10.50
112	9.70
113	6.22
114	5.24
115	5.99
116	6.42
117	5.86
118	5.10
119	4.57