Compound Id	MDE [MDEC-22]
6191	0.0
6153	0.0
16425	0.0
6190	0.0
11919	3.0
67991	0.0
291	0.0
6084	0.0
6094	0.0
7555	1.0
6120	0.0
7712	2.381
6308	0.0
9646	0.0
10781	0.0
15802	4.509
17976	1.0
7767	3.965
7604	1.0
7010	0.5
6163	0.0
6340	0.0
8560	5.676
11094	2.381
11023	1.651
11055	1.0
10786	0.0
7619	0.0
10755	0.5
11551	1.5
349	7.473
11035	3.147
11104	1.0
10795	0.0
10445	0.0
7849	9.333
17558	5.676
13439	0.0
13402	3.0
14840	11.241
13448	1.0
13619	13.185
7890	15.160
11882	17.159
11883	19.178
10540	23.267
7929	31.589
11897	33.693
11899	35.803
12017	0.0
12072	0.0
11900	0.0
11901	0.0
11146	0.0
11902	0.0
10542	0.0
11906	0.0
8878	5.296
11585	3.302
13837650	1.0
13853215	0.0
9392	0.0
7674	6.084
6156	0.0
18410	11.098
7024	4.243
15438	7.383
8896	7.071
14751	7.732
221117	3.965
7787	9.125
8908	11.557
8909	13.766
8910	18.571
6188	0.0
10265264	3.302
10179173	3.302
21800	3.965
10325078	0.0
6111	3.0
10265270	11.679
15765	3.965
10179239	11.679
69569	0.0
5730	0.0
13837281	0.0
9724	1.651
7662	1.5
13862559	1.651
7518	3.302
21106571	0.5
13864445	2.381
21106163	0.333
21106540	1.0
6339	0.0
38364	2.381
27488	2.381
11776	1.5
25677	4.850
158870	4.040
157093	3.854
83374	3.879
457144	4.088
135925	3.997
457145	3.769
84188	4.509
136000	4.207
135983	4.040
136001	4.251
136002	4.509
136003	4.251
84235	4.082
82755	2.103
82712	2.144
157094	2.182
103011	2.121
102798	2.210
82762	2.182
11974	0.333
56793	5.155
454495	5.057
40191	5.172
56791	4.866
35581	4.7
56774	3.252
82765	3.196
27793	3.965
82754	2.942
457138	2.621
102897	2.749
457139	3.147
102947	2.575
97173	2.250
102720	2.335
102801	2.702
102833	2.407
102721	2.335
102856	2.407
102933	2.449
103066	2.407
97172	2.289
106355	2.942
102741	0.945
97055	0.909
97198	0.965
34874	5.296
36972	5.758
56788	5.109
533188	5.232
35579	4.922
16182	4.938
46262	5.351
35580	4.749
82818	5.057
56790	6.410
56795	5.034
33458	6.011
82777	5.088
35584	5.074
56785	4.808
56792	5.074
34189	4.575
34859	1.826
84346	2.319
56760	1.720
56755	2.127
33666	1.629
36973	3.387
37744	4.114
46894	3.647
45444	3.138
56769	3.820
56780	3.231
34847	3.034
39406	3.342
35081	3.105
56781	3.268
56771	2.994
102834	2.381
102722	1.651
154865	1.310
96948	1.145
102743	1.310
102857	1.145
154866	1.191
106356	1.651
102787	1.105
97240	1.105
102742	1.310
97257	1.0
97224	0.5
102923	1.0
96868	0.333
96864	0.333
97234	0.25
97233	0.333
154062	0.5
97142	0.2
56782	0.965
36977	0.863
83414	0.814
84348	2.381
82823	0.721
36975	3.839
56778	3.387
43354	3.581
37779	4.509
45445	3.151
36974	3.034
35585	3.439
34848	3.209
84344	3.925
34850	3.268
82819	3.630
56772	3.070
82820	3.839
16415	6.084
56779	3.540
56768	3.247
56777	3.042
84345	3.624
34668	3.081
96965	0.0
33198	0.0
82783	2.407
34852	2.066
37000	2.193
37019	1.740
56765	2.066
39198	1.969
82740	3.965
56761	2.575
56756	2.004
56766	1.873
83413	1.651
34851	1.720
36976	1.826
56767	1.640
56763	1.890
56787	5.688
35583	5.351
82807	5.155
56794	5.057
33386	5.688
33457	6.946
47912	5.146
82817	5.286
46893	4.892
33280	4.973
35582	4.7
33304	5.286
46263	5.844
15827	0.0
33407	0.2
36985	1.0
35205	0.167
15637	0.143
82821	0.5
34853	2.407
37745	2.702
36978	2.004
34190	1.677
34191	2.335
36771	2.250
36710	1.669
56757	2.144
549017	3.533
84347	1.983
56764	1.931
56758	1.969
47914	1.794
56762	3.302
33984	2.004
33983	1.669
34860	1.105
82738	0.825
36982	0.965
36979	0.728
47915	1.651
56783	0.945
36981	0.766
37004	1.651
36980	0.669
82751	0.0
36989	0.0
33282	3.769
46285	4.330
46284	3.302
82806	3.517
56776	3.090
47913	4.251
32952	3.377
45446	3.151
43353	3.596
56773	3.439
33281	5.470
56786	5.798
56789	5.146
33456	4.850
46264	5.814
36990	1.0
35912	0.25
45448	0.5
36987	0.2
36988	0.333
33986	1.310
36983	1.105
36986	0.965
45447	2.381
35566	1.651
47916	0.945
46137	1.5
550258	0.814
33985	0.909
15484	0.0
34854	2.449
46136	2.335
82736	2.250
56759	1.931
36984	1.944
56775	3.809
56770	3.540
35206	0.0
34192	0.333
82822	0.5
35108	1.145
33316	2.289
21106570	0.0
23208	0.0
4514529	0.0
6132	0.0
9016	0.0
4514586	0.0
4514549	0.0
11083	1.5
6988	1.651
11366	0.5
1253	6.084
3102535	6.084
6186	0.0
13836549	0.0
13868660	3.302
457140	5.086
107412	0.0
12197	1.0
61346	0.0
6187	0.0
13866746	0.0
13857694	3.533
13866817	3.302
9253	0.0
83734	0.0
5977	0.0
29040	0.0
6108	0.0
10054	0.0
16841	0.0
13837280	0.0
9254	0.0
21106179	0.0
692	0.0
12201	1.0
6151	0.0
62827	0.0
8883	6.529
13837988	3.965
13875356	3.533
13875212	3.965
11038	3.302
2282428	0.0
9251	0.0
71312	0.0
11153	0.0
454215	0.0
15077490	0.0
2018165	0.0
6119	0.0
2293678	0.0
109705	1.5
10765	0.0
56442	1.0
4449912	1.0
22814	0.0
99596	0.0
13835316	0.0
6098	0.0
14694	0.0
13836674	1.0
13875160	3.302
23055	0.0
14829	0.0
6105	0.0
553742	1.0
6104	0.0
558928	1.0
6086	0.0
2056044	0.0
3441	0.0
6130	0.0
12577	0.0
34863	6.987
34866	7.298
34665	7.175
34664	6.926
37904	7.543
34864	6.965
34188	7.642
34865	7.003
34868	7.298
37905	8.364
34869	7.352
37918	7.729
37915	7.189
34867	6.926
25605	7.938
26011	6.977
34870	7.495
34666	7.137
21924	7.252
34667	7.533
34871	7.159
34873	7.614
56784	8.570
34872	7.226
8351654	0.0
22408	0.0
73583	0.0
2340753	0.0
10325184	0.0
21111806	3.533
21108550	3.302
9325	3.965
9228	3.302
4444456	2.381
11708	3.302
6093	0.0
6148	0.0
13838404	0.0
6179	0.0
748	0.0
9256	0.0
10614293	0.0
11109	3.965
24142	21.215
13622	19.178
16180	17.159
7891	15.160
29025	9.333
12635	13.185
11121	5.676
7713	2.381
12809	11.241
7833	7.473
7556	1.0
7954	0.0
555074	5.676
4516601	7.473
4483639	2.381
4516599	7.473
4512361	7.473
4483638	2.381
4512642	7.473
6085	0.0
8544	7.071
7788	9.125
6149	0.0
10053	0.0
11117	9.125
6827	15.690
7676	6.084
13875281	3.965
13875230	3.533
6128	0.0
391	0.0
71390	0.0
2916	0.0
558875	1.0
12446	1.0
7957	0.0
10113	0.0
6087	0.0
18971812	0.0
13299573	0.0
3631	0.0
15755	6.332
67470	6.047
15756	6.089
15524	5.999
14441700	0.0
2062437	0.0
11911	0.0
11154	0.0
30713	0.0
21106172	0.5
127983	0.0
11148	0.0
10512	3.965
10526	5.676
24590970	0.0
11865	7.473
6042	0.0
13875320	3.965
7673	6.084
13875258	3.302
13875392	3.533
21108548	3.302
14995	6.120
14994	6.120
15475	6.632
15478	6.679
518	0.0
967	0.0
12499	0.0
71433	0.0
9484	0.0
11099	2.381
11110	3.965
11086	6.084
14692	11.241
24263	1.651
11857	11.557
391428	1.651
6309	0.0
7557	1.0
558883	2.381
56020	2.381
553642	13.766
16791	7.473
454209	0.0
9633	9.333
9377	5.676
9243	0.0
923	0.0
7850	9.333
7714	2.381
10437	1.0
6097	0.0
6083	0.0
10487	6.084
9614	6.084
13861343	0.0
11756	0.0
15476	6.164
274	0.0
56144	0.0
11864	7.473
11845	5.676
6125	0.0
12456	11.241
17880	9.333
7558	1.0
29036	0.0
1087	0.0
7001	0.333
10606755	0.0
55075	0.0
13868640	3.302
11351244	5.296
7090	6.084
7553	1.0
61213	0.0
23886	9.460
33421	9.598
15477	6.288
26010	10.020
30600	9.536
33455	9.972
33934	9.651
33932	9.634
15473	9.634
17099	10.410
17098	9.765
33933	9.955
15474	9.907
63863	0.0
454638	4.082
6121	0.0
6315	0.0
7330	7.071
6307	0.0
12219	11.241
7848	9.333
11863	7.473
7810	5.676
7766	3.965
7711	2.381
7552	1.0
6092	0.0
6088	0.0
26516	9.563
11087	6.084
8543	2.381
12209	3.965
9286	0.0
11806	2.381
6342	0.0
120464	0.5
7733	0.5
7738	4.243
21111820	1.890
8329688	0.0
6735	8.737
92731	0.0
6326	0.0
19766	0.0
6665	1.651
512621	0.0
9642	0.0
10124	0.0
6118	0.0
12010	5.676
11830	3.965
10497	2.381
31029	1.0
10340	2.381
1108	6.084
236	9.125
13875283	3.302
13840690	7.732
6737	8.737
6789	8.781
15620	3.997
2927	8.692
3973	0.0
12442	1.0
6095	0.0
10675065	0.0
11961	0.5
21111772	0.333
12228	6.084
1406720	4.088
6364	1.890
7180	3.302
7182	3.302
10669	3.302
55090	0.0
61487	0.0
6100	0.0
10410	7.732
13492	17.398
15747	19.421
13487	15.395
7385	9.563
10404	13.416
7419	11.468
7219	7.732
7739	4.243
9903	9.480
8868	6.862
16159	0.0
13300034	7.614
2018460	0.0
61149	0.0
11954	1.0
13029	1.0
13875432	3.533
7151	0.5
63054	0.0
7098	3.533
9095782	0.0
6635	0.0
8356	6.946
7128	6.084
15461	6.946
7521	3.302
7641	3.533
7672	6.084
6967	3.965
21168808	2.381
7220	7.732
8876	11.894
2928	8.692
13030	0.5
13875441	3.533
10975	1.5
10870	1.651
218253	12.407
15488	12.585
6122	0.0
11727	0.0
6316	0.0
12674	15.690
8097	11.679
21106032	3.965
551	9.714
15621	3.769
6106	0.0
38403	0.0
7551	1.0
21111822	3.302
7681	6.084
8140	1.651
9360	3.533
61191	3.302
66675	0.0
20939	3.302
6999	0.333
7088	6.084
8531	6.604
7448	6.580
11660	4.884
8335	6.679
11409	5.086
7248	4.941
11661	4.884
221082	9.563
67653	11.241
10831	6.120
26260	4.088
2283071	2.182
21112738	1.0
66567	0.0
65	1.651
11769	3.533
15489	12.782
6828	15.690
7183	3.302
7659	1.5
10253	3.965
6977	1.651
10236	2.381
7129	6.084
10829	6.120
68437	4.509
906	11.679
8067	0.0
14198	1.651
10979	3.302
7181	3.302
13836713	1.0
6103	0.0
7170	3.533
10534	11.557
21171407	1.0
71437	6.529
13063	10.602
13851576	7.732
7302	13.995
2915	9.714
62826	0.0
11369	0.5
10857	2.381
13875219	3.302
13842573	3.302
10432	3.302
541032	0.0
17619	0.0
4611	11.468
9990	1.0
28993	3.147
7815	5.676
7560	1.0
7721	2.381
12259	0.0
11667	3.302
10851	6.047
10813	6.288
8807	10.622
16641	0.0
11731	0.0
8950	9.563
13677	10.647
6736	8.737
10849	6.164
15619	3.879
4932499	2.407
6057	8.692
13860817	1.651
11778	1.5
12640	0.5
6480	4.745
776	6.862
13047	0.0
18707	1.651
21106018	1.651
6402	1.651
68179	6.632
10850	6.332
9350	3.302
10664	3.533
8577	13.185
14349	11.241
7852	9.333
14680	7.473
7776	3.965
7420	11.468
66565	2.381
6592	12.460
21106020	3.302
13853953	3.965
10364	7.732
13860720	1.651
6633	2.381
69371	0.0
6478	10.622
6788	8.781
73412	3.965
10909	5.999
10918	6.089
21168831	9.563
10841	6.632
15861	4.251
21106146	3.533
21106013	3.533
21106036	1.651
9187483	20.301
7736	4.243
21106169	0.0
12821	4.941
10400	15.875
1095	4.243
70682	11.241
11862	7.473
12044	12.407
12045	12.585
12047	12.782
12699	11.878
10864	3.965
7568	1.0
9326	3.965
10980	3.302
955	3.302
10772050	0.0
6079	3.302
9461	0.5
7817	3.147
7732	0.5
1039	0.0
11871	2.407
7786	0.333
9581	3.533
7710	2.381
7809	5.676
7765	3.965
13872122	11.468
2923	2.942
9574	3.533
10972	3.533
11294	6.120
6588	8.737
6642	0.0
13875196	3.302
10908	6.679
12682	4.082
21106144	3.965
13863774	3.302
7138	6.084
66655	0.0
24326358	1.969
7238	6.084
12069	5.676
191367	3.965
11799	2.381
21106014	5.086
12478	4.884
7315	11.757
23150	0.0
11729	0.0
14866	4.884
21105959	3.965
13865438	3.302
21106135	3.533
7383	9.563
62534	4.251
62408	4.509
7389	6.946
13869451	3.533
6974	3.965
7961	0.0
13835772	3.965
971	6.084
11588	3.302
8800	13.894
66656	0.0
21106019	4.884
7615	1.0
13647	6.084
7013	0.5
6135	0.0
13854248	3.965
13869339	3.302
13837686	3.965
13839082	3.302
553649	19.672
10536	6.120
7239	6.084
7391	6.946
21111817	5.086
6102	0.0
4444102	4.001
69982	0.0
9233	0.5
387	0.0
7299	17.655
7224	7.732
5739	18.197
8804	17.271
6338	0.0
13863618	5.086
278	0.0
29153	14.164
5979	0.0
7827	2.942
18607	1.0
18219	0.0
11783	3.533
10586285	6.862
21105871	3.533
6739	8.737
434	3.533
10205670	0.0
24043	0.5
68676	1.651
6852	8.781
7546	0.5
15495	6.547
10328	3.965
7145	3.533
13846959	3.302
937	0.0
9363	3.965
62632	25.332
78998	23.267
11884	19.178
16177	17.159
15853	15.160
67360	13.185
11866	7.473
15846	11.241
29026	9.333
11846	5.676
7770	3.965
7717	2.381
19475	0.0
7685	3.965
87265	4.884
21106148	3.302
8817	18.293
7566	1.0
13853943	3.965
15486	8.074
18920	5.676
9391	0.0
28982	4.884
13839110	1.5
9824	9.714
11434292	0.0
65763	2.621
68328	0.25
331	3.965
21169510	0.0
7689	3.965
63906	4.884
2246	17.655
13837787	3.965
13839151	2.381
13865680	5.086
11604	4.941
12060	6.679
14678	8.570
11489	3.965
2991	13.995
21106365	8.916
23101	0.0
55123	6.632
12012	4.832
11125	3.147
7782	1.651
7734	0.5
7577	0.0
13630	3.302
7278	7.732
6781	3.965
13839128	1.651
7202	4.884
235	7.732
11584	3.302
13571291	1.0
6807	10.410
13839174	2.381
13839105	1.651
13846663	3.302
8657	3.533
11589	4.884
9579	3.302
11755	0.0
7761	1.651
10492	0.5
11784	3.533
11785	3.302
6311	0.0
21106524	5.086
89076	13.161
14227	3.533
19476	1.0
2185	12.738
62484	3.302
6838	14.126
10257	3.965
8799	17.417
10498	2.381
9349	3.302
13839123	1.651
11576	1.651
8071	3.965
21105795	4.941
8374	9.010
11761	0.0
7956	0.0
6794	8.570
924	6.084
12637	9.695
6775	6.679
5889	6.084
21106091	4.251
3951	0.0
763	0.0
5882	3.302
7140	3.533
238	6.084
9994	2.381
61001	3.533
2003	1.890
21168826	4.941
20124	6.332
8816	18.570
8788	17.848
11672	6.580
29008	4.243
6550	3.965
6688	0.5
61538	1.0
10246	0.5
79969	8.570
15093	4.884
7176	3.302
6840	11.657
7616	0.0
61111	3.533
4446445	9.333
4444608	5.676
394562	2.381
30595	3.965
8899	1.890
13876539	9.563
62310	5.155
7234	6.084
16804	0.0
21105998	1.651
12244	0.5
61411	0.0
6333	0.0
6706	1.651
8060	11.934
8341	8.781
10441	0.0
11833	2.381
6406	0.0
13835126	3.302
65701	3.302
6023	6.946
5678	21.835
10248	0.5
69177	0.0
10244	0.0
9911	0.333
1005	0.0
8552	3.965
7803	5.676
171	0.0
122090	0.0
8070	3.965
13846749	3.839
13859497	3.879
10652594	0.0
11841	0.5
11749	0.0
8569	6.120
12220	9.658
7823	2.942
11849	3.147
3168	0.5
455420	7.473
10709	1.0
13837797	2.942
71876	7.473
18688	0.0
62249	0.0
55084	5.296
7694	3.839
7482	2.407
11716	4.330
7515	1.310
7076	2.381
7757	11.862
7511	7.964
7509	6.101
29005	4.330
10420	2.702
7475	1.310
7463	0.333
11910	0.0
7872	9.333
7875	13.185
7913	17.159
8568	5.676
14846	9.333
7800	7.473
11843	3.965
29012	2.381
7538	5.676
7536	3.965
7706	1.0
11680	1.0
11706	2.381
10653	0.0
7012	0.5
11065	1.0
28981	4.611
8525	0.0
7081	1.5
6313	0.0
6335	0.0
441	9.333
7838	7.473
5949	5.676
29029	11.241
7772	3.965
256	2.381
512	1.0
172	0.0
15443	7.732
66021	1.651
8674	3.533
13863629	3.302
13835351	3.243
6773	3.439
16736486	0.0
6621	5.086
13860641	5.086
21106525	4.884
13854136	3.965
13835151	3.302
10991	4.941
13860692	3.533
1019	2.381
62517	4.330
10903	12.585
6177	0.0
7064	1.0
6341	0.0
259	1.0
13249	21.215
7701	2.381
7888	13.185
12013	17.159
2863	11.241
7866	9.333
10033	25.332
370	7.473
12071	29.494
10035	31.589
4963	3.965
6907	5.034
553171	1.0
2041618	0.0
9411	0.0
7559	1.0
15965	7.543
6897	6.410
6883	6.084
7211	3.302
21105897	4.114
5439	0.0
7190	3.302
7469	0.5
10001	0.0
11625	3.533
6586	8.737
6675	3.965
472932	0.5
7073	0.0
8554	6.084
55130	1.0
10433	0.333
11992	0.0
7671	0.0
10446	0.0
7657	0.333
22453	0.25
7065	0.0
11045	2.702
7472	0.0
11207996	0.5
29016	1.0
7747	0.0
7627	0.0
10571	0.0
11647	6.084
66809	3.965
13865424	4.884
7175	3.302
7157	3.533
21112023	3.302
11582	4.941
7172	3.533
16119	1.0
864	0.0
79280	7.298
28947	3.533
7042	1.651
13837760	3.965
76894	0.0
205483	3.302
7737	4.243
6322	0.0
7132	6.084
8763	17.218
13848808	3.965
10837	2.381
13869434	1.651
21159695	6.679
6835	12.782
21108576	3.302
7533	1.5
56559	25.332
9053802	17.159
29000	1.0
7434	4.611
6312	0.0
8398	0.5
11898	33.693
72522	31.589
7928	29.494
14348	27.408
2581	25.332
11891	23.267
7917	21.215
7915	19.178
7901	17.159
7892	15.160
7882	13.185
8574	11.241
932	9.333
7812	5.676
7837	7.473
6040	3.965
258	2.381
1004	1.0
682	0.0
13872989	1.0
8665	3.302
6950	3.965
552744	1.0
70806	13.948
11671339	0.945
10251740	2.381
69914	0.75
13862665	1.0
21168813	3.533
175	0.0
6630	2.381
13840647	2.381
13860491	1.651
13839012	12.407
20545	23.267
8012	0.0
9564	1.651
7044	1.651
11003	13.995
10452	0.0
6314	0.0
4510484	4.611
66896	23.754
10437074	1.5
21105878	3.302
13839308	9.563
6753	8.916
374462	1.0
13869462	1.651
21106519	8.570
13860775	3.965
21106015	1.0
11809	2.381
12823	4.884
6649	0.5
6035	4.251
61739	6.164
392447	9.563
7142	3.533
66895	15.632
66887	13.691
9893	8.364
63518	11.811
59482	10.020
10696	0.0
67414	4.308
7074	0.0
7670	0.5
10797	0.0
6176	0.0
7534	1.191
10791	0.0
28986	2.942
10788	0.0
7621	0.0
10777	0.0
12972	9.658
9976	6.120
7514	3.147
215929	4.832
11025	1.651
7016	0.5
7871	11.241
21153	13.185
7802	5.676
12218	9.333
12632	7.473
7760	3.965
11095	2.381
7607	1.0
6321	0.0
558020	1.651
7790	1.5
6881	6.946
12061	11.468
67460	13.416
6790	8.781
8319	8.737
62964	0.5
62467	3.533
11193	0.0
11591	4.884
10411	3.302
10181338	3.302
59573	0.0
14998	0.0
13837190	0.0
1020	6.084
8141	4.243
8186	3.302
11600	1.651
10169	26.959
10343	0.5
447	3.965
12643	6.084
13846658	12.782
11596	4.251
28973	7.352
27296	5.688
11651	4.251
466305	3.302
9218	3.533
8183	3.533
7189	3.302
4878	3.533
13848793	6.632
21108577	3.302
123	4.884
26824	0.0
7028	2.381
7478	0.25
62489	3.302
21429023	0.0
2275	1.0
13835344	3.302
11793	2.381
13871721	2.381
6164	0.0
65785	7.352
6674	3.965
10616	3.965
526	4.884
11228	0.0
7003	1.0
21106520	3.533
13874733	3.302
6780	8.737
8098	8.781
70714	1.5
28969	6.084
7241	5.086
6577	13.995
9120	1.651
13853758	3.302
11525	0.5
4481813	0.0
13876103	4.557
8058	10.155
6593	9.714
14672	0.0
13850082	3.147
63903	6.679
17443	1.651
62808	1.5
6855	8.781
13638	10.325
18717	0.0
15954	1.0
7622	0.0
7310	6.011
63156	5.676
12626	3.965
28994	0.0
61765	6.946
10772140	0.0
13860335	7.732
10939	3.965
3463	1.0
7679	6.084
6296	1.5
5894	0.0
11586	3.302
1448	1.651
217	0.0
7459	1.651
11024	1.651
7026	4.243
11239	0.0
11861	7.473
11036	3.147
11029	2.942
11794	2.381
10511	3.965
21011	1.0
11678	1.651
3644	0.0
6320	0.0
10947	0.5
10787	0.0
60524	0.0
55091	0.0
2606	0.0
7208	3.302
1446	1.651
8520	0.0
7626	0.0
11526	0.0
124968	2.381
21105905	4.941
21106560	4.884
10437215	3.439
2039535	2.250
7161	1.651
13885245	8.185
62472	3.533
7678	6.084
11819	1.0
99440	0.0
123993	1.145
12225	1.0
693	0.0
11080	3.533
10197150	1.0
13255	1.0
83962	1.651
13839199	3.965
13634	4.941
7221	4.884
456015	2.381
7030	1.0
8860	11.657
642951	1.651
11773	6.604
6898	6.946
8262	6.632
6089	0.0
13835977	1.0
7677	6.084
60121	4.509
21106518	3.533
9970	8.255
8273	6.632
73479	1.651
7443	3.302
86394	0.0
9454	4.884
8282	6.332
13856959	14.545
6453	6.744
78828	0.167
62530	6.632
7242	5.086
65750	10.518
24041	3.965
5708	0.5
23730	0.0
23621376	0.5
21111781	5.086
7225	4.884
21106470	6.120
247721	11.468
7029	2.381
21106581	3.302
11283	26.959
156255	2.381
13869480	3.533
11488212	1.651
10992	4.941
62597	2.381
4937830	1.0
844	0.0
21105870	11.468
2005981	0.0
199342	5.957
6745	6.946
6916	6.525
11996	0.0
55188	0.0
11077	1.5
7240	5.086
66996	2.381
25886	2.942
12957	1.0
19953955	1.651
21943	2.381
19956441	3.147
19957731	8.507
7636	0.0
6146	0.0
62230	2.942
59674	3.965
11021	4.884
21106535	0.5
10181339	9.563
5596	3.965
13849989	4.509
132	3.302
70715	2.381
15855	1.651
84036	1.651
13328	0.0
10784857	0.0
22191	1.651
6123	0.0
8576	13.185
7851	9.333
15387	11.241
7811	5.676
7835	7.473
7769	3.965
7716	2.381
7564	1.0
6101	0.0
7466	0.0
11732	1.0
15803	1.651
7236	6.084
4437893	18.274
4489	3.302
12066	1.890
13835836	0.25
6720	1.651
11042	1.651
10940	2.381
10937	1.651
20570	3.965
19477	3.147
14169248	1.651
13648	3.965
15409	10.097
78	4.941
17868	9.972
4449	3.965
75951	3.147
72551	4.832
72793	2.407
11543	1.0
18	2.381
21105848	3.147
556589	8.364
880	6.084
7155	1.5
16359	1.651
8329	12.738
13842613	2.381
21132380	1.651
29001	0.0
11632	2.942
30516	4.509
26325090	6.120
21106145	3.533
10488	3.965
10292746	0.0
68832	0.5
23255	0.0
11699	1.105
11695	0.25
11739	2.381
11194	0.0
6165	0.0
10008	3.965
10790	0.0
62466	3.533
11595	3.302
6492	6.120
10451	0.0
2975965	10.862
8900	0.5
11230	0.0
99681	3.302
29015	3.302
8904	3.302
10018	3.533
12954	6.120
13867413	1.0
13054	7.732
24641	3.686
11056	1.0
11216	1.651
11210	1.5
11795	2.381
789	0.0
7131	6.084
13854242	3.839
1266019	4.509
558878	4.509
25890	7.880
68152	0.0
65936	2.621
11180	0.0
5830	9.563
6610	10.155
62485	3.302
10756	3.302
10181341	7.732
58234	1.651
5142	3.302
136966	2.942
64155	3.302
553578	4.509
18724	3.302
7688	1.651
220998	9.658
654	0.0
4366810	1.105
10422	0.25
558917	4.509
57726	6.529
6330	0.0
61707	0.0
10892	3.965
89258	0.5
18019	0.0
13860434	2.942
60886	0.0
13871718	11.468
1114	0.0
68224	1.310
68503	0.0
24533	2.621
8903	3.533
11265	0.0
120489	2.381
13869414	3.302
6301	3.147
19709	3.965
1664	3.302
2241	6.084
11107	2.381
10986	3.302
2441	1.651
137720	5.999
5593	4.745
4599	6.946
13836589	1.0
21106173	0.0
707	0.0
10384035	2.575
8855	6.332
5026296	1.651
10464	1.0
59483	0.0
17131	6.084
12161	0.0
26325086	0.0
7856	6.120
8562	2.942
7730	0.5
173	0.0
191058	3.533
9219586	17.672
65234	4.001
56117	0.25
21106366	7.732
25889	0.0
192748	1.5
13850142	3.302
390927	3.302
69340	13.416
81815	0.0
1577	0.0
71	1.651
6514	8.179
4445317	4.207
14556	3.839
20132	17.770
21782117	0.0
6774	2.381
11752	0.0
8960	0.0
6334	0.0
11460	6.084
10438331	5.086
10628694	3.965
6604	3.769
10756390	1.890
13803	0.0
63631	0.0
11788	6.084
455090	2.381
7223	7.732
11629	2.942
13856352	9.563
55443	15.395
453675	17.398
11465	6.410
120621	0.0
20119	1.0
55205	2.381
13816	0.0
26765	1.0
21181	2.381
10254	3.965
4962	5.086
592	0.0
7146	1.5
8521	0.0
29117	13.995
78467	4.884
28682	1.651
222538	1.5
7630	0.0
15427	11.468
11286	2.381
67465	1.5
10243171	3.302
11332993	3.533
392	3.302
206493	1.651
1361549	16.323
109838	1.651
28992	0.333
20843	1.0
13229	0.5
17784	0.0
12816	4.884
13104	13.995
5993	0.0
62589	3.302
7686	3.965
7624	0.0
7406	4.884
192642	0.0
70988	5.927
7018	0.5
3350	1.651
21361761	10.941
13849981	3.147
71089	2.381
10437135	2.250
65523	1.651
21106900	1.651
58563	3.302
86435	6.679
15413	0.75
10449	0.0
6842	8.916
7506	4.509
2656	3.302
13836520	2.407
9943	4.941
5978	0.0
17347	6.084
12445	0.0
3008	1.651
3277	9.972
9965	6.679
6270	1.5
13848341	1.0
26325182	2.121
105291	0.0
7791	6.084
71193	6.084
2925	8.015
70652	8.570
2424	0.0
21105859	4.884
502245	3.302
123860	5.269
73390	2.004
9088156	2.381
13848467	8.364
72556	10.020
122446	0.0
773	1.890
13835235	1.0
21106140	4.557
7480	5.842
108106	6.883
21106008	2.942
14299946	0.0
502855	3.302
7340	12.438
8158	1.5
13835376	2.525
127750	2.942
13839109	1.651
25552	2.182
13865630	1.895
256210	8.781
15702	3.533
589165	6.084
64699	0.0
5915	6.084
764	3.302
953	3.302
2157	3.965
3544	4.884
2038738	2.942
10710415	0.0
1348	1.890
13867714	9.460
59577	1.145
29107	0.0
15517	3.965
4103087	0.5
10996	3.533
194092	6.084
7092	6.084
13835224	0.0
1078	1.0
499714	0.0
11557190	0.125
970	14.847
24972	0.0
24535	1.310
8902	3.965
10437836	1.651
10437239	0.5
14627	8.737
25472	1.651
8470	3.302
3210	8.691
76154	6.084
13836591	1.651
455353	6.239
6658	3.965
26325085	14.403
124	4.884
13662	3.302
62265	2.381
13836399	4.509
16778	2.942
7705	1.0
11694	0.25
123207	3.302
67594	13.995
992	3.965
11930	0.0
13644	3.302
60329	1.651
7727	1.0
7728	1.0
7021	0.0
10948	0.5
1143	0.0
376	5.676
10801109	1.5
8030	13.995
8093	12.738
13658	0.0
21106586	0.0
21105699	9.907
13865426	0.333
71628	4.611
13837329	3.965
13837319	10.342
8241	7.244
11422351	2.381
1609	2.381
83866	3.965
67270	3.533
20198	1.0
361	0.5
7199	4.884
14916	8.663
10733068	2.648
16736498	0.333
6528	17.490
2297441	0.0
6033	3.302
13839553	2.381
10025	7.473
6524	4.758
8243	13.799
13860	6.084
1015	1.040
204209	13.161
61266	0.0
13874867	0.0
71430	1.0
13837303	4.758
7397	7.732
26325087	11.862
1906	3.302
363458	1.651
7684	3.302
13856009	3.533
1278	9.096
76394	4.884
7279	6.084
71787	0.0
11244	0.0
63889	3.302
13835336	1.0
83850	3.965
13835209	3.965
5004	11.241
7150	0.5
15016	29.494
503239	1.5
13837537	3.302
20848	0.0
13835293	0.5
6371	8.692
9873	8.916
11610	6.410
13839441	5.676
72056	19.178
34095	15.160
18685	13.185
62628	11.241
11875	9.333
40130	2.481
191	3.965
8528	2.381
10101	0.0
2849146	2.381
185	0.25
4590	4.251
18177	3.302
13854944	1.0
13836021	1.0
13884973	0.0
68568	3.302
13842001	2.942
15753	2.381
8733	2.381
1266393	1.0
6600	10.647
3693	11.205
4333	6.267
13090	13.995
13839416	7.473
16387	3.925
659	0.0
10437210	1.651
13835861	0.0
4927801	10.147
64016	10.307
23977588	0.333
11422	6.084
5027	0.167
13257	3.302
26325088	11.024
960	23.267
19231	4.884
10437335	2.319
12874	0.0
13303	0.167
12229	6.084
2457	14.076
29282	0.0
1710	13.995
913	3.533
2625	12.360
18941	0.0
4760	0.0
2169	0.0
13302	0.0
21109330	0.0
14021447	0.1
8182	3.533
12705	0.0
33617	0.0
1141	1.0
16388	2.381
26325089	25.118
63968	12.782
13811	1.890
12231	3.965
2699	18.211
70660	0.0
18336	6.946
4768	0.0
63908	3.302
221226	4.251
6287	0.75
2075	21.477
24099	3.965
10801842	0.945
27749	1.651
18801	7.473
68156	5.676
5660	10.503
5091	27.408
917	7.575
3741	2.381
1151	0.0
9797	5.717
7600	4.509
5554	10.503
8111	14.733
11439687	6.946
4759	0.0
2937774	3.839
2206	0.5
63310	1.0
10106	4.173
30881	0.143
206561	3.302
7745	1.0
1262	5.999
13835294	8.916
28552	0.143
59447	1.651
7528	0.333
13835459	3.302
13837702	3.965
415	2.381
65272	13.955
48024	3.302
13866593	5.676
7530	3.302
133166	11.851
4268	1.969
14620	0.0
299166	3.302
5976	0.0
13839575	2.942
4444100	5.841
12133	0.167
42330	1.651
768	0.25
5791	10.503
5233	4.906
4575	1.310
14256731	4.913
60858	12.738
4444107	6.704
8935	6.084
26325080	0.083
2079	1.651
44152	1.651
12933	4.786
36029	4.354
7964	0.25
6193	0.909
3548	4.027
3918	14.164
106796	10.269
577	1.0
744	0.0
8124942	10.182
305	0.5
4624	8.044
2908	10.310
83191	10.503
91432	4.906
8101973	6.992
13835550	1.0
4911	12.425
7703	2.381
5932	11.851
6002	10.503
4777	10.991
120548	3.302
5139	4.560
13835604	2.942
5774	11.454
11917	44.548
2068	0.0
3841535	10.269
13835706	0.5
92468	14.415
92494	12.823
5198	8.663
5026	5.729
12730	2.381
2121	6.410
3216	2.027
5236	0.0
8912	9.350
3513	0.909
3322	4.505
26325183	9.304
17339596	0.0
5145918	0.721
733	0.5
6646	0.25
56232	9.333
14688	17.159
10227261	5.269
26325081	0.071
13871489	0.143
13835630	6.377
13835932	0.333
13849665	5.851
559096	15.968
4745	7.535
13850879	2.264
230	0.0
5557	7.739
12549	26.959
2700	7.643
4744	7.535
62060	2.407
4343	3.589
3584	7.030
26286843	8.370
75956	16.222
197564	11.851
84971	0.25
388391	0.25
86007	1.276
4471584	3.944
3652	2.381
5550	9.152
5553	8.560
7984	3.0
12586	12.438
26325082	0.063
5709	3.302
30572	1.0
5376	2.381
3534	10.912
3438	22.298
33416	12.658
11632871	14.736
6066	6.047
8103122	1.677
440	0.2
24722	23.490
15789876	7.773
4447447	6.199
4470736	7.233
96749	0.2
4228778	14.169
32555	0.843
49179	7.785
4450907	6.199
5775	15.302
26325083	0.056
193441	9.152
509179	19.638
5633	11.281
5162	7.045
10162	3.453
5541	7.098
5552	9.152
2654	2.583
4444553	3.243
5113	14.055
4380	7.670
4575338	6.199
48085	7.785
26325084	0.050
21106058	26.314
26563	15.849
21105591	26.555
5551	9.152
2760	9.152
9786472	11.153
196288	14.222
139025	17.783
5542	9.152
19232037	9.941
19232038	12.606
18547147	14.222
21587143	17.783
2271976	8.146
15520	30.898
4444479	9.409
5807	0.965
54833	15.179
75995	30.964
21106077	0.0
58496	11.643
21106059	11.492
6013	6.084
1043	1.340
21105594	0.0
10481872	6.455
21486195	5.284
4067	11.330
5768	0.520
31006	3.302
75662	3.081
29400	4.008
4444362	2.985
6045	15.016