Compound Id	ChiChain [VCH-7]
6191	0.0
6153	0.0
16425	0.0
6190	0.0
11919	0.0
67991	0.0
291	0.0
6084	0.0
6094	0.0
7555	0.0
6120	0.0
7712	0.0
6308	0.0
9646	0.0
10781	0.0
15802	0.0
17976	0.0
7767	0.0
7604	0.0
7010	0.0
6163	0.0
6340	0.0
8560	0.0
11094	0.0
11023	0.0
11055	0.0
10786	0.0
7619	0.0
10755	0.0
11551	0.0
349	0.0
11035	0.0
11104	0.0
10795	0.0
10445	0.0
7849	0.0
17558	0.0
13439	0.0
13402	0.0
14840	0.0
13448	0.0
13619	0.0
7890	0.0
11882	0.0
11883	0.0
10540	0.0
7929	0.0
11897	0.0
11899	0.0
12017	0.0
12072	0.0
11900	0.0
11901	0.0
11146	0.0
11902	0.0
10542	0.0
11906	0.0
8878	0.471
11585	0.030
13837650	0.0
13853215	0.0
9392	0.0
7674	0.102
6156	0.0
18410	0.072
7024	0.0
15438	0.072
8896	0.0
14751	0.072
221117	0.167
7787	0.0
8908	0.0
8909	0.0
8910	0.0
6188	0.0
10265264	0.167
10179173	0.167
21800	0.167
10325078	0.0
6111	0.0
10265270	0.236
15765	0.167
10179239	0.236
69569	0.0
5730	0.0
13837281	0.0
9724	1.179
7662	0.082
13862559	0.082
7518	0.086
21106571	0.094
13864445	0.082
21106163	0.094
21106540	0.094
6339	0.0
38364	0.102
27488	0.102
11776	0.142
25677	0.133
158870	0.123
157093	0.124
83374	0.124
457144	0.123
135925	0.121
457145	0.123
84188	0.110
136000	0.123
135983	0.124
136001	0.124
136002	0.123
136003	0.125
84235	0.126
82755	0.139
82712	0.138
157094	0.141
103011	0.139
102798	0.136
82762	0.139
11974	0.164
56793	0.127
454495	0.133
40191	0.127
56791	0.133
35581	0.133
56774	0.148
82765	0.148
27793	0.117
82754	0.134
457138	0.135
102897	0.135
457139	0.134
102947	0.132
97173	0.134
102720	0.134
102801	0.132
102833	0.139
102721	0.139
102856	0.138
102933	0.141
103066	0.139
97172	0.143
106355	0.139
102741	0.149
97055	0.150
97198	0.149
34874	0.133
36972	0.127
56788	0.133
533188	0.127
35579	0.133
16182	0.133
46262	0.127
35580	0.133
82818	0.127
56790	0.107
56795	0.127
33458	0.107
82777	0.127
35584	0.133
56785	0.133
56792	0.127
34189	0.133
34859	0.163
84346	0.157
56760	0.163
56755	0.157
33666	0.163
36973	0.148
37744	0.136
46894	0.148
45444	0.148
56769	0.136
56780	0.148
34847	0.148
39406	0.148
35081	0.148
56781	0.148
56771	0.148
102834	0.139
102722	0.140
154865	0.151
96948	0.151
102743	0.149
102857	0.152
154866	0.151
106356	0.151
102787	0.149
97240	0.147
102742	0.149
97257	0.156
97224	0.156
102923	0.155
96868	0.157
96864	0.162
97234	0.160
97233	0.160
154062	0.162
97142	0.159
56782	0.172
36977	0.172
83414	0.172
84348	0.163
82823	0.172
36975	0.148
56778	0.148
43354	0.148
37779	0.136
45445	0.148
36974	0.148
35585	0.148
34848	0.148
84344	0.136
34850	0.148
82819	0.136
56772	0.148
82820	0.136
16415	0.112
56779	0.136
56768	0.148
56777	0.148
84345	0.148
34668	0.148
96965	0.167
33198	0.166
82783	0.157
34852	0.163
37000	0.157
37019	0.163
56765	0.157
39198	0.163
82740	0.142
56761	0.157
56756	0.157
56766	0.157
83413	0.163
34851	0.163
36976	0.157
56767	0.163
56763	0.163
56787	0.127
35583	0.133
82807	0.127
56794	0.133
33386	0.127
33457	0.107
47912	0.127
82817	0.127
46893	0.133
33280	0.133
35582	0.133
33304	0.127
46263	0.127
15827	0.173
33407	0.182
36985	0.178
35205	0.182
15637	0.182
82821	0.178
34853	0.163
37745	0.157
36978	0.163
34190	0.163
34191	0.157
36771	0.157
36710	0.163
56757	0.157
549017	0.142
84347	0.157
56764	0.157
56758	0.163
47914	0.157
56762	0.142
33984	0.163
33983	0.163
34860	0.172
82738	0.172
36982	0.172
36979	0.172
47915	0.163
56783	0.172
36981	0.172
37004	0.163
36980	0.172
82751	0.187
36989	0.187
33282	0.148
46285	0.136
46284	0.148
82806	0.148
56776	0.148
47913	0.136
32952	0.148
45446	0.148
43353	0.148
56773	0.148
33281	0.133
56786	0.127
56789	0.133
33456	0.133
46264	0.127
36990	0.178
35912	0.182
45448	0.178
36987	0.182
36988	0.178
33986	0.172
36983	0.172
36986	0.172
45447	0.163
35566	0.163
47916	0.172
46137	0.163
550258	0.172
33985	0.172
15484	0.193
34854	0.157
46136	0.163
82736	0.157
56759	0.163
36984	0.163
56775	0.148
56770	0.148
35206	0.187
34192	0.182
82822	0.178
35108	0.172
33316	0.163
21106570	0.102
23208	0.0
4514529	0.0
6132	0.0
9016	0.0
4514586	0.0
4514549	0.0
11083	0.065
6988	0.065
11366	0.080
1253	0.019
3102535	0.020
6186	0.0
13836549	0.035
13868660	0.102
457140	0.112
107412	0.0
12197	0.0
61346	0.0
6187	0.0
13866746	0.034
13857694	0.063
13866817	0.063
9253	0.0
83734	0.0
5977	0.0
29040	0.0
6108	0.0
10054	0.0
16841	0.0
13837280	0.0
9254	0.0
21106179	0.0
692	0.0
12201	0.0
6151	0.0
62827	0.0
8883	0.577
13837988	0.063
13875356	0.109
13875212	0.109
11038	0.125
2282428	0.0
9251	0.0
71312	0.0
11153	0.0
454215	0.0
15077490	0.0
2018165	0.0
6119	0.0
2293678	0.0
109705	0.036
10765	0.0
56442	0.0
4449912	0.0
22814	0.0
99596	0.0
13835316	0.0
6098	0.0
14694	0.0
13836674	0.0
13875160	0.059
23055	0.0
14829	0.0
6105	0.0
553742	0.0
6104	0.0
558928	0.0
6086	0.0
2056044	0.0
3441	0.0
6130	0.0
12577	0.0
34863	0.112
34866	0.112
34665	0.112
34664	0.112
37904	0.097
34864	0.112
34188	0.097
34865	0.112
34868	0.112
37905	0.097
34869	0.112
37918	0.097
37915	0.112
34867	0.112
25605	0.097
26011	0.112
34870	0.112
34666	0.112
21924	0.112
34667	0.112
34871	0.112
34873	0.112
56784	0.097
34872	0.112
8351654	0.013
22408	0.0
73583	0.0
2340753	0.0
10325184	0.0
21111806	0.021
21108550	0.021
9325	0.021
9228	0.042
4444456	0.0
11708	0.141
6093	0.0
6148	0.0
13838404	0.0
6179	0.0
748	0.0
9256	0.0
10614293	0.0
11109	0.0
24142	0.0
13622	0.0
16180	0.0
7891	0.0
29025	0.0
12635	0.0
11121	0.0
7713	0.0
12809	0.0
7833	0.0
7556	0.0
7954	0.0
555074	0.0
4516601	0.0
4483639	0.0
4516599	0.0
4512361	0.0
4483638	0.0
4512642	0.0
6085	0.0
8544	0.0
7788	0.0
6149	0.0
10053	0.0
11117	0.0
6827	0.118
7676	0.036
13875281	0.059
13875230	0.059
6128	0.0
391	0.0
71390	0.0
2916	0.0
558875	0.0
12446	0.0
7957	0.0
10113	0.0
6087	0.0
18971812	0.0
13299573	0.0
3631	0.0
15755	0.101
67470	0.108
15756	0.110
15524	0.110
14441700	0.0
2062437	0.0
11911	0.0
11154	0.0
30713	0.0
21106172	0.080
127983	0.0
11148	0.0
10512	0.0
10526	0.0
24590970	0.0
11865	0.0
6042	0.0
13875320	0.082
7673	0.063
13875258	0.082
13875392	0.082
21108548	0.081
14995	0.099
14994	0.106
15475	0.101
15478	0.103
518	N/A
967	0.096
12499	0.037
71433	0.0
9484	0.0
11099	0.0
11110	0.0
11086	0.072
14692	0.0
24263	0.760
11857	0.0
391428	0.760
6309	0.0
7557	0.0
558883	0.0
56020	0.0
553642	0.0
16791	0.0
454209	0.0
9633	0.0
9377	0.0
9243	0.0
923	0.0
7850	0.0
7714	0.0
10437	0.0
6097	0.0
6083	0.0
10487	0.116
9614	0.012
13861343	0.0
11756	0.0
15476	0.108
274	0.0
56144	0.0
11864	0.0
11845	0.0
6125	0.0
12456	0.0
17880	0.0
7558	0.0
29036	0.0
1087	0.0
7001	0.080
10606755	0.0
55075	0.137
13868640	0.109
11351244	0.236
7090	0.016
7553	0.0
61213	0.0
23886	0.091
33421	0.083
15477	0.106
26010	0.083
30600	0.091
33455	0.083
33934	0.091
33932	0.083
15473	0.091
17099	0.083
17098	0.091
33933	0.083
15474	0.091
63863	0.0
454638	1.193
6121	0.0
6315	0.0
7330	0.0
6307	0.0
12219	0.0
7848	0.0
11863	0.0
7810	0.0
7766	0.0
7711	0.0
7552	0.0
6092	0.0
6088	0.0
26516	0.023
11087	0.081
8543	0.0
12209	0.0
9286	0.0
11806	0.0
6342	0.0
120464	0.0
7733	0.0
7738	0.0
21111820	0.0
8329688	0.0
6735	0.105
92731	0.0
6326	0.0
19766	0.090
6665	0.040
512621	N/A
9642	0.0
10124	0.0
6118	0.0
12010	0.0
11830	0.0
10497	0.0
31029	0.0
10340	0.0
1108	0.032
236	0.0
13875283	0.038
13840690	0.023
6737	0.085
6789	0.087
15620	0.112
2927	0.091
3973	0.0
12442	0.0
6095	0.0
10675065	0.0
11961	0.083
21111772	0.083
12228	N/A
1406720	1.025
6364	0.876
7180	0.062
7182	0.066
10669	0.062
55090	0.0
61487	0.0
6100	0.0
10410	0.023
13492	0.023
15747	0.023
13487	0.023
7385	0.023
10404	0.023
7419	0.023
7219	0.023
7739	0.0
9903	0.128
8868	0.061
16159	0.0
13300034	0.160
2018460	0.0
61149	0.0
11954	0.083
13029	0.080
13875432	0.044
7151	0.106
63054	0.035
7098	0.026
9095782	0.0
6635	0.0
8356	0.019
7128	0.019
15461	0.016
7521	0.056
7641	0.056
7672	0.2
6967	0.056
21168808	0.0
7220	0.019
8876	0.048
2928	0.095
13030	0.080
13875441	0.067
10975	0.045
10870	0.045
218253	0.061
15488	0.061
6122	0.0
11727	0.0
6316	0.0
12674	0.070
8097	0.111
21106032	0.0
551	0.136
15621	0.114
6106	0.0
38403	0.0
7551	0.0
21111822	0.065
7681	0.043
8140	0.065
9360	0.023
61191	0.026
66675	0.0
20939	0.088
6999	0.083
7088	0.016
8531	0.039
7448	0.039
11660	0.047
8335	0.039
11409	0.047
7248	0.044
11661	0.044
221082	0.019
67653	0.0
10831	0.1
26260	0.114
2283071	0.128
21112738	0.0
66567	0.0
65	0.065
11769	0.083
15489	0.061
6828	0.032
7183	0.044
7659	0.072
10253	0.044
6977	0.072
10236	0.072
7129	0.016
10829	0.094
68437	0.103
906	0.064
8067	0.106
14198	0.959
10979	0.077
7181	0.066
13836713	0.0
6103	0.0
7170	0.032
10534	0.0
21171407	0.0
71437	0.867
13063	0.077
13851576	0.023
7302	0.026
2915	0.351
62826	0.0
11369	0.168
10857	0.065
13875219	0.044
13842573	0.067
10432	0.083
541032	0.122
17619	N/A
4611	0.023
9990	0.0
28993	0.0
7815	0.0
7560	0.0
7721	0.0
12259	0.090
11667	0.043
10851	0.102
10813	0.1
8807	0.169
16641	0.0
11731	0.0
8950	0.023
13677	0.075
6736	0.082
10849	0.102
15619	0.116
4932499	0.128
6057	0.095
13860817	0.068
11778	0.068
12640	0.0
6480	0.096
776	0.072
13047	0.090
18707	0.085
21106018	0.062
6402	0.926
68179	0.0
10850	0.096
9350	0.023
10664	0.032
8577	0.0
14349	0.0
7852	0.0
14680	0.0
7776	0.0
7420	0.023
66565	0.016
6592	0.214
21106020	0.051
13853953	0.051
10364	0.016
13860720	0.068
6633	0.065
69371	0.0
6478	0.221
6788	0.084
73412	0.0
10909	0.104
10918	0.104
21168831	0.023
10841	0.096
15861	0.116
21106146	0.047
21106013	0.051
21106036	0.035
9187483	0.112
7736	0.0
21106169	0.0
12821	0.026
10400	0.033
1095	0.0
70682	0.0
11862	0.0
12044	0.058
12045	0.058
12047	0.058
12699	0.126
10864	0.074
7568	0.0
9326	0.023
10980	0.068
955	0.032
10772050	0.0
6079	0.045
9461	0.0
7817	0.0
7732	0.0
1039	0.0
11871	0.0
7786	0.0
9581	0.022
7710	0.0
7809	0.0
7765	0.0
13872122	0.023
2923	0.067
9574	0.024
10972	0.068
11294	0.085
6588	0.075
6642	0.094
13875196	0.022
10908	0.098
12682	0.118
21106144	0.047
13863774	0.047
7138	0.023
66655	0.0
24326358	0.079
7238	0.013
12069	0.0
191367	0.0
11799	0.0
21106014	0.048
12478	0.026
7315	0.026
23150	0.0
11729	0.0
14866	0.030
21105959	0.039
13865438	0.039
21106135	0.039
7383	0.023
62534	0.040
62408	0.040
7389	0.014
13869451	0.048
6974	0.067
7961	0.0
13835772	0.040
971	0.014
11588	0.084
8800	0.262
66656	N/A
21106019	0.048
7615	0.0
13647	0.072
7013	0.0
6135	0.0
13854248	0.048
13869339	0.048
13837686	0.044
13839082	0.040
553649	0.037
10536	0.0
7239	0.039
7391	0.013
21111817	0.071
6102	0.0
4444102	0.1
69982	0.0
9233	0.0
387	0.0
7299	0.045
7224	0.016
5739	0.157
8804	0.308
6338	0.0
13863618	0.028
278	0.0
29153	0.169
5979	0.0
7827	0.0
18607	0.0
18219	0.0
11783	0.049
10586285	0.104
21105871	0.040
6739	0.068
434	0.045
10205670	0.0
24043	0.0
68676	0.067
6852	0.070
7546	0.0
15495	0.026
10328	0.083
7145	0.036
13846959	0.028
937	0.0
9363	0.009
62632	0.0
78998	0.0
11884	0.0
16177	0.0
15853	0.0
67360	0.0
11866	0.0
15846	0.0
29026	0.0
11846	0.0
7770	0.0
7717	0.0
19475	0.0
7685	0.049
87265	0.086
21106148	0.031
8817	0.153
7566	0.0
13853943	0.036
15486	0.0
18920	0.0
9391	0.0
28982	0.032
13839110	0.059
9824	0.189
11434292	N/A
65763	0.058
68328	0.0
331	0.026
21169510	0.0
7689	0.028
63906	0.071
2246	0.209
13837787	0.025
13839151	0.059
13865680	0.032
11604	0.032
12060	0.032
14678	0.032
11489	0.079
2991	0.032
21106365	0.184
23101	0.0
55123	0.0
12012	0.0
11125	0.0
7782	0.0
7734	0.0
7577	0.0
13630	0.049
7278	0.023
6781	0.031
13839128	0.059
7202	0.039
235	0.019
11584	0.068
13571291	0.0
6807	0.066
13839174	0.059
13839105	0.059
13846663	0.026
8657	0.024
11589	0.034
9579	0.024
11755	0.0
7761	0.0
10492	0.0
11784	0.028
11785	0.028
6311	0.0
21106524	0.044
89076	0.042
14227	0.045
19476	0.0
2185	0.029
62484	0.084
6838	0.069
10257	0.039
8799	0.299
10498	0.0
9349	0.027
13839123	0.059
11576	0.060
8071	0.045
21105795	0.028
8374	0.016
11761	0.0
7956	0.0
6794	0.014
924	0.014
12637	0.0
6775	0.028
5889	0.019
21106091	0.026
3951	0.0
763	0.0
5882	0.034
7140	0.042
238	0.016
9994	0.0
61001	0.028
2003	2.540
21168826	0.044
20124	0.087
8816	0.137
8788	0.203
11672	0.028
29008	0.0
6550	0.094
6688	0.054
61538	0.072
10246	0.072
79969	0.034
15093	0.051
7176	0.026
6840	0.104
7616	0.0
61111	0.009
4446445	0.0
4444608	0.0
394562	0.0
30595	0.042
8899	0.0
13876539	0.023
62310	0.026
7234	0.016
16804	0.085
21105998	0.049
12244	0.072
61411	0.080
6333	0.0
6706	0.070
8060	0.049
8341	0.071
10441	0.0
11833	0.0
6406	0.0
13835126	0.045
65701	0.084
6023	0.016
5678	0.201
10248	0.072
69177	0.080
10244	0.080
9911	0.072
1005	0.0
8552	0.0
7803	0.0
171	0.0
122090	0.0
8070	0.042
13846749	0.026
13859497	0.062
10652594	N/A
11841	0.0
11749	0.0
8569	0.0
12220	0.0
7823	0.0
11849	0.0
3168	0.0
455420	0.0
10709	0.0
13837797	0.0
71876	0.0
18688	0.0
62249	0.0
55084	0.0
7694	0.0
7482	0.0
11716	0.0
7515	0.0
7076	0.0
7757	0.0
7511	0.0
7509	0.0
29005	0.0
10420	0.0
7475	0.0
7463	0.0
11910	0.0
7872	0.0
7875	0.0
7913	0.0
8568	0.0
14846	0.0
7800	0.0
11843	0.0
29012	0.0
7538	0.0
7536	0.0
7706	0.0
11680	0.0
11706	0.0
10653	0.0
7012	0.0
11065	0.0
28981	0.0
8525	0.0
7081	0.0
6313	0.0
6335	0.0
441	0.0
7838	0.0
5949	0.0
29029	0.0
7772	0.0
256	0.0
512	0.0
172	0.0
15443	0.059
66021	0.022
8674	0.023
13863629	0.009
13835351	0.046
6773	0.046
16736486	2.472
6621	0.087
13860641	0.036
21106525	0.036
13854136	0.044
13835151	0.044
10991	0.036
13860692	0.044
1019	0.0
62517	0.024
10903	0.042
6177	0.0
7064	0.0
6341	0.0
259	0.0
13249	0.0
7701	0.0
7888	0.0
12013	0.0
2863	0.0
7866	0.0
10033	0.0
370	0.0
12071	0.0
10035	0.0
4963	0.026
6907	0.026
553171	0.0
2041618	N/A
9411	0.0
7559	0.0
15965	0.016
6897	0.016
6883	0.016
7211	0.039
21105897	0.026
5439	0.0
7190	0.042
7469	0.0
10001	0.0
11625	0.068
6586	0.070
6675	0.084
472932	0.008
7073	0.0
8554	0.0
55130	0.0
10433	0.0
11992	0.0
7671	0.0
10446	0.0
7657	0.0
22453	0.0
7065	0.0
11045	0.0
7472	0.0
11207996	0.0
29016	0.0
7747	0.0
7627	0.0
10571	0.0
11647	0.042
66809	0.010
13865424	0.044
7175	0.042
7157	0.042
21112023	0.024
11582	0.034
7172	0.039
16119	0.072
864	0.0
79280	0.024
28947	0.034
7042	0.040
13837760	0.025
76894	N/A
205483	0.030
7737	0.0
6322	0.0
7132	0.016
8763	0.260
13848808	0.026
10837	0.045
13869434	0.062
21159695	0.036
6835	0.046
21108576	0.030
7533	0.0
56559	0.0
9053802	0.0
29000	0.0
7434	0.0
6312	0.0
8398	0.0
11898	0.0
72522	0.0
7928	0.0
14348	0.0
2581	0.0
11891	0.0
7917	0.0
7915	0.0
7901	0.0
7892	0.0
7882	0.0
8574	0.0
932	0.0
7812	0.0
7837	0.0
6040	0.0
258	0.0
1004	0.0
682	0.0
13872989	0.0
8665	0.024
6950	0.047
552744	0.0
70806	0.110
11671339	1.087
10251740	0.017
69914	1.087
13862665	0.0
21168813	0.042
175	0.0
6630	0.062
13840647	0.062
13860491	0.062
13839012	0.042
20545	0.0
8012	0.0
9564	0.046
7044	0.056
11003	0.032
10452	1.378
6314	0.0
4510484	0.0
66896	0.016
10437074	0.022
21105878	0.023
13839308	0.023
6753	0.085
374462	0.0
13869462	0.062
21106519	0.036
13860775	0.027
21106015	0.0
11809	0.0
12823	0.051
6649	0.0
6035	0.026
61739	0.075
392447	0.019
7142	0.026
66895	0.016
66887	0.016
9893	0.016
63518	0.016
59482	0.016
10696	0.0
67414	0.974
7074	0.0
7670	0.0
10797	0.0
6176	0.0
7534	0.0
10791	0.0
28986	0.0
10788	0.0
7621	0.0
10777	0.0
12972	0.0
9976	0.0
7514	0.0
215929	0.0
11025	0.0
7016	0.0
7871	0.0
21153	0.0
7802	0.0
12218	0.0
12632	0.0
7760	0.0
11095	0.0
7607	0.0
6321	0.0
558020	0.007
7790	0.0
6881	0.016
12061	0.023
67460	0.023
6790	0.074
8319	0.072
62964	0.045
62467	0.045
11193	0.0
11591	0.030
10411	0.045
10181338	0.025
59573	0.0
14998	0.0
13837190	0.0
1020	0.0
8141	0.0
8186	0.042
11600	0.028
10169	0.056
10343	0.060
447	0.024
12643	0.030
13846658	0.042
11596	0.025
28973	0.024
27296	0.024
11651	0.024
466305	0.025
9218	0.024
8183	0.034
7189	0.026
4878	0.025
13848793	0.054
21108577	0.025
123	0.028
26824	0.0
7028	0.0
7478	0.0
62489	0.010
21429023	2.472
2275	0.0
13835344	0.025
11793	0.0
13871721	0.0
6164	0.0
65785	0.025
6674	0.068
10616	0.034
526	0.036
11228	0.0
7003	0.0
21106520	0.025
13874733	0.025
6780	0.053
8098	0.057
70714	0.038
28969	0.013
7241	0.012
6577	0.029
9120	0.045
13853758	0.032
11525	0.0
4481813	0.0
13876103	0.038
8058	0.039
6593	0.160
14672	0.0
13850082	0.0
63903	0.018
17443	0.008
62808	0.007
6855	0.072
13638	0.0
18717	0.0
15954	0.0
7622	0.0
7310	0.016
63156	0.0
12626	0.0
28994	0.0
61765	0.016
10772140	0.0
13860335	0.023
10939	0.102
3463	2.189
7679	0.036
6296	0.123
5894	0.0
11586	0.034
1448	0.045
217	0.0
7459	0.0
11024	0.0
7026	0.0
11239	0.0
11861	0.0
11036	0.0
11029	0.0
11794	0.0
10511	0.0
21011	0.0
11678	0.0
3644	0.0
6320	0.0
10947	0.0
10787	0.0
60524	0.0
55091	0.0
2606	0.0
7208	0.028
1446	0.034
8520	0.0
7626	0.0
11526	0.0
124968	0.007
21105905	0.018
21106560	0.018
10437215	0.008
2039535	0.008
7161	0.080
13885245	0.023
62472	0.034
7678	0.046
11819	0.0
99440	0.0
123993	0.0
12225	0.0
693	0.0
11080	0.028
10197150	0.0
13255	0.068
83962	1.375
13839199	0.025
13634	0.014
7221	0.014
456015	0.024
7030	0.0
8860	0.094
642951	0.056
11773	0.028
6898	0.016
8262	0.073
6089	0.0
13835977	0.0
7677	0.059
60121	0.024
21106518	0.030
9970	0.0
8273	0.073
73479	0.046
7443	0.025
86394	0.046
9454	0.030
8282	0.073
13856959	0.039
6453	0.127
78828	0.0
62530	0.018
7242	0.018
65750	0.018
24041	0.0
5708	0.0
23730	0.0
23621376	0.0
21111781	0.027
7225	0.012
21106470	0.044
247721	0.023
7029	0.0
21106581	0.034
11283	0.129
156255	0.039
13869480	0.027
11488212	0.050
10992	0.047
62597	0.0
4937830	0.0
844	0.0
21105870	0.019
2005981	0.0
199342	0.034
6745	0.019
6916	0.026
11996	0.0
55188	0.0
11077	0.043
7240	0.014
66996	0.022
25886	0.0
12957	0.0
19953955	0.0
21943	0.0
19956441	0.0
19957731	0.0
7636	0.014
6146	0.0
62230	0.0
59674	0.0
11021	0.047
21106535	0.0
10181339	0.023
5596	0.028
13849989	0.0
132	0.026
70715	0.038
15855	0.080
84036	0.0
13328	2.988
10784857	N/A
22191	0.0
6123	0.0
8576	0.0
7851	0.0
15387	0.0
7811	0.0
7835	0.0
7769	0.0
7716	0.0
7564	0.0
6101	0.0
7466	0.0
11732	0.0
15803	0.138
7236	0.040
4437893	0.041
4489	0.023
12066	0.0
13835836	0.0
6720	0.117
11042	0.043
10940	0.043
10937	0.043
20570	0.011
19477	0.0
14169248	0.0
13648	0.012
15409	0.023
78	0.012
17868	0.026
4449	0.096
75951	0.0
72551	0.0
72793	0.0
11543	0.0
18	0.034
21105848	0.034
556589	0.027
880	0.016
7155	0.046
16359	0.056
8329	0.032
13842613	0.043
21132380	0.043
29001	0.0
11632	0.0
30516	0.0
26325090	0.0
21106145	0.034
10488	0.021
10292746	3.187
68832	0.0
23255	0.0
11699	0.0
11695	0.0
11739	0.0
11194	0.0
6165	0.0
10008	0.014
10790	0.0
62466	0.042
11595	0.026
6492	0.073
10451	0.0
2975965	0.173
8900	0.0
11230	0.0
99681	0.088
29015	0.0
8904	0.0
10018	0.0
12954	0.0
13867413	0.0
13054	0.023
24641	0.0
11056	0.0
11216	0.0
11210	0.0
11795	0.0
789	0.0
7131	0.019
13854242	0.030
1266019	0.0
558878	0.0
25890	0.0
68152	0.0
65936	0.010
11180	0.0
5830	0.023
6610	0.042
62485	0.042
10756	0.103
10181341	0.023
58234	1.377
5142	0.040
136966	0.040
64155	0.026
553578	0.0
18724	0.012
7688	0.019
220998	0.0
654	0.0
4366810	0.0
10422	0.0
558917	0.0
57726	0.598
6330	0.0
61707	0.0
10892	0.025
89258	0.061
18019	0.0
13860434	0.034
60886	0.078
13871718	0.023
1114	0.0
68224	0.0
68503	0.0
24533	0.014
8903	0.0
11265	0.0
120489	0.008
13869414	0.027
6301	0.0
19709	0.024
1664	0.014
2241	0.016
11107	0.0
10986	0.028
2441	1.230
137720	0.079
5593	0.059
4599	0.054
13836589	0.0
21106173	0.039
707	0.252
10384035	0.008
8855	0.048
5026296	1.377
10464	0.0
59483	2.531
17131	0.048
12161	0.0
26325086	0.042
7856	0.0
8562	0.0
7730	0.0
173	0.0
191058	0.028
9219586	0.174
65234	0.113
56117	0.0
21106366	0.023
25889	0.0
192748	0.046
13850142	0.088
390927	0.088
69340	0.023
81815	0.007
1577	0.0
71	0.034
6514	0.118
4445317	0.149
14556	0.012
20132	0.045
21782117	3.187
6774	0.030
11752	0.0
8960	0.0
6334	0.0
11460	0.016
10438331	0.102
10628694	0.059
6604	0.093
10756390	0.0
13803	0.0
63631	0.0
11788	0.079
455090	0.009
7223	0.023
11629	0.034
13856352	0.023
55443	0.023
453675	0.023
11465	0.016
120621	0.0
20119	0.0
55205	0.0
13816	0.0
26765	0.0
21181	0.0
10254	0.042
4962	0.032
592	0.0
7146	0.034
8521	0.0
29117	0.056
78467	0.032
28682	0.010
222538	0.010
7630	0.0
15427	0.023
11286	0.113
67465	0.060
10243171	0.042
11332993	0.042
392	0.028
206493	0.098
1361549	0.019
109838	0.0
28992	0.033
20843	0.033
13229	0.0
17784	0.0
12816	0.014
13104	0.091
5993	0.0
62589	0.072
7686	0.072
7624	0.0
7406	0.031
192642	0.0
70988	0.031
7018	0.0
3350	0.034
21361761	0.049
13849981	0.0
71089	0.019
10437135	0.008
65523	0.010
21106900	0.033
58563	0.026
86435	0.031
15413	0.0
10449	0.0
6842	0.353
7506	0.0
2656	0.398
13836520	0.020
9943	0.014
5978	0.0
17347	0.028
12445	0.0
3008	0.067
3277	0.051
9965	0.032
6270	0.0
13848341	0.0
26325182	0.109
105291	0.026
7791	0.0
71193	0.028
2925	0.1
70652	0.031
2424	0.112
21105859	0.031
502245	0.028
123860	0.0
73390	0.010
9088156	0.0
13848467	0.013
72556	0.013
122446	0.0
773	0.0
13835235	0.0
21106140	0.037
7480	0.0
108106	0.0
21106008	0.034
14299946	0.0
502855	0.025
7340	0.0
8158	0.0
13835376	0.0
127750	0.0
13839109	0.0
25552	0.024
13865630	0.0
256210	0.071
15702	0.028
589165	0.016
64699	0.0
5915	0.016
764	0.025
953	0.030
2157	0.025
3544	0.036
2038738	0.010
10710415	0.0
1348	0.0
13867714	0.025
59577	0.0
29107	0.0
15517	0.140
4103087	0.051
10996	0.045
194092	0.019
7092	0.028
13835224	0.0
1078	0.0
499714	0.048
11557190	0.0
970	0.108
24972	0.043
24535	0.028
8902	0.0
10437836	0.033
10437239	0.039
14627	0.075
25472	0.063
8470	0.045
3210	0.0
76154	0.028
13836591	0.0
455353	0.0
6658	0.052
26325085	0.0
124	0.032
13662	0.028
62265	0.041
13836399	0.0
16778	0.0
7705	0.0
11694	0.0
123207	0.077
67594	0.043
992	0.028
11930	0.0
13644	0.012
60329	0.0
7727	0.0
7728	0.0
7021	0.0
10948	0.0
1143	0.0
376	0.0
10801109	0.0
8030	0.037
8093	0.035
13658	0.05
21106586	0.0
21105699	0.025
13865426	0.0
71628	0.0
13837329	0.028
13837319	0.028
8241	0.028
11422351	0.069
1609	0.0
83866	0.075
67270	0.052
20198	0.513
361	0.038
7199	0.028
14916	0.059
10733068	0.0
16736498	2.010
6528	0.028
2297441	0.024
6033	0.052
13839553	0.0
10025	0.0
6524	0.028
8243	0.028
13860	0.028
1015	0.041
204209	0.043
61266	0.075
13874867	0.0
71430	0.067
13837303	0.028
7397	0.023
26325087	0.0
1906	0.026
363458	0.042
7684	0.046
13856009	0.012
1278	0.089
76394	0.020
7279	0.016
71787	0.0
11244	0.0
63889	0.045
13835336	0.0
83850	0.075
13835209	0.0
5004	0.0
7150	0.038
15016	0.0
503239	0.009
13837537	0.0
20848	0.024
13835293	0.0
6371	0.053
9873	0.2
11610	0.016
13839441	0.0
72056	0.0
34095	0.0
18685	0.0
62628	0.0
11875	0.0
40130	0.107
191	0.0
8528	0.025
10101	0.0
2849146	0.010
185	0.054
4590	0.025
18177	0.028
13854944	0.0
13836021	0.0
13884973	0.0
68568	0.030
13842001	0.0
15753	0.060
8733	0.0
1266393	0.0
6600	0.075
3693	0.046
4333	0.049
13090	0.056
13839416	0.0
16387	0.024
659	0.0
10437210	0.035
13835861	0.0
4927801	0.0
64016	0.061
23977588	2.010
11422	0.016
5027	0.024
13257	0.039
26325088	0.0
960	0.0
19231	0.026
10437335	0.010
12874	0.025
13303	0.025
12229	0.0
2457	0.057
29282	0.025
1710	0.107
913	0.012
2625	0.217
18941	0.025
4760	0.025
2169	0.024
13302	0.025
21109330	0.0
14021447	0.0
8182	0.028
12705	0.025
33617	0.016
1141	0.017
16388	0.0
26325089	0.217
63968	0.036
13811	0.0
12231	0.035
2699	0.087
70660	0.0
18336	0.016
4768	0.024
63908	0.016
221226	0.016
6287	0.0
2075	0.067
24099	0.0
10801842	0.0
27749	0.049
18801	0.0
68156	0.0
5660	0.587
5091	0.0
917	0.113
3741	0.085
1151	0.052
9797	0.103
7600	0.0
5554	0.641
8111	0.112
11439687	0.068
4759	0.016
2937774	0.020
2206	0.041
63310	0.047
10106	0.0
30881	0.016
206561	0.020
7745	0.0
1262	0.079
13835294	0.104
28552	0.024
59447	0.051
7528	0.083
13835459	0.0
13837702	0.0
415	0.0
65272	1.133
48024	0.056
13866593	0.0
7530	0.1
133166	0.756
4268	0.079
14620	0.016
299166	0.020
5976	0.027
13839575	0.0
4444100	0.093
12133	0.016
42330	0.041
768	0.056
5791	0.744
5233	0.184
4575	0.039
14256731	0.0
60858	0.030
4444107	0.144
8935	0.019
26325080	0.0
2079	0.041
44152	0.041
12933	0.0
36029	0.058
7964	0.0
6193	0.0
3548	0.060
3918	0.128
106796	0.109
577	0.021
744	0.056
8124942	0.202
305	0.0
4624	0.070
2908	0.066
83191	0.753
91432	0.211
8101973	0.202
13835550	0.0
4911	0.119
7703	0.0
5932	0.8
6002	0.845
4777	0.068
120548	0.018
5139	0.055
13835604	0.0
5774	0.753
11917	0.064
2068	0.090
3841535	0.048
13835706	0.0
92468	0.753
92494	0.753
5198	0.066
5026	0.050
12730	0.025
2121	0.118
3216	0.132
5236	0.104
8912	0.0
3513	0.146
3322	0.076
26325183	0.170
17339596	0.213
5145918	0.307
733	0.0
6646	0.0
56232	0.0
14688	0.0
10227261	0.0
26325081	0.0
13871489	0.0
13835630	0.0
13835932	0.0
13849665	0.0
559096	0.398
4745	0.030
13850879	0.0
230	0.058
5557	0.336
12549	0.065
2700	0.086
4744	0.030
62060	0.258
4343	0.099
3584	0.242
26286843	0.067
75956	0.023
197564	0.834
84971	0.0
388391	0.0
86007	0.076
4471584	0.325
3652	0.123
5550	0.774
5553	0.664
7984	0.0
12586	0.0
26325082	0.0
5709	0.012
30572	0.0
5376	0.067
3534	0.344
3438	0.162
33416	0.0
11632871	0.0
6066	0.108
8103122	0.077
440	0.0
24722	0.045
15789876	0.0
4447447	0.533
4470736	0.095
96749	0.0
4228778	0.023
32555	0.147
49179	0.246
4450907	0.535
5775	0.863
26325083	0.0
193441	0.781
509179	0.023
5633	0.714
5162	0.185
10162	0.290
5541	0.869
5552	0.772
2654	0.045
4444553	0.192
5113	0.848
4380	0.110
4575338	0.535
48085	0.246
26325084	0.0
21106058	0.110
26563	0.0
21105591	0.132
5551	0.810
2760	0.781
9786472	0.781
196288	0.781
139025	0.781
5542	0.810
19232037	0.810
19232038	0.810
18547147	0.810
21587143	0.810
2271976	0.817
15520	0.243
4444479	0.926
5807	0.132
54833	0.072
75995	0.045
21106077	0.184
58496	1.103
21106059	0.031
6013	1.121
1043	0.119
21105594	0.145
10481872	0.096
21486195	0.071
4067	0.125
5768	0.213
31006	1.131
75662	0.295
29400	0.292
4444362	0.238
6045	1.185