Compound Id	Hydrophobicity
1	1.50
2	1.76
3	2.15
4	2.33
5	1.77
6	1.98
7	2.47
8	2.64
9	2.88
10	3.31
11	3.09
12	1.61
13	1.81
14	1.92
15	1.28
16	0.73
17	1.10
18	0.72
19	1.93
20	2.50
21	2.93
22	2.00
23	1.98
24	2.50
25	3.05
26	3.30
27	3.23
28	9.53
29	1.70
30	1.38
31	1.39
32	1.58
33	0.50
34	1.89
35	2.47
36	1.77
37	2.39
38	2.59
39	2.90
40	1.29
41	1.91
42	1.97
43	2.50
44	3.20
45	3.05
46	3.58
47	3.31
48	3.98
49	3.69
50	3.20
51	3.69
52	5.31
53	7.36
54	2.88
55	1.60
56	1.44
57	0.25
58	1.35
59	2.03
60	3.07
61	0.90
62	1.34
63	1.81
64	2.90
65	3.14
66	4.22
67	4.75
68	0.46
69	0.33
70	0.67
71	1.96
72	2.47
73	3.18
74	3.75
75	2.77
76	3.04
77	2.30
78	2.91
79	3.17
80	2.78
81	3.25
82	4.10
83	1.54
84	1.91
85	2.34
86	2.85
87	3.14
88	1.86
89	1.65
90	1.38
91	5.25
92	2.23
93	2.78
94	3.10
95	3.33
96	2.35
97	3.61
98	3.33
99	3.84
100	2.67
101	6.06
102	7.36
103	3.72
104	3.92
105	3.69
106	4.08
107	2.93
108	3.93
109	3.87
110	3.84
111	4.17
112	4.75
113	2.47
114	3.92
115	3.06
116	5.33
117	3.21
118	3.76
119	1.82
120	2.56
121	3.42
122	3.78
123	4.21
124	2.07
125	3.88
126	5.70
127	3.23
128	5.18
129	5.69