Compound Id	AutocorrelationMass [ATSm3]
692	0.0
6153	15.012
127983	0.0
291	0.0
21106179	7.506
16425	37.531
23208	1.774
6105	2.502
11148	0.0
274	1.774
6086	0.0
9256	17.917
923	1.553
937	0.0
6085	0.0
217	0.0
9484	12.251
22814	0.0
22408	0.0
9286	11.331
12577	13.833
6084	0.0
6128	5.666
9243	1.582
62827	17.077
6132	11.840
391	0.0
38403	24.989
1087	1.774
16641	3.932
7954	1.0
864	0.0
11153	4.669
748	0.0
6095	1.0
6094	1.0
518	0.0
16841	21.454
6148	17.955
2056044	32.830
6151	29.891
6087	0.0
9095782	19.658
4514529	0.0
10675065	16.495
21106169	13.584
172	1.332
763	0.0
7956	1.0
7577	2.774
6089	0.0
6111	0.0
29040	31.009
10606755	26.852
6098	2.952
6120	3.0
13837650	5.903
13853215	35.911
61149	30.990
12197	2.0
682	1.332
61346	31.207
7558	2.0
7556	2.0
454215	39.030
7557	2.0
278	1.774
7957	3.0
654	1.0
9461	15.916
6130	18.051
7555	2.0
11727	2.553
1114	3.0
14441700	18.955
8960	0.0
6083	0.0
454209	10.829
56442	2.0
6101	1.166
6097	2.952
175	3.664
4449912	2.0
6102	1.166
9016	26.868
7559	2.332
2018165	8.617
7733	3.664
3644	3.664
6156	6.0
512	2.332
171	4.439
9646	6.0
9254	27.158
7734	4.107
9411	19.022
13835550	2.332
6135	4.439
13837190	3.774
10325078	58.267
7732	3.664
6335	5.439
7738	5.664
14829	25.536
4481813	2.498
10765	4.0
71390	34.829
6149	40.145
13872989	2.332
9391	15.916
6146	6.996
3631	28.184
6121	6.903
61213	12.781
3441	41.493
11099	3.0
11806	3.0
6308	4.0
3168	3.664
6104	8.713
1004	2.332
66567	31.499
1039	1.0
7713	3.0
73583	33.771
6103	2.670
7566	2.166
9994	2.332
10709	3.332
6309	4.0
6088	0.0
13299573	46.616
13836674	3.952
13835316	14.616
6092	6.653
14694	20.907
6313	4.332
11230	4.166
7564	2.166
7616	6.771
2062437	26.557
7712	3.0
4483639	3.0
10437	3.952
30713	18.405
2282428	36.713
6188	43.491
4483638	3.0
7330	5.0
12442	8.234
7546	3.332
9251	42.567
18971812	24.565
71433	8.338
10113	4.0
11755	6.439
7790	8.323
107412	18.447
56144	36.987
56020	3.0
13835977	2.166
256	3.332
10054	11.855
1005	5.439
553742	5.903
558883	3.0
99596	24.859
6333	5.439
6321	4.664
23055	26.536
8525	6.771
6125	14.616
4514586	0.0
11526	7.323
6322	4.664
6320	4.664
13836549	24.981
6163	7.0
62826	22.147
6108	7.128
11729	3.670
14672	7.996
6118	14.305
7730	3.332
11756	7.822
8544	5.0
23255	4.332
6312	4.332
6338	5.605
12201	5.0
62597	3.332
8329688	16.482
13837797	5.664
10653	6.439
13835336	2.498
7782	5.107
21106015	4.284
7727	3.498
558928	5.903
6093	19.637
693	1.553
11110	4.0
6311	4.166
8896	5.0
5977	26.138
7728	3.664
2340753	24.608
6340	6.0
9253	32.572
7626	8.328
7604	5.0
7553	7.653
12209	4.0
394562	3.332
10325184	36.316
83734	34.739
6315	7.903
7627	9.103
7717	3.166
387	7.771
60524	4.664
11109	4.0
63631	6.332
6100	10.566
13866746	21.818
7010	5.0
14998	10.667
12446	5.0
7560	3.670
258	3.332
10053	22.958
124968	10.382
7716	3.166
7552	7.653
7737	5.664
10571	8.439
17619	12.796
11809	5.284
13836713	3.670
13836589	4.664
11833	4.332
13835235	2.664
7767	4.0
7030	9.988
13836021	3.498
10124	6.0
59573	12.780
10777	6.664
6341	7.439
10018	7.439
558020	10.091
12626	4.332
13836591	4.996
11996	9.328
6165	7.996
7714	4.952
13862665	7.771
6042	34.993
7630	9.877
259	6.439
7607	5.664
5894	4.886
21108550	12.327
7772	4.332
21111806	12.327
236	6.0
9614	9.164
62808	9.856
10492	7.107
7736	5.332
11055	8.0
10446	12.435
7463	7.771
7619	7.0
7016	5.664
13871721	3.332
7739	8.340
7706	7.771
7028	7.996
5730	52.277
6316	9.855
8903	6.692
24590970	32.261
21011	5.664
9325	12.327
415	3.332
55090	12.855
10947	5.664
10772140	7.390
28994	2.553
13839553	3.664
3973	26.828
71312	52.122
3951	7.439
592	8.103
8904	6.665
8899	8.949
60329	4.830
6406	8.439
2916	44.258
2293678	69.815
6119	47.987
29015	7.328
11680	7.439
7624	7.665
7615	6.605
7090	20.251
6122	22.132
7024	7.0
55188	8.996
11117	6.0
13835224	4.996
6176	9.664
62249	11.439
13803	16.335
10755	8.0
9377	5.582
15077490	47.197
7823	5.664
11125	6.107
6307	9.653
7787	6.0
6334	5.052
13255	10.328
109838	5.996
11849	5.664
173	4.052
66656	16.128
13837280	17.568
11845	5.0
11094	6.0
13854944	5.498
29000	5.332
8398	5.332
10791	7.664
8733	3.498
10786	7.0
8554	6.664
92731	44.736
7788	6.0
9233	6.340
1020	6.332
11992	10.103
6187	51.072
8158	6.499
11023	6.0
11731	5.340
11207996	9.439
1609	4.498
7721	4.670
1095	8.340
11121	5.0
10498	5.118
7065	9.771
7791	6.332
109705	48.754
7636	12.320
7621	7.664
11551	6.0
13835836	9.103
7711	8.653
8543	6.903
6040	4.332
10445	10.0
11351244	11.0
7770	4.166
23150	19.460
12161	20.0
13874867	10.103
31029	11.566
4444456	6.903
7769	4.166
18607	4.670
10001	8.439
7747	9.771
10788	7.664
23621376	4.858
5993	4.553
8560	5.0
555074	5.0
10437074	12.596
13861343	40.904
7705	7.328
8141	7.664
10512	5.952
11180	9.996
7701	7.439
62589	8.332
7686	8.499
5439	7.213
11056	8.996
7026	7.664
66675	20.030
2005981	7.587
7622	7.664
7684	8.997
8900	6.052
11025	6.664
7475	8.771
59674	4.332
21171407	11.566
11095	6.664
13837537	6.997
10614293	10.0
6326	17.568
56117	15.444
7466	8.213
29036	83.532
7761	8.107
21168808	12.009
11104	8.0
16778	5.996
13835376	7.328
127750	6.996
10790	7.664
2018460	33.210
68503	18.673
13863629	9.328
7674	8.0
1143	4.467
1108	8.0
7029	8.771
29001	8.328
11788	8.332
11732	8.332
7688	8.831
7515	8.771
11794	6.664
13836520	6.996
11678	6.664
2038738	10.191
8562	5.332
29012	8.771
21106535	9.568
13875283	11.164
13867413	7.605
13837702	4.332
5949	5.332
71089	9.025
7551	13.305
11706	8.439
66996	13.577
61487	23.958
10797	9.664
26325086	17.316
7478	9.988
11799	7.605
13839199	8.499
13835459	6.665
11793	6.332
10534	7.0
9326	11.828
63863	21.674
659	3.664
7459	6.332
10787	7.664
12228	10.677
18688	12.771
10795	9.0
55130	11.103
11086	8.0
11841	9.664
12012	7.107
4489	11.328
48024	8.665
11024	6.332
512621	19.976
66655	21.799
21106032	7.903
6330	5.052
11035	7.0
13439	13.0
7021	6.467
7018	7.948
120464	13.855
11864	6.0
4444608	5.332
10948	5.996
11761	13.679
12229	8.997
24099	4.498
22453	10.771
12499	24.482
7833	6.0
7657	10.771
7013	12.807
13837281	29.232
5708	7.218
7703	6.332
4512642	6.0
4516601	6.0
11244	7.467
4516599	6.0
11846	5.166
7812	5.332
10652594	51.533
7766	9.653
844	9.877
13816	6.052
19953955	5.858
7776	5.670
1141	12.685
11857	7.0
66021	13.059
10497	12.566
70715	22.209
21106520	8.332
66809	10.218
10452	40.712
10433	10.771
29107	7.052
10265264	10.0
13874733	8.332
11911	37.945
7811	5.166
13836399	6.996
7676	11.903
7064	9.439
349	6.0
10488	9.771
4514549	0.0
11193	11.439
4512361	6.0
11739	9.996
8552	8.439
8908	7.0
28986	7.664
10526	6.952
17443	10.550
68832	9.328
21800	10.0
10179173	10.0
81815	13.211
29016	10.771
7003	10.771
59447	8.831
13839109	10.435
13865426	11.435
7678	8.664
13842613	10.665
71430	13.877
7760	7.664
971	8.664
10420	9.771
11695	9.380
12643	8.664
7219	9.0
11784	12.236
7482	9.771
13838404	132.774
7679	8.664
15443	9.332
11434292	26.674
65936	9.997
13835209	4.664
7677	8.332
6342	29.232
15438	9.0
1348	7.692
11216	9.996
68328	24.137
4517338	9.282
11194	10.996
11819	8.664
13402	10.0
20843	10.997
55091	39.045
10487	11.903
15954	8.664
11045	9.771
11210	9.996
7521	10.0
7641	10.0
11543	8.664
13638	8.332
11752	6.218
7242	9.499
11843	9.771
7530	10.665
15765	10.0
10101	18.383
16791	6.0
11029	7.664
9633	7.582
28992	10.997
18717	10.664
6106	111.639
99440	10.664
7838	6.332
120621	8.384
9581	12.828
15413	20.331
7710	14.305
7536	9.439
7689	12.726
10710415	11.877
14751	9.0
7073	12.771
24533	9.831
7238	9.664
13835293	8.664
13866593	5.332
13875196	12.828
120489	10.799
10197150	10.877
374462	6.665
13839575	8.328
8569	7.664
11600	11.660
5889	8.332
191367	8.605
6967	10.0
192642	8.052
1078	10.877
23101	33.031
17558	8.0
55123	8.107
68179	7.720
733	6.328
11042	10.499
21132380	10.499
9349	11.496
73412	11.604
235	9.332
7827	8.340
68156	5.498
773	5.692
17880	7.0
20119	7.218
70714	19.998
7225	9.499
7786	10.679
7224	9.166
13448	14.0
7673	19.305
10940	10.499
10939	10.664
13842993	41.990
29025	7.0
1664	8.665
7128	11.0
455420	7.332
11866	6.166
21105905	9.332
10772050	39.432
26765	7.052
7681	11.340
7837	6.332
553642	8.0
21106560	9.332
11830	13.566
7810	10.653
7815	6.670
13842001	7.831
21169510	41.764
11930	10.467
10437135	11.689
7835	6.166
19956441	6.858
78	9.499
67991	32.467
455353	7.996
13875281	13.903
2039535	11.882
13837686	14.568
7240	9.499
123993	9.664
7849	7.0
7803	9.439
11783	19.638
13839441	5.664
18219	12.467
83866	11.328
13875160	13.903
11865	7.952
11077	10.332
21106586	13.435
13835772	10.664
83850	11.328
7221	9.332
11699	10.380
7385	10.0
7391	10.996
7670	11.664
13860335	9.332
19231	10.550
29005	10.771
7443	12.329
22191	10.328
7802	8.664
7389	10.886
7241	9.665
6179	49.610
7694	10.771
24972	13.163
62489	9.997
6286	19.720
7528	10.997
11660	11.0
62230	10.996
8568	10.771
7129	11.0
69371	27.487
10784857	62.439
21105871	10.664
13839082	10.664
63889	14.9
21109330	13.993
10937	10.332
7236	9.664
1577	8.772
122090	35.370
8909	8.0
11716	10.771
12231	11.218
10384035	12.131
6270	25.329
156255	9.665
7659	12.0
11409	11.0
6402	16.0
11919	15.353
7856	7.332
13257	10.997
21106036	19.098
13840690	10.952
7765	15.305
7538	10.439
71787	10.519
441	7.332
2606	39.432
11795	7.052
6287	22.380
14692	8.0
7223	9.166
7685	20.743
123860	9.328
7672	19.305
9970	9.664
13857694	17.807
16159	16.759
7088	14.0
28969	14.103
12069	9.605
11265	11.551
13648	12.163
13876539	10.332
7533	9.332
7131	11.664
7434	8.332
13866817	17.807
6977	12.0
13854136	10.332
447	12.328
13837760	11.328
13835151	10.332
191	12.877
7234	9.332
71628	8.665
7132	11.664
11087	27.132
18801	6.498
13837988	17.807
10696	54.283
76894	39.274
12456	8.0
12445	11.550
69569	46.038
12809	8.0
7138	12.771
10236	12.0
13863618	11.996
4446445	7.332
3954	20.265
55205	8.218
11021	11.332
14198	16.0
29026	7.166
5976	15.570
13875258	21.305
9903	13.0
7183	13.0
21181	8.052
13839416	6.664
7851	7.166
18410	11.0
13865680	11.664
21112023	14.828
503239	12.025
4878	11.328
932	7.332
12010	14.566
63908	12.661
5830	10.332
13839308	10.166
14680	7.670
28682	12.495
14169248	9.052
63310	16.685
11671339	47.727
391428	15.0
122446	11.052
238	12.439
7239	12.340
11863	11.653
2041618	42.716
13851576	14.653
13854248	14.236
10437215	12.882
8070	14.439
370	10.439
455090	12.412
11632	9.218
14840	8.0
2656	21.993
78828	37.708
10422	12.380
20939	13.0
69914	47.727
9976	9.664
73479	14.329
924	11.332
6883	13.439
5979	69.987
577	12.325
13658	15.329
21106366	12.664
7419	11.0
14299946	55.5
331	15.103
7448	12.0
7509	11.771
12632	9.664
61001	25.916
28982	11.664
11604	11.664
62534	12.886
62408	12.886
123207	22.302
75951	11.328
13837787	15.435
13839123	12.664
59483	37.478
18724	14.332
7850	8.952
13875432	14.568
8665	12.328
13839128	12.664
13875219	14.568
456015	13.919
55084	11.771
6974	21.970
8657	12.328
13849981	13.996
26824	46.712
72793	11.328
21106014	15.236
6296	15.664
14256731	16.993
13860775	11.997
7140	14.439
13869339	14.236
13647	12.771
764	11.328
7800	11.439
8071	18.342
13835932	9.993
7809	16.305
4449	10.665
13839110	12.664
29029	8.332
21106525	11.332
7142	15.103
132	15.103
12220	9.664
20570	11.859
21106144	14.771
7190	14.439
8140	20.471
13869451	14.236
15461	15.0
76394	12.163
7518	25.209
8520	46.602
8883	18.0
6079	18.342
2931	34.332
10536	10.340
25552	12.997
13848808	16.103
10181341	13.439
10328	29.796
15846	8.166
5596	10.997
4962	11.996
13869462	12.332
11871	12.679
10265270	14.0
222538	14.131
768	17.796
2849146	14.463
8674	13.328
13869480	11.997
12635	9.0
65523	14.270
6999	14.0
2441	21.664
7662	23.710
13856352	10.166
7506	11.332
6897	14.771
8186	13.664
15431	22.305
58234	21.664
21106146	14.771
15387	8.166
8574	8.332
1015	14.911
26325090	8.831
13842573	21.970
9564	13.328
221226	13.993
8912	14.657
7848	12.653
13875441	21.970
13863774	14.771
13871718	11.332
10179239	14.0
10227261	20.657
776	13.499
906	14.0
21168813	13.664
4366810	13.380
7170	16.0
12821	11.830
13619	9.0
392	10.997
8097	14.0
299166	14.661
21106013	18.674
13869414	11.997
21111817	22.637
7511	12.771
24641	12.328
21106020	18.674
17131	27.011
10756	16.996
7984	11.328
10404	12.0
13853953	18.674
12218	10.664
21105897	17.435
13862559	23.710
5593	14.025
123	11.996
11773	12.332
13846663	16.664
10451	67.854
7852	8.670
7872	12.771
13662	15.768
12637	11.439
376	13.877
6780	14.499
6794	13.665
21106018	16.568
72551	12.328
15427	11.166
13859497	18.435
11576	16.439
6635	43.039
21111781	12.996
11080	10.997
13835630	10.495
105291	15.377
14846	12.439
13868640	32.611
21105859	12.996
11862	17.305
8910	10.0
14227	17.568
10437210	14.661
11589	15.439
64699	41.599
8098	14.332
589165	16.919
6781	16.435
12933	24.836
13853758	13.332
9893	13.664
6621	16.771
558878	11.332
8855	14.859
10980	25.744
206561	16.435
15855	15.664
13835126	17.568
5882	19.210
13864445	23.710
21170967	16.435
12478	11.830
21105870	11.332
13229	13.218
13849989	11.332
24535	14.997
18019	60.504
73390	15.602
6674	25.744
11591	15.771
67360	9.166
553578	11.332
10437335	15.795
14593	14.989
10432	29.796
7745	10.103
21159695	12.332
7891	10.0
10972	25.744
11557190	51.279
8183	19.210
12219	13.653
880	13.384
1446	17.767
2923	20.973
6775	12.332
12954	11.218
8576	9.166
21105848	15.660
68109	59.609
7882	9.332
120548	14.329
10181339	14.439
6788	16.0
13853943	15.103
11672	12.332
57726	21.996
10892	16.103
6898	16.328
1905	26.896
21106470	14.997
6950	14.357
13860434	15.660
12972	11.664
21106148	16.435
10664	15.435
7890	10.0
71876	14.771
7176	16.103
15965	15.771
67653	11.903
13487	13.0
9088156	37.536
7871	11.664
68224	63.636
18	17.767
4511751	28.486
10181338	16.103
10756390	63.636
84971	13.657
388391	13.657
13871489	20.870
11629	15.660
2241	12.052
21106519	13.332
11460	13.052
7189	14.328
8521	60.173
13876103	16.328
11510	35.275
14349	9.670
7211	19.542
2937774	17.767
11584	26.744
21105998	15.664
6736	16.0
4963	14.716
6789	19.903
6737	19.903
59482	14.664
81814	27.389
14021447	64.849
71	17.767
80863	17.831
955	15.435
7145	15.103
917	17.831
3350	17.767
10616	19.210
7172	19.542
10257	19.542
953	14.771
1151	20.903
21106571	29.614
6827	16.0
11422	15.052
21106163	29.614
10025	14.877
13835344	15.328
15853	10.166
21106140	17.328
10801109	28.563
86394	21.570
21106145	18.435
62310	18.435
13835706	22.644
7092	20.051
1448	22.206
8182	18.877
21106518	13.997
10437239	16.543
13848793	18.103
68676	25.246
16180	11.0
7600	15.328
13846959	15.103
6773	17.772
7340	12.499
13837329	20.877
21106581	18.435
16475	17.435
7146	17.767
185	17.437
6828	16.0
11488212	16.771
6646	13.657
10801842	15.085
16387	25.669
11586	20.210
62472	20.210
16388	29.444
21108576	13.997
6480	15.499
23083	18.878
10628694	17.464
7892	10.332
71437	37.958
5644	56.817
10909	18.0
10918	18.0
8935	15.997
4510206	16.329
7757	14.771
13846749	17.435
2298886	33.5
6550	19.103
8341	16.664
7208	18.877
11882	11.0
4611	15.439
13835351	17.772
8374	16.771
70682	19.305
13492	14.0
13677	17.0
6739	16.664
17347	19.442
7875	14.771
11777	35.275
7310	16.546
11465	14.218
2157	20.541
8150	21.542
7302	18.328
7202	17.723
7042	21.874
6035	15.328
11776	45.916
10908	18.0
10850	18.0
556589	14.996
7299	17.0
8577	10.670
21106900	17.993
17652	21.970
5915	13.799
10106	25.380
63518	15.664
17868	16.859
6706	28.408
10851	18.0
11588	33.570
79969	17.439
6675	33.570
71193	22.721
2206	22.570
13867714	16.997
4445317	20.664
10849	18.0
11595	17.771
1906	16.048
6193	41.352
67270	22.051
16177	11.166
6033	22.051
6478	20.0
15517	21.048
10841	18.0
13574	31.451
8319	16.332
7964	40.352
15789876	26.321
21105699	16.665
13622	12.0
10829	18.0
11507	45.916
7585	43.588
6790	16.332
15495	19.435
13860	15.004
10831	18.0
56515	35.951
20124	27.804
744	20.516
10343	24.206
218253	21.903
454319	201.428
76154	26.391
33084	24.139
67414	54.742
220998	13.218
15867	35.819
7901	11.332
14627	17.163
21106570	35.517
10449	81.424
10813	18.0
199342	21.332
15755	25.807
15702	31.051
62484	34.570
4522053	28.099
8273	20.329
11883	12.0
8262	20.329
642951	26.113
15747	15.0
15524	25.807
13837303	23.541
305	22.312
230	21.427
14995	25.807
10733068	79.546
256210	16.997
33421	27.807
67470	25.807
33416	18.321
14994	25.807
15756	25.807
12938	32.738
6588	20.771
15475	25.807
7279	16.799
23886	27.807
14472	27.290
15476	25.807
42330	23.570
2991	19.664
12682	20.0
4762	21.668
361	20.431
6592	21.0
11884	12.166
15488	21.903
15478	25.807
21106573	36.385
11003	17.665
15489	21.903
15861	20.0
7155	25.981
64155	18.771
2627	24.781
24142	13.0
8073	28.313
44152	23.570
26325080	78.420
8916	34.065
4267	95.773
33455	27.807
15619	20.0
96749	17.321
18336	22.437
5236	24.903
440	17.321
2973	38.586
3173	39.536
2185	18.997
1361549	17.332
7915	12.332
30600	27.807
1438	48.580
15477	25.807
10437836	20.543
8120	29.574
26010	27.807
7152	26.910
13846658	18.664
8470	22.703
3544	21.439
15621	20.0
33934	27.807
7913	16.771
7994	31.235
2468	29.206
6840	23.328
12133	20.959
11632871	19.321
34863	33.710
63968	18.997
61739	19.328
68437	20.0
66895	17.664
26260	20.0
33932	27.807
33933	27.807
5027	23.737
192748	26.981
8282	19.328
5004	16.877
34188	33.710
13114	33.819
18280	54.279
12024	39.874
2068	24.903
6835	18.332
78998	14.166
72056	12.664
4626	44.326
2169	25.903
23115	35.403
6492	19.328
4103087	24.539
9824	23.664
15473	27.807
34664	33.710
9053802	14.332
37904	33.710
13856959	22.771
12586	20.733
5368	43.458
707	41.421
34665	33.710
17098	27.807
17099	27.807
84188	31.710
15620	20.0
8111	22.0
3210	17.332
49469	31.284
967	38.182
158870	31.710
2915	27.679
83330	25.550
157093	31.710
4768	28.069
34864	33.710
14993	39.182
8329	23.328
970	22.0
7917	13.332
136000	31.710
34866	33.710
83374	31.710
2297538	38.335
20848	29.069
457145	31.710
8067	41.421
37918	33.710
457140	31.710
34865	33.710
8241	25.541
14620	23.125
6593	21.665
21782117	76.701
135983	31.710
10540	14.0
25472	24.703
25605	33.710
6464	42.288
25677	39.614
136001	31.710
136003	31.710
34666	33.710
82753	23.077
10438331	33.634
2121	23.381
1278	22.997
4457	35.403
62265	25.648
11974	59.221
31991	23.885
481441	86.750
34867	33.710
84235	31.710
13087	41.320
2079	26.570
2424	26.903
5256	38.049
7315	24.652
15474	27.807
37915	33.710
40191	39.614
29348	28.345
26011	33.710
28287	27.636
62632	15.166
30932	22.393
22172	26.903
5899	23.546
2297441	26.605
37905	33.710
3987	39.164
33617	26.292
2283071	22.0
34830	41.857
16568	28.549
108106	72.990
69223	51.912
35581	39.614
23912	52.666
13302	25.079
4932499	22.0
3006	42.538
56793	39.614
13090	26.343
34868	33.710
10243	37.850
13850879	29.309
56791	39.614
14674	44.610
15729	32.988
8060	25.435
9040	34.489
34870	33.710
30881	24.125
17587	33.387
34869	33.710
457144	31.710
5807	32.061
9026	36.483
3008	28.606
4575	26.570
135925	31.710
4759	25.292
82777	39.614
34871	33.710
454495	39.614
6688	28.977
36319	25.834
533188	39.614
34872	33.710
10169	27.0
11891	14.332
56792	39.614
26325081	91.991
8058	24.767
20493	51.148
36278	41.069
35580	39.614
82755	37.614
82842	32.010
15417	25.885
46262	39.614
136002	31.710
28941	41.164
56123	38.313
5342	43.078
56784	33.710
16182	39.614
56785	39.614
56790	39.614
26563	21.985
13303	24.079
82765	45.517
82767	46.2
12705	26.245
14826	69.690
30816	39.089
16481	46.990
97173	37.614
102720	37.614
7051	46.864
21924	33.710
102721	37.614
33458	39.614
82818	39.614
3548	23.883
35579	39.614
38839	30.487
27749	26.367
34667	33.710
56795	39.614
56788	39.614
1994	26.889
8939	50.104
16482	51.429
36972	39.614
21106365	29.344
4760	28.412
34873	33.710
7967	74.914
559096	30.329
35582	39.614
56771	45.517
13520	75.689
56774	45.517
9873	31.343
3463	73.941
37744	45.517
12874	29.412
46893	39.614
82807	39.614
35081	45.517
56769	45.517
35584	39.614
3864	51.745
13300034	48.327
10292746	76.701
33829	31.129
102833	37.614
47912	39.614
13844817	41.829
82817	39.614
82762	37.614
2839	44.491
6842	35.358
82754	37.614
157094	37.614
3229	40.733
5237	27.473
82840	28.871
34189	39.614
16736498	78.364
7968	73.914
29117	30.782
33304	39.614
56794	39.614
13837319	27.541
457138	37.614
39406	45.517
56780	45.517
27793	37.614
106355	37.614
6767	31.471
34847	45.517
102897	37.614
2581	15.332
6417	37.206
103011	37.614
82712	37.614
56781	45.517
45444	45.517
102947	37.614
102933	37.614
33457	39.614
8287	75.389
33280	39.614
36029	37.502
46263	39.614
56777	45.517
33666	51.421
56787	39.614
16736486	79.844
102801	37.614
82873	56.806
8288	75.389
4025	29.0
17339596	62.860
33456	39.614
2629	53.812
33386	39.614
2003	74.037
6514	30.328
36973	45.517
97172	37.614
36974	45.517
82819	45.517
15572	57.506
102856	37.614
13115	56.923
8800	28.0
29153	28.0
35583	39.614
82820	45.517
45445	45.517
4886542	30.839
103066	37.614
46894	45.517
32873	42.152
35563	24.741
17684	55.569
44885	31.527
46710	46.839
33326	41.243
4745	23.602
26325088	27.302
56772	45.517
34848	45.517
56760	51.421
84346	51.421
26325085	36.164
28552	30.235
12364	77.689
56755	51.421
82796	34.192
35265	32.207
56789	39.614
4599	29.570
24638	42.490
56768	45.517
13328	76.605
4437893	24.771
6371	27.328
56778	45.517
3277	28.602
4526760	47.470
21568	38.051
96948	43.517
16415	45.517
193215	74.037
26325087	27.302
37779	45.517
56779	45.517
11274	28.771
35585	45.517
84344	45.517
56786	39.614
82797	29.499
5363	38.703
541032	51.244
31129	86.440
37749	37.502
56776	45.517
46264	39.614
83413	51.421
43354	45.517
457139	37.614
21429023	79.844
97055	43.517
4927801	91.237
34859	51.421
7260	38.805
19939	47.191
56756	51.421
4719431	50.710
102798	37.614
36976	51.421
45446	45.517
56767	51.421
8093	23.328
29631	63.221
34850	45.517
14348	16.332
559213	42.278
6453	33.232
84345	45.517
56766	51.421
102722	43.517
33281	39.614
1262	27.103
36975	45.517
154865	43.517
102741	43.517
26325082	105.562
32555	33.591
82740	51.421
215802	45.423
30459	47.276
23977588	78.364
4333	38.881
18941	31.081
97198	43.517
37019	51.421
82783	51.421
37000	51.421
39198	51.421
56765	51.421
46285	45.517
4938407	78.364
46284	45.517
82806	45.517
19722	60.170
34116	35.662
34668	45.517
34851	51.421
56773	45.517
82798	34.827
29282	29.245
47913	45.517
5772	79.844
28827	39.389
26915	65.332
6066	24.270
32952	45.517
48518	33.761
84347	51.421
75956	26.985
102857	43.517
43353	45.517
83414	57.324
2940	76.701
18445	47.836
25304	30.712
102787	43.517
18444	43.397
15010	36.906
82823	57.324
83411	33.335
102742	43.517
34190	51.421
56761	51.421
47914	51.421
102743	43.517
66326	44.626
56559	18.332
35529	56.604
36710	51.421
7991	44.061
33832	56.337
34852	51.421
2927	45.423
154866	43.517
35588	40.623
59833	39.188
12730	29.577
8243	29.541
15699	30.183
64559	53.150
56023	58.525
56782	57.324
549017	51.421
97240	43.517
33282	45.517
20545	21.439
36977	57.324
4066	45.423
2457	30.132
77706	35.284
4813314	34.266
56770	45.517
29847	46.051
56763	51.421
56757	51.421
102834	43.517
7928	17.332
4939096	78.364
36771	51.421
56764	51.421
9817	37.645
36978	51.421
34191	51.421
84348	57.324
45678	41.331
7929	18.0
82738	57.324
37994	30.712
106356	43.517
36979	57.324
10085	41.574
39407	53.204
11369	72.060
56762	51.421
37745	51.421
36981	57.324
56758	51.421
4744	23.049
36980	57.324
11359	75.191
6057	45.423
56775	45.517
6640	74.527
37004	57.324
4956170	48.182
34853	51.421
56783	57.324
4941232	42.022
82736	51.421
47915	57.324
4060	34.689
16139	73.272
2635909	41.797
15822	47.293
13338	83.688
12543	65.8
36983	57.324
96868	49.421
96864	49.421
56759	51.421
6058	39.616
36982	57.324
33983	51.421
36984	51.421
82831	72.043
45447	57.324
33407	63.228
2271976	37.764
4575338	44.155
24388	47.086
3171	74.185
12367	55.081
15637	63.228
82821	63.228
34860	57.324
11936	73.099
72522	18.332
82786	40.756
6542	75.527
97224	49.421
97234	49.421
5148	38.476
34854	51.421
3534	35.1
46137	57.324
12536	58.899
77887	55.702
6559	32.541
33984	51.421
26325084	132.703
11897	19.0
9242615	42.448
97233	49.421
26325083	119.132
46525	37.155
7988	44.376
46136	51.421
33142	46.491
33141	42.053
34418	44.623
5739	30.0
97142	49.421
2928	65.8
8817	30.0
36986	57.324
82834	54.845
47916	57.324
8078	49.328
4617	37.433
550258	57.324
35205	63.228
36985	63.228
46739	32.704
3326	53.825
35566	57.324
55075	64.550
2908	36.786
4913	33.210
4777	28.159
2181	54.220
6528	31.541
5557	38.206
97257	49.421
6639	85.832
33986	57.324
45448	63.228
33316	51.421
36988	63.228
105648	71.870
82679	69.797
35912	63.228
102923	49.421
8004	54.396
11898	19.332
36987	63.228
20390	34.771
3972	61.322
5590	34.095
11899	20.0
154958	54.085
3513	47.368
7970	69.797
154062	49.421
4629	62.423
36990	63.228
85876	71.550
26916	58.710
77764	42.284
33985	57.324
35108	57.324
82751	69.131
5660	37.328
36989	69.131
6519	38.206
11917	38.0
2925	36.910
16576	56.885
4447447	45.155
2284017	81.179
5554	37.328
39394	43.496
509179	30.649
77874	37.076
4444070	33.989
4228778	27.985
82822	63.228
43456	51.459
24247	54.905
4445165	55.926
34192	63.228
37764	48.578
2342810	74.214
2075	31.166
12017	21.0
6367	50.942
77933	53.986
2768	55.064
11283	36.473
5791	40.328
96965	55.324
33198	55.324
91304	82.297
35206	69.131
6281	50.376
82759	41.599
66316	47.198
154959	59.989
8804	36.0
8799	36.0
82870	42.101
5376	33.931
5553	39.993
15484	75.035
135795	84.855
49560	54.514
2246	36.0
12072	22.0
21106505	37.541
36968	51.715
2625	43.580
33255	84.855
4444102	38.649
5198	39.672
82852	49.128
2699	37.901
5773	43.328
4444107	49.298
11900	23.0
26325089	49.912
77730	56.619
39145	95.832
8103122	39.985
11901	24.0
6366	80.550
5932	44.660
15827	61.228
136695	98.160
29089	85.254
5678	38.0
5768	45.187
8763	42.0
11146	25.0
5113	54.378
17499	91.832
24722	39.313
94701	95.832
11902	26.0
6013	51.332
31006	53.996
34697	101.825
18949	87.878
10162	57.530
48085	48.870
49179	51.870
10542	30.0
104816	90.763
75995	46.642
15520	58.290
1043	49.699
65272	62.996
11906	34.0
4067	50.983
75662	74.745
29400	76.077
4444362	84.836
6045	109.725