Compound Id	KierHallSmarts [khs.aaCH]
692	0
6153	0
127983	0
291	0
21106179	0
16425	0
23208	0
6105	0
11148	0
274	0
6086	0
9256	0
923	0
937	0
6085	0
217	0
9484	0
22814	0
22408	0
9286	0
12577	0
6084	0
6128	0
9243	0
62827	0
6132	0
391	0
38403	0
1087	0
16641	0
7954	0
864	0
11153	0
748	0
6095	0
6094	0
518	N/A
16841	0
6148	0
2056044	0
6151	0
6087	0
9095782	0
4514529	0
10675065	0
21106169	0
172	0
763	0
7956	0
7577	0
6089	0
6111	0
29040	0
10606755	0
6098	0
6120	0
13837650	0
13853215	0
61149	0
12197	0
682	0
61346	0
7558	0
7556	0
454215	0
7557	0
278	0
7957	0
654	0
9461	0
6130	0
7555	0
11727	0
1114	0
14441700	0
8960	0
6083	0
454209	0
56442	0
6101	0
6097	0
175	0
4449912	0
6102	0
9016	0
7559	0
2018165	0
7733	0
3644	0
6156	0
512	0
171	0
9646	0
9254	0
7734	0
9411	0
13835550	0
6135	0
13837190	0
10325078	0
7732	0
6335	0
7738	4
14829	0
4481813	0
10765	0
71390	0
6149	0
13872989	0
9391	0
6146	0
3631	0
6121	0
61213	0
3441	0
11099	0
11806	0
6308	0
3168	0
6104	0
1004	0
66567	0
1039	0
7713	0
73583	0
6103	0
7566	0
9994	0
10709	0
6309	0
6088	0
13299573	0
13836674	0
13835316	0
6092	0
14694	0
6313	0
11230	0
7564	0
7616	0
2062437	0
7712	0
4483639	0
10437	0
30713	0
2282428	0
6188	0
4483638	0
7330	0
12442	0
7546	0
9251	0
18971812	0
71433	0
10113	0
11755	0
7790	0
107412	0
56144	0
56020	0
13835977	0
256	0
10054	0
1005	0
553742	0
558883	0
99596	0
6333	0
6321	0
23055	0
8525	0
6125	0
4514586	0
11526	0
6322	0
6320	0
13836549	0
6163	0
62826	0
6108	0
11729	0
14672	0
6118	0
7730	0
11756	0
8544	0
23255	0
6312	0
6338	0
12201	0
62597	0
8329688	0
13837797	0
10653	0
13835336	0
7782	0
21106015	0
7727	0
558928	0
6093	0
693	0
11110	0
6311	0
8896	0
5977	0
7728	0
2340753	0
6340	0
9253	0
7626	0
7604	0
7553	0
12209	0
394562	0
10325184	0
83734	0
6315	0
7627	0
7717	0
387	0
60524	0
11109	0
63631	0
6100	0
13866746	1
7010	0
14998	0
12446	0
7560	0
258	0
10053	0
124968	3
7716	0
7552	0
7737	0
10571	0
17619	0
11809	0
13836713	0
13836589	0
11833	0
13835235	0
7767	0
7030	0
13836021	0
10124	0
59573	0
10777	0
6341	0
10018	0
558020	3
12626	0
13836591	0
11996	0
6165	0
7714	0
13862665	0
6042	0
7630	0
259	0
7607	0
5894	0
21108550	4
7772	0
21111806	4
236	6
9614	5
62808	3
10492	0
7736	4
11055	0
10446	0
7463	0
7619	0
7016	0
13871721	0
7739	4
7706	0
7028	0
5730	0
6316	0
8903	4
24590970	0
21011	0
9325	4
415	0
55090	0
10947	0
10772140	0
28994	0
13839553	0
3973	0
71312	0
3951	0
592	0
8904	4
8899	3
60329	0
6406	0
2916	0
2293678	0
6119	0
29015	0
11680	0
7624	0
7615	0
7090	5
6122	0
7024	0
55188	0
11117	0
13835224	0
6176	0
62249	0
13803	0
10755	0
9377	0
15077490	0
7823	0
11125	0
6307	0
7787	0
6334	0
13255	0
109838	0
11849	0
173	0
66656	0
13837280	0
11845	0
11094	0
13854944	0
29000	0
8398	0
10791	0
8733	0
10786	0
8554	0
92731	0
7788	0
9233	0
1020	5
11992	0
6187	0
8158	0
11023	0
11731	0
11207996	0
1609	0
7721	0
1095	0
11121	0
10498	0
7065	0
7791	0
109705	3
7636	0
7621	0
11551	0
13835836	0
7711	0
8543	0
6040	0
10445	0
11351244	0
7770	0
23150	0
12161	0
13874867	0
31029	0
4444456	0
7769	0
18607	0
10001	0
7747	0
10788	0
23621376	0
5993	0
8560	0
555074	0
10437074	3
13861343	0
7705	0
8141	0
10512	0
11180	0
7701	0
62589	0
7686	0
5439	0
11056	0
7026	0
66675	0
2005981	0
7622	0
7684	0
8900	0
11025	0
7475	0
59674	0
21171407	0
11095	0
13837537	0
10614293	0
6326	0
56117	0
7466	0
29036	0
7761	0
21168808	3
11104	0
16778	0
13835376	0
127750	0
10790	0
2018460	0
68503	0
13863629	3
7674	0
1143	0
1108	5
7029	0
29001	0
11788	0
11732	0
7688	3
7515	0
11794	0
13836520	0
11678	0
2038738	3
8562	0
29012	0
21106535	0
13875283	4
13867413	0
13837702	0
5949	0
71089	3
7551	0
11706	0
66996	3
61487	0
10797	0
26325086	0
7478	0
11799	0
13839199	4
13835459	0
11793	0
10534	0
9326	4
63863	0
659	0
7459	0
10787	0
12228	5
18688	0
10795	0
55130	0
11086	0
11841	0
12012	0
4489	0
48024	0
11024	0
512621	0
66655	0
21106032	0
6330	0
11035	0
13439	0
7021	0
7018	0
120464	0
11864	0
4444608	0
10948	0
11761	0
12229	5
24099	0
22453	0
12499	0
7833	0
7657	0
7013	0
13837281	0
5708	0
7703	0
4512642	0
4516601	0
11244	0
4516599	0
11846	0
7812	0
10652594	0
7766	0
844	0
13816	0
19953955	0
7776	0
1141	0
11857	0
66021	3
10497	0
70715	3
21106520	4
66809	4
10452	0
10433	0
29107	0
10265264	0
13874733	4
11911	0
7811	0
13836399	0
7676	5
7064	0
349	0
10488	0
4514549	0
11193	0
4512361	0
11739	0
8552	0
8908	0
28986	0
10526	0
17443	3
68832	0
21800	0
10179173	0
81815	0
29016	0
7003	0
59447	0
13839109	0
13865426	0
7678	0
13842613	3
71430	0
7760	0
971	5
10420	0
11695	0
12643	0
7219	5
11784	4
7482	0
13838404	0
7679	0
15443	0
11434292	0
65936	3
13835209	0
7677	0
6342	0
15438	0
1348	3
11216	0
68328	0
4517338	0
11194	0
11819	0
13402	0
20843	2
55091	0
10487	0
15954	0
11045	0
11210	0
7521	4
7641	4
11543	0
13638	0
11752	0
7242	4
11843	0
7530	0
15765	0
10101	0
16791	0
11029	0
9633	0
28992	2
18717	0
6106	0
99440	0
7838	0
120621	0
9581	4
15413	0
7710	0
7536	0
7689	4
10710415	0
14751	0
7073	0
24533	3
7238	5
13835293	0
13866593	0
13875196	4
120489	3
10197150	0
374462	0
13839575	0
8569	0
11600	2
5889	5
191367	0
6967	4
192642	0
1078	0
23101	0
17558	0
55123	0
68179	0
733	0
11042	3
21132380	3
9349	4
73412	0
235	5
7827	0
68156	0
773	3
17880	0
20119	0
70714	3
7225	4
7786	0
7224	5
13448	0
7673	5
10940	3
10939	0
13842993	0
29025	0
1664	4
7128	5
455420	0
11866	0
21105905	4
10772050	0
26765	0
7681	5
7837	0
553642	0
21106560	4
11830	0
7810	0
7815	0
13842001	0
21169510	0
11930	0
10437135	3
7835	0
19956441	0
78	4
67991	0
455353	0
13875281	4
2039535	3
13837686	4
7240	4
123993	0
7849	0
7803	0
11783	4
13839441	0
18219	0
83866	0
13875160	4
11865	0
11077	3
21106586	0
13835772	4
83850	0
7221	4
11699	0
7385	5
7391	5
7670	0
13860335	5
19231	0
29005	0
7443	4
22191	0
7802	0
7389	5
7241	4
6179	0
7694	0
24972	1
62489	4
6286	0
7528	0
11660	4
62230	0
8568	0
7129	5
69371	0
10784857	0
21105871	4
13839082	4
63889	4
21109330	0
10937	3
7236	0
1577	0
122090	0
8909	0
11716	0
12231	0
10384035	3
6270	0
156255	0
7659	3
11409	4
6402	0
11919	0
7856	0
13257	4
21106036	3
13840690	5
7765	0
7538	0
71787	0
441	0
2606	0
11795	0
6287	0
14692	0
7223	5
7685	4
123860	0
7672	0
9970	0
13857694	4
16159	0
7088	5
28969	5
12069	0
11265	0
13648	4
13876539	5
7533	0
7131	5
7434	0
13866817	4
6977	3
13854136	4
447	4
13837760	4
13835151	4
191	0
7234	5
71628	0
7132	5
11087	5
18801	0
13837988	4
10696	0
76894	0
12456	0
12445	0
69569	0
12809	0
7138	5
10236	3
13863618	4
4446445	0
3954	0
55205	0
11021	4
14198	0
29026	0
5976	0
13875258	4
9903	4
7183	4
21181	0
13839416	0
7851	0
18410	0
13865680	4
21112023	4
503239	3
4878	4
932	0
12010	0
63908	4
5830	5
13839308	5
14680	0
28682	3
14169248	0
63310	0
11671339	0
391428	0
122446	0
238	5
7239	5
11863	0
2041618	0
13851576	5
13854248	4
10437215	3
8070	4
370	0
455090	3
11632	0
14840	0
2656	0
78828	0
10422	0
20939	0
69914	0
9976	0
73479	3
924	5
6883	5
5979	0
577	0
13658	0
21106366	5
7419	5
14299946	0
331	4
7448	4
7509	0
12632	0
61001	4
28982	4
11604	4
62534	4
62408	4
123207	4
75951	0
13837787	4
13839123	3
59483	0
18724	4
7850	0
13875432	4
8665	4
13839128	3
13875219	4
456015	3
55084	0
6974	4
8657	4
13849981	0
26824	0
72793	0
21106014	4
6296	0
14256731	0
13860775	4
7140	4
13869339	4
13647	0
764	4
7800	0
8071	4
13835932	0
7809	0
4449	0
13839110	3
29029	0
21106525	4
7142	4
132	4
12220	0
20570	4
21106144	4
7190	4
8140	3
13869451	4
15461	5
76394	4
7518	4
8520	0
8883	0
6079	4
2931	0
10536	0
25552	2
13848808	4
10181341	5
10328	4
15846	0
5596	4
4962	4
13869462	3
11871	0
10265270	0
222538	3
768	1
2849146	3
8674	4
13869480	4
12635	0
65523	3
6999	2
2441	0
7662	3
13856352	5
7506	0
6897	5
8186	4
15431	4
58234	0
21106146	4
15387	0
8574	0
1015	3
26325090	0
13842573	4
9564	3
221226	4
8912	0
7848	0
13875441	4
13863774	4
13871718	5
10179239	0
10227261	0
776	6
906	8
21168813	4
4366810	0
7170	4
12821	4
13619	0
392	4
8097	4
299166	4
21106013	4
13869414	4
21111817	4
7511	0
24641	0
21106020	4
17131	5
10756	0
7984	0
10404	5
13853953	4
12218	0
21105897	4
13862559	3
5593	5
123	4
11773	4
13846663	4
10451	0
7852	0
7872	0
13662	4
12637	0
376	0
6780	7
6794	5
21106018	3
72551	0
15427	5
13859497	3
11576	3
6635	0
21111781	4
11080	4
13835630	0
105291	1
14846	0
13868640	4
21105859	4
11862	0
8910	0
14227	4
10437210	3
11589	4
64699	0
8098	7
589165	5
6781	4
12933	0
13853758	4
9893	5
6621	4
558878	0
8855	6
10980	4
206561	4
15855	0
13835126	4
5882	4
13864445	3
21170967	4
12478	4
21105870	5
13229	0
13849989	0
24535	2
18019	0
73390	3
6674	4
11591	4
67360	0
553578	0
10437335	3
14593	0
10432	4
7745	0
21159695	4
7891	0
10972	4
11557190	0
8183	4
12219	0
880	5
1446	3
2923	3
6775	4
12954	0
8576	0
21105848	3
68109	0
7882	0
120548	4
10181339	5
6788	7
13853943	4
11672	4
57726	0
10892	4
6898	5
1905	0
21106470	6
6950	4
13860434	3
12972	0
21106148	4
10664	4
7890	0
71876	0
7176	4
15965	5
67653	0
13487	5
9088156	0
7871	0
68224	0
18	3
4511751	0
10181338	4
10756390	0
84971	0
388391	0
13871489	0
11629	3
2241	5
21106519	4
11460	5
7189	4
8521	0
13876103	3
11510	3
14349	0
7211	4
2937774	4
11584	4
21105998	3
6736	7
4963	4
6789	7
6737	7
59482	5
81814	0
14021447	0
71	3
80863	4
955	4
7145	4
917	4
3350	3
10616	4
7172	4
10257	4
953	4
1151	1
21106571	2
6827	0
11422	5
21106163	2
10025	0
13835344	4
15853	0
21106140	3
10801109	0
86394	0
21106145	4
62310	4
13835706	0
7092	5
1448	3
8182	4
21106518	4
10437239	1
13848793	4
68676	3
16180	0
7600	0
13846959	4
6773	3
7340	0
13837329	4
21106581	4
16475	3
7146	3
185	2
6828	10
11488212	3
6646	0
10801842	0
16387	0
11586	4
62472	4
16388	0
21108576	4
6480	4
23083	5
10628694	4
7892	0
71437	0
5644	0
10909	6
10918	6
8935	5
4510206	0
7757	0
13846749	4
2298886	0
6550	4
8341	7
7208	4
11882	0
4611	5
13835351	3
8374	5
70682	0
13492	5
13677	7
6739	7
17347	5
7875	0
11777	3
7310	5
11465	5
2157	4
8150	3
7302	10
7202	4
7042	3
6035	4
11776	3
10908	6
10850	6
556589	4
7299	10
8577	0
21106900	3
17652	0
5915	5
10106	0
63518	5
17868	8
6706	3
10851	6
11588	4
79969	4
6675	4
71193	5
2206	0
13867714	8
4445317	0
10849	6
11595	4
1906	4
6193	0
67270	4
16177	0
6033	4
6478	6
15517	4
10841	6
13574	0
8319	7
7964	0
15789876	0
21105699	8
13622	0
10829	6
11507	3
7585	0
6790	7
15495	4
13860	5
10831	6
56515	0
20124	6
744	1
10343	2
218253	9
454319	0
76154	5
33084	0
67414	0
220998	0
15867	3
7901	0
14627	7
21106570	1
10449	0
10813	6
199342	4
15755	6
15702	4
62484	4
4522053	0
8273	6
11883	0
8262	6
642951	3
15747	5
15524	6
13837303	4
305	0
230	0
14995	6
10733068	0
256210	7
33421	8
67470	6
33416	0
14994	6
15756	6
12938	0
6588	7
15475	6
7279	5
23886	8
14472	0
15476	6
42330	0
2991	10
12682	5
4762	5
361	2
6592	8
11884	0
15488	9
15478	6
21106573	1
11003	10
15489	9
15861	5
7155	3
64155	4
2627	4
24142	0
8073	2
44152	0
26325080	0
8916	0
4267	0
33455	8
15619	5
96749	0
18336	5
5236	1
440	0
2973	0
3173	0
2185	10
1361549	5
7915	0
30600	8
1438	2
15477	6
10437836	1
8120	3
26010	8
7152	2
13846658	9
8470	4
3544	4
15621	5
33934	8
7913	0
7994	0
2468	3
6840	8
12133	0
11632871	0
34863	7
63968	9
61739	6
68437	5
66895	5
26260	5
33932	8
33933	8
5027	0
192748	3
8282	6
5004	0
34188	7
13114	4
18280	0
12024	0
2068	1
6835	9
78998	0
72056	0
4626	0
2169	0
23115	0
6492	6
4103087	2
9824	8
15473	8
34664	7
9053802	0
37904	7
13856959	10
12586	0
5368	2
707	0
34665	7
17098	8
17099	8
84188	5
15620	5
8111	10
3210	0
49469	4
967	0
158870	5
2915	8
83330	5
157093	5
4768	0
34864	7
14993	0
8329	10
970	10
7917	0
136000	5
34866	7
83374	5
2297538	0
20848	0
457145	5
8067	0
37918	7
457140	5
34865	7
8241	4
14620	0
6593	8
21782117	0
135983	5
10540	0
25472	3
25605	7
6464	0
25677	6
136001	5
136003	5
34666	7
82753	6
10438331	5
2121	5
1278	8
4457	0
62265	3
11974	2
31991	4
481441	0
34867	7
84235	5
13087	5
2079	0
2424	1
5256	0
7315	10
15474	8
37915	7
40191	6
29348	0
26011	7
28287	0
62632	0
30932	0
22172	0
5899	7
2297441	0
37905	7
3987	4
33617	0
2283071	4
34830	1
16568	2
108106	0
69223	2
35581	6
23912	0
13302	0
4932499	4
3006	0
56793	6
13090	10
34868	7
10243	0
13850879	0
56791	6
14674	0
15729	2
8060	9
9040	0
34870	7
30881	0
17587	4
34869	7
457144	5
5807	0
9026	4
3008	3
4575	0
135925	5
4759	0
82777	6
34871	7
454495	6
6688	2
36319	3
533188	6
34872	7
10169	15
11891	0
56792	6
26325081	0
8058	9
20493	1
36278	3
35580	6
82755	4
82842	1
15417	2
46262	6
136002	5
28941	3
56123	0
5342	0
56784	7
16182	6
56785	6
56790	6
26563	0
13303	0
82765	5
82767	2
12705	0
14826	0
30816	3
16481	0
97173	4
102720	4
7051	3
21924	7
102721	4
33458	6
82818	6
3548	3
35579	6
38839	3
27749	3
34667	7
56795	6
56788	6
1994	3
8939	2
16482	0
36972	6
21106365	8
4760	0
34873	7
7967	0
559096	0
35582	6
56771	5
13520	5
56774	5
9873	8
3463	0
37744	5
12874	0
46893	6
82807	6
35081	5
56769	5
35584	6
3864	0
13300034	4
10292746	0
33829	4
102833	4
47912	6
13844817	4
82817	6
82762	4
2839	0
6842	8
82754	4
157094	4
3229	3
5237	6
82840	3
34189	6
16736498	0
7968	0
29117	10
33304	6
56794	6
13837319	4
457138	4
39406	5
56780	5
27793	4
106355	4
6767	8
34847	5
102897	4
2581	0
6417	0
103011	4
82712	4
56781	5
45444	5
102947	4
102933	4
33457	6
8287	0
33280	6
36029	6
46263	6
56777	5
33666	4
56787	6
16736486	0
102801	4
82873	0
8288	4
4025	3
17339596	0
33456	6
2629	1
33386	6
2003	0
6514	7
36973	5
97172	4
36974	5
82819	5
15572	2
102856	4
13115	0
8800	10
29153	10
35583	6
82820	5
45445	5
4886542	8
103066	4
46894	5
32873	4
35563	5
17684	0
44885	6
46710	3
33326	3
4745	4
26325088	0
56772	5
34848	5
56760	4
84346	4
26325085	0
28552	0
12364	4
56755	4
82796	5
35265	1
56789	6
4599	5
24638	3
56768	5
13328	0
4437893	10
6371	8
56778	5
3277	8
4526760	3
21568	3
96948	3
16415	5
193215	0
26325087	0
37779	5
56779	5
11274	9
35585	5
84344	5
56786	6
82797	4
5363	6
541032	1
31129	0
37749	6
56776	5
46264	6
83413	4
43354	5
457139	4
21429023	0
97055	3
4927801	0
34859	4
7260	4
19939	4
56756	4
4719431	2
102798	4
36976	4
45446	5
56767	4
8093	10
29631	0
34850	5
14348	0
559213	5
6453	7
84345	5
56766	4
102722	3
33281	6
1262	6
36975	5
154865	3
102741	3
26325082	0
32555	0
82740	4
215802	8
30459	4
23977588	0
4333	7
18941	0
97198	3
37019	4
82783	4
37000	4
39198	4
56765	4
46285	5
4938407	0
46284	5
82806	5
19722	2
34116	6
34668	5
34851	4
56773	5
82798	4
29282	0
47913	5
5772	0
28827	3
26915	2
6066	5
32952	5
48518	3
84347	4
75956	4
102857	3
43353	5
83414	3
2940	0
18445	3
25304	7
102787	3
18444	3
15010	7
82823	3
83411	7
102742	3
34190	4
56761	4
47914	4
102743	3
66326	10
56559	0
35529	3
36710	4
7991	4
33832	3
34852	4
2927	8
154866	3
35588	0
59833	5
12730	0
8243	4
15699	0
64559	2
56023	5
56782	3
549017	4
97240	3
33282	5
20545	0
36977	3
4066	8
2457	8
77706	6
4813314	8
56770	5
29847	6
56763	4
56757	4
102834	3
7928	0
4939096	0
36771	4
56764	4
9817	2
36978	4
34191	4
84348	3
45678	5
7929	0
82738	3
37994	8
106356	3
36979	3
10085	8
39407	2
11369	2
56762	4
37745	4
36981	3
56758	4
4744	4
36980	3
11359	0
6057	8
56775	5
6640	0
37004	3
4956170	4
34853	4
56783	3
4941232	5
82736	4
47915	3
4060	7
16139	0
2635909	8
15822	6
13338	0
12543	8
36983	3
96868	2
96864	2
56759	4
6058	8
36982	3
33983	4
36984	4
82831	3
45447	3
33407	2
2271976	5
4575338	2
24388	0
3171	0
12367	4
15637	2
82821	2
34860	3
11936	0
72522	0
82786	11
6542	0
97224	2
97234	2
5148	6
34854	4
3534	5
46137	3
12536	4
77887	2
6559	4
33984	4
26325084	0
11897	0
9242615	10
97233	2
26325083	0
46525	8
7988	15
46136	4
33142	3
33141	3
34418	3
5739	12
97142	2
2928	8
8817	12
36986	3
82834	10
47916	3
8078	5
4617	10
550258	3
35205	2
36985	2
46739	9
3326	5
35566	3
55075	0
2908	8
4913	3
4777	7
2181	4
6528	4
5557	5
97257	2
6639	0
33986	3
45448	2
33316	4
36988	2
105648	2
82679	8
35912	2
102923	2
8004	6
11898	0
36987	2
20390	9
3972	8
5590	2
11899	0
154958	3
3513	2
7970	8
154062	2
4629	3
36990	2
85876	6
26916	8
77764	6
33985	3
35108	3
82751	1
5660	3
36989	1
6519	4
11917	20
2925	7
16576	4
4447447	2
2284017	0
5554	3
39394	11
509179	4
77874	9
4444070	7
4228778	4
82822	2
43456	3
24247	2
4445165	8
34192	2
37764	3
2342810	5
2075	8
12017	0
6367	4
77933	8
2768	3
11283	15
5791	0
96965	1
33198	1
91304	0
35206	1
6281	12
82759	11
66316	5
154959	2
8804	12
8799	12
82870	7
5376	3
5553	3
15484	0
135795	5
49560	3
2246	12
12072	0
21106505	4
36968	9
2625	7
33255	5
4444102	5
5198	8
82852	4
2699	7
5773	0
4444107	8
11900	0
26325089	7
77730	9
39145	4
8103122	4
11901	0
6366	4
5932	0
15827	0
136695	4
29089	0
5678	14
5768	0
8763	12
11146	0
5113	4
17499	0
24722	8
94701	4
11902	0
6013	5
31006	4
34697	4
18949	4
10162	4
48085	0
49179	0
10542	0
104816	0
75995	8
15520	12
1043	2
65272	0
11906	0
4067	4
75662	3
29400	3
4444362	5
6045	0