Compound Id	KierHallSmarts [khs.ssCH2]
692	0
6153	0
127983	0
291	0
21106179	0
16425	0
23208	0
6105	1
11148	0
274	0
6086	0
9256	0
923	0
937	0
6085	0
217	0
9484	0
22814	0
22408	0
9286	0
12577	1
6084	0
6128	0
9243	1
62827	1
6132	0
391	0
38403	0
1087	0
16641	0
7954	0
864	0
11153	1
748	0
6095	0
6094	1
518	N/A
16841	0
6148	0
2056044	0
6151	0
6087	0
9095782	0
4514529	0
10675065	1
21106169	1
172	0
763	0
7956	0
7577	0
6089	0
6111	1
29040	0
10606755	0
6098	0
6120	0
13837650	2
13853215	0
61149	0
12197	0
682	1
61346	1
7558	1
7556	1
454215	0
7557	0
278	0
7957	0
654	0
9461	1
6130	0
7555	2
11727	0
1114	0
14441700	1
8960	0
6083	0
454209	1
56442	0
6101	1
6097	1
175	0
4449912	0
6102	0
9016	0
7559	0
2018165	1
7733	0
3644	0
6156	0
512	1
171	0
9646	0
9254	0
7734	1
9411	1
13835550	2
6135	0
13837190	1
10325078	0
7732	1
6335	0
7738	0
14829	0
4481813	0
10765	0
71390	0
6149	0
13872989	1
9391	0
6146	0
3631	0
6121	0
61213	1
3441	0
11099	1
11806	2
6308	1
3168	2
6104	1
1004	2
66567	0
1039	0
7713	2
73583	0
6103	1
7566	1
9994	3
10709	2
6309	0
6088	0
13299573	1
13836674	1
13835316	0
6092	1
14694	1
6313	0
11230	1
7564	2
7616	0
2062437	0
7712	3
4483639	1
10437	2
30713	0
2282428	0
6188	0
4483638	1
7330	1
12442	2
7546	2
9251	0
18971812	0
71433	0
10113	0
11755	0
7790	3
107412	1
56144	0
56020	0
13835977	1
256	2
10054	0
1005	1
553742	0
558883	0
99596	0
6333	0
6321	1
23055	1
8525	1
6125	0
4514586	0
11526	0
6322	0
6320	1
13836549	0
6163	1
62826	1
6108	0
11729	1
14672	0
6118	0
7730	2
11756	1
8544	3
23255	1
6312	1
6338	1
12201	1
62597	2
8329688	1
13837797	2
10653	1
13835336	2
7782	2
21106015	2
7727	2
558928	0
6093	1
693	0
11110	2
6311	0
8896	5
5977	0
7728	2
2340753	1
6340	0
9253	0
7626	0
7604	2
7553	1
12209	3
394562	0
10325184	1
83734	0
6315	1
7627	0
7717	2
387	0
60524	0
11109	3
63631	0
6100	1
13866746	0
7010	2
14998	1
12446	2
7560	2
258	3
10053	0
124968	0
7716	3
7552	2
7737	4
10571	0
17619	0
11809	3
13836713	1
13836589	2
11833	3
13835235	2
7767	4
7030	2
13836021	2
10124	0
59573	0
10777	0
6341	0
10018	4
558020	0
12626	3
13836591	3
11996	1
6165	1
7714	3
13862665	1
6042	0
7630	0
259	2
7607	2
5894	0
21108550	0
7772	3
21111806	0
236	0
9614	0
62808	0
10492	1
7736	0
11055	2
10446	0
7463	2
7619	1
7016	2
13871721	1
7739	0
7706	2
7028	3
5730	0
6316	1
8903	0
24590970	0
21011	2
9325	0
415	3
55090	1
10947	2
10772140	1
28994	0
13839553	3
3973	0
71312	0
3951	0
592	0
8904	0
8899	0
60329	3
6406	0
2916	1
2293678	0
6119	0
29015	4
11680	2
7624	0
7615	2
7090	0
6122	0
7024	4
55188	1
11117	2
13835224	1
6176	0
62249	0
13803	0
10755	2
9377	5
15077490	0
7823	4
11125	3
6307	1
7787	6
6334	0
13255	2
109838	3
11849	4
173	0
66656	0
13837280	0
11845	4
11094	3
13854944	2
29000	2
8398	2
10791	1
8733	3
10786	1
8554	5
92731	0
7788	4
9233	2
1020	0
11992	1
6187	0
8158	3
11023	3
11731	0
11207996	2
1609	3
7721	3
1095	4
11121	4
10498	2
7065	1
7791	5
109705	0
7636	1
7621	1
11551	3
13835836	2
7711	3
8543	3
6040	4
10445	1
11351244	3
7770	3
23150	0
12161	0
13874867	1
31029	2
4444456	1
7769	4
18607	2
10001	1
7747	1
10788	1
23621376	2
5993	0
8560	5
555074	3
10437074	0
13861343	0
7705	2
8141	4
10512	4
11180	0
7701	3
62589	4
7686	4
5439	1
11056	2
7026	4
66675	0
2005981	0
7622	1
7684	4
8900	0
11025	3
7475	3
59674	2
21171407	1
11095	3
13837537	4
10614293	1
6326	1
56117	2
7466	1
29036	0
7761	2
21168808	0
11104	2
16778	4
13835376	4
127750	4
10790	1
2018460	1
68503	0
13863629	0
7674	5
1143	0
1108	0
7029	3
29001	1
11788	5
11732	2
7688	0
7515	3
11794	3
13836520	3
11678	3
2038738	0
8562	4
29012	3
21106535	2
13875283	0
13867413	1
13837702	4
5949	4
71089	0
7551	2
11706	3
66996	0
61487	1
10797	0
26325086	1
7478	2
11799	3
13839199	0
13835459	4
11793	3
10534	1
9326	0
63863	0
659	0
7459	3
10787	1
12228	0
18688	1
10795	0
55130	2
11086	4
11841	2
12012	4
4489	0
48024	4
11024	3
512621	0
66655	0
21106032	4
6330	1
11035	4
13439	1
7021	0
7018	2
120464	2
11864	5
4444608	2
10948	2
11761	0
12229	0
24099	4
22453	2
12499	0
7833	5
7657	2
7013	2
13837281	0
5708	2
7703	3
4512642	4
4516601	4
11244	0
4516599	4
11846	4
7812	5
10652594	0
7766	4
844	1
13816	1
19953955	3
7776	4
1141	0
11857	5
66021	0
10497	3
70715	0
21106520	0
66809	0
10452	0
10433	2
29107	0
10265264	4
13874733	0
11911	1
7811	5
13836399	5
7676	0
7064	2
349	6
10488	4
4514549	0
11193	1
4512361	4
11739	3
8552	4
8908	7
28986	4
10526	5
17443	0
68832	2
21800	4
10179173	4
81815	0
29016	2
7003	1
59447	3
13839109	3
13865426	2
7678	5
13842613	0
71430	2
7760	4
971	0
10420	4
11695	2
12643	3
7219	1
11784	0
7482	4
13838404	0
7679	5
15443	5
11434292	0
65936	0
13835209	4
7677	5
6342	0
15438	6
1348	0
11216	3
68328	0
4517338	0
11194	1
11819	2
13402	4
20843	0
55091	0
10487	5
15954	2
11045	4
11210	3
7521	0
7641	0
11543	2
13638	7
11752	1
7242	1
11843	4
7530	4
15765	4
10101	0
16791	4
11029	4
9633	7
28992	0
18717	1
6106	1
99440	1
7838	5
120621	0
9581	0
15413	3
7710	3
7536	4
7689	0
10710415	0
14751	6
7073	1
24533	1
7238	0
13835293	2
13866593	5
13875196	0
120489	0
10197150	0
374462	2
13839575	4
8569	6
11600	0
5889	0
191367	4
6967	0
192642	0
1078	2
23101	0
17558	5
55123	5
68179	5
733	2
11042	0
21132380	0
9349	0
73412	4
235	0
7827	4
68156	5
773	0
17880	6
20119	2
70714	0
7225	0
7786	2
7224	0
13448	2
7673	0
10940	0
10939	4
13842993	0
29025	6
1664	0
7128	0
455420	6
11866	5
21105905	1
10772050	0
26765	2
7681	0
7837	6
553642	6
21106560	1
11830	4
7810	5
7815	5
13842001	4
21169510	1
11930	0
10437135	1
7835	6
19956441	4
78	0
67991	0
455353	6
13875281	0
2039535	1
13837686	0
7240	0
123993	3
7849	7
7803	5
11783	0
13839441	5
18219	0
83866	4
13875160	0
11865	6
11077	0
21106586	1
13835772	0
83850	4
7221	0
11699	3
7385	2
7391	1
7670	2
13860335	1
19231	4
29005	5
7443	0
22191	3
7802	5
7389	0
7241	0
6179	0
7694	5
24972	0
62489	0
6286	3
7528	2
11660	1
62230	4
8568	5
7129	0
69371	0
10784857	0
21105871	0
13839082	0
63889	0
21109330	0
10937	0
7236	5
1577	0
122090	0
8909	8
11716	5
12231	0
10384035	1
6270	4
156255	3
7659	0
11409	1
6402	2
11919	4
7856	6
13257	0
21106036	0
13840690	1
7765	4
7538	5
71787	1
441	6
2606	0
11795	3
6287	3
14692	6
7223	1
7685	0
123860	6
7672	5
9970	6
13857694	0
16159	1
7088	0
28969	0
12069	5
11265	0
13648	0
13876539	1
7533	3
7131	0
7434	5
13866817	0
6977	0
13854136	0
447	0
13837760	0
13835151	0
191	4
7234	0
71628	4
7132	0
11087	0
18801	6
13837988	0
10696	0
76894	0
12456	7
12445	0
69569	0
12809	7
7138	0
10236	0
13863618	0
4446445	4
3954	0
55205	3
11021	1
14198	3
29026	6
5976	1
13875258	0
9903	3
7183	0
21181	3
13839416	6
7851	7
18410	8
13865680	1
21112023	0
503239	0
4878	0
932	7
12010	5
63908	0
5830	2
13839308	1
14680	6
28682	0
14169248	3
63310	0
11671339	0
391428	2
122446	0
238	0
7239	0
11863	6
2041618	0
13851576	1
13854248	0
10437215	2
8070	0
370	6
455090	0
11632	4
14840	8
2656	4
78828	0
10422	2
20939	3
69914	0
9976	6
73479	0
924	0
6883	0
5979	0
577	0
13658	0
21106366	1
7419	3
14299946	0
331	0
7448	2
7509	6
12632	6
61001	0
28982	1
11604	1
62534	0
62408	0
123207	0
75951	4
13837787	0
13839123	0
59483	0
18724	0
7850	7
13875432	0
8665	0
13839128	0
13875219	0
456015	0
55084	6
6974	0
8657	0
13849981	2
26824	0
72793	4
21106014	0
6296	2
14256731	6
13860775	0
7140	0
13869339	0
13647	5
764	0
7800	6
8071	0
13835932	2
7809	5
4449	4
13839110	0
29029	7
21106525	1
7142	0
132	0
12220	8
20570	0
21106144	0
7190	0
8140	0
13869451	0
15461	1
76394	0
7518	0
8520	0
8883	6
6079	0
2931	0
10536	6
25552	2
13848808	0
10181341	1
10328	0
15846	7
5596	0
4962	1
13869462	0
11871	4
10265270	8
222538	0
768	0
2849146	0
8674	0
13869480	0
12635	8
65523	0
6999	0
2441	3
7662	0
13856352	2
7506	3
6897	1
8186	0
15431	0
58234	3
21106146	0
15387	8
8574	8
1015	0
26325090	6
13842573	0
9564	0
221226	1
8912	8
7848	7
13875441	0
13863774	0
13871718	3
10179239	8
10227261	6
776	0
906	0
21168813	0
4366810	3
7170	0
12821	0
13619	9
392	0
8097	4
299166	0
21106013	0
13869414	0
21111817	0
7511	7
24641	5
21106020	0
17131	0
10756	3
7984	4
10404	4
13853953	0
12218	7
21105897	1
13862559	0
5593	0
123	0
11773	0
13846663	0
10451	0
7852	7
7872	7
13662	0
12637	6
376	5
6780	0
6794	2
21106018	0
72551	5
15427	3
13859497	1
11576	0
6635	0
21111781	0
11080	0
13835630	6
105291	0
14846	7
13868640	0
21105859	1
11862	6
8910	10
14227	0
10437210	0
11589	1
64699	0
8098	0
589165	0
6781	0
12933	6
13853758	0
9893	2
6621	1
558878	2
8855	0
10980	0
206561	0
15855	2
13835126	0
5882	0
13864445	0
21170967	0
12478	0
21105870	1
13229	2
13849989	3
24535	1
18019	0
73390	1
6674	0
11591	0
67360	8
553578	2
10437335	1
14593	2
10432	0
7745	2
21159695	2
7891	9
10972	0
11557190	0
8183	0
12219	8
880	0
1446	0
2923	0
6775	0
12954	6
8576	9
21105848	0
68109	0
7882	9
120548	0
10181339	2
6788	0
13853943	0
11672	0
57726	6
10892	0
6898	1
1905	0
21106470	0
6950	0
13860434	0
12972	8
21106148	0
10664	0
7890	10
71876	6
7176	0
15965	2
67653	8
13487	5
9088156	3
7871	8
68224	0
18	0
4511751	0
10181338	0
10756390	0
84971	2
388391	2
13871489	2
11629	0
2241	0
21106519	3
11460	0
7189	0
8521	0
13876103	1
11510	0
14349	8
7211	0
2937774	1
11584	0
21105998	0
6736	0
4963	0
6789	0
6737	0
59482	3
81814	6
14021447	0
71	0
80863	3
955	0
7145	0
917	3
3350	0
10616	0
7172	0
10257	0
953	0
1151	0
21106571	0
6827	10
11422	0
21106163	0
10025	6
13835344	0
15853	9
21106140	1
10801109	4
86394	1
21106145	0
62310	2
13835706	2
7092	0
1448	0
8182	0
21106518	0
10437239	1
13848793	0
68676	0
16180	10
7600	4
13846959	0
6773	0
7340	9
13837329	0
21106581	0
16475	0
7146	0
185	0
6828	0
11488212	0
6646	2
10801842	3
16387	5
11586	0
62472	0
16388	3
21108576	0
6480	0
23083	0
10628694	0
7892	10
71437	6
5644	0
10909	0
10918	0
8935	0
4510206	0
7757	9
13846749	1
2298886	0
6550	0
8341	0
7208	0
11882	11
4611	3
13835351	0
8374	3
70682	8
13492	6
13677	1
6739	0
17347	0
7875	9
11777	0
7310	1
11465	1
2157	0
8150	0
7302	0
7202	1
7042	0
6035	1
11776	0
10908	0
10850	0
556589	0
7299	1
8577	9
21106900	0
17652	4
5915	0
10106	6
63518	4
17868	0
6706	0
10851	0
11588	0
79969	3
6675	0
71193	0
2206	2
13867714	0
4445317	2
10849	0
11595	0
1906	0
6193	3
67270	0
16177	10
6033	0
6478	2
15517	0
10841	0
13574	1
8319	0
7964	2
15789876	8
21105699	0
13622	11
10829	0
11507	0
7585	4
6790	0
15495	3
13860	0
10831	0
56515	1
20124	0
744	0
10343	0
218253	0
454319	0
76154	0
33084	2
67414	6
220998	8
15867	0
7901	11
14627	0
21106570	0
10449	0
10813	0
199342	1
15755	0
15702	0
62484	0
4522053	0
8273	0
11883	12
8262	0
642951	0
15747	7
15524	0
13837303	2
305	2
230	1
14995	0
10733068	0
256210	0
33421	0
67470	0
33416	10
14994	0
15756	0
12938	3
6588	0
15475	0
7279	0
23886	0
14472	4
15476	0
42330	3
2991	0
12682	0
4762	1
361	0
6592	1
11884	11
15488	0
15478	0
21106573	0
11003	0
15489	0
15861	0
7155	0
64155	0
2627	0
24142	12
8073	0
44152	2
26325080	0
8916	5
4267	0
33455	0
15619	0
96749	1
18336	1
5236	0
440	2
2973	1
3173	5
2185	0
1361549	4
7915	12
30600	0
1438	0
15477	0
10437836	2
8120	0
26010	0
7152	0
13846658	0
8470	0
3544	1
15621	0
33934	0
7913	11
7994	6
2468	1
6840	1
12133	2
11632871	11
34863	0
63968	0
61739	0
68437	0
66895	6
26260	0
33932	0
33933	0
5027	2
192748	0
8282	0
5004	8
34188	0
13114	0
18280	4
12024	3
2068	0
6835	0
78998	13
72056	12
4626	4
2169	1
23115	5
6492	0
4103087	0
9824	0
15473	0
34664	0
9053802	11
37904	0
13856959	1
12586	9
5368	4
707	0
34665	0
17098	0
17099	0
84188	0
15620	0
8111	0
3210	5
49469	2
967	0
158870	0
2915	0
83330	1
157093	0
4768	0
34864	0
14993	0
8329	0
970	0
7917	13
136000	0
34866	0
83374	0
2297538	2
20848	1
457145	0
8067	0
37918	0
457140	0
34865	0
8241	4
14620	1
6593	0
21782117	1
135983	0
10540	14
25472	0
25605	0
6464	0
25677	0
136001	0
136003	0
34666	0
82753	0
10438331	0
2121	0
1278	0
4457	3
62265	0
11974	0
31991	2
481441	0
34867	0
84235	0
13087	2
2079	3
2424	0
5256	0
7315	0
15474	0
37915	0
40191	0
29348	0
26011	0
28287	0
62632	14
30932	7
22172	2
5899	0
2297441	0
37905	0
3987	0
33617	1
2283071	0
34830	2
16568	0
108106	8
69223	1
35581	0
23912	3
13302	0
4932499	0
3006	5
56793	0
13090	0
34868	0
10243	0
13850879	5
56791	0
14674	3
15729	0
8060	1
9040	1
34870	0
30881	2
17587	0
34869	0
457144	0
5807	1
9026	2
3008	0
4575	3
135925	0
4759	0
82777	0
34871	0
454495	0
6688	0
36319	3
533188	0
34872	0
10169	0
11891	14
56792	0
26325081	0
8058	0
20493	0
36278	0
35580	0
82755	0
82842	2
15417	0
46262	0
136002	0
28941	0
56123	0
5342	1
56784	0
16182	0
56785	0
56790	0
26563	12
13303	2
82765	0
82767	0
12705	1
14826	2
30816	1
16481	4
97173	0
102720	0
7051	2
21924	0
102721	0
33458	0
82818	0
3548	3
35579	0
38839	1
27749	0
34667	0
56795	0
56788	0
1994	4
8939	0
16482	4
36972	0
21106365	0
4760	0
34873	0
7967	0
559096	11
35582	0
56771	0
13520	0
56774	0
9873	0
3463	0
37744	0
12874	1
46893	0
82807	0
35081	0
56769	0
35584	0
3864	3
13300034	1
10292746	1
33829	3
102833	0
47912	0
13844817	2
82817	0
82762	0
2839	0
6842	0
82754	0
157094	0
3229	0
5237	0
82840	2
34189	0
16736498	2
7968	0
29117	0
33304	0
56794	0
13837319	6
457138	0
39406	0
56780	0
27793	0
106355	0
6767	0
34847	0
102897	0
2581	15
6417	0
103011	0
82712	0
56781	0
45444	0
102947	0
102933	0
33457	0
8287	2
33280	0
36029	0
46263	0
56777	0
33666	0
56787	0
16736486	1
102801	0
82873	3
8288	0
4025	3
17339596	1
33456	0
2629	2
33386	0
2003	1
6514	1
36973	0
97172	0
36974	0
82819	0
15572	0
102856	0
13115	1
8800	0
29153	0
35583	0
82820	0
45445	0
4886542	0
103066	0
46894	0
32873	1
35563	0
17684	4
44885	2
46710	1
33326	1
4745	4
26325088	9
56772	0
34848	0
56760	0
84346	0
26325085	10
28552	1
12364	0
56755	0
82796	3
35265	2
56789	0
4599	1
24638	0
56768	0
13328	0
4437893	1
6371	0
56778	0
3277	0
4526760	2
21568	0
96948	0
16415	0
193215	1
26325087	9
37779	0
56779	0
11274	0
35585	0
84344	0
56786	0
82797	7
5363	0
541032	0
31129	0
37749	0
56776	0
46264	0
83413	0
43354	0
457139	0
21429023	1
97055	0
4927801	10
34859	0
7260	0
19939	2
56756	0
4719431	0
102798	0
36976	0
45446	0
56767	0
8093	0
29631	0
34850	0
14348	16
559213	0
6453	0
84345	0
56766	0
102722	0
33281	0
1262	0
36975	0
154865	0
102741	0
26325082	0
32555	2
82740	0
215802	0
30459	1
23977588	2
4333	0
18941	1
97198	0
37019	0
82783	0
37000	0
39198	0
56765	0
46285	0
4938407	2
46284	0
82806	0
19722	2
34116	2
34668	0
34851	0
56773	0
82798	4
29282	1
47913	0
5772	1
28827	1
26915	0
6066	1
32952	0
48518	3
84347	0
75956	8
102857	0
43353	0
83414	0
2940	1
18445	0
25304	2
102787	0
18444	0
15010	0
82823	0
83411	0
102742	0
34190	0
56761	0
47914	0
102743	0
66326	1
56559	15
35529	3
36710	0
7991	2
33832	3
34852	0
2927	0
154866	0
35588	4
59833	4
12730	3
8243	8
15699	8
64559	1
56023	2
56782	0
549017	0
97240	0
33282	0
20545	14
36977	0
4066	0
2457	0
77706	2
4813314	1
56770	0
29847	2
56763	0
56757	0
102834	0
7928	17
4939096	2
36771	0
56764	0
9817	1
36978	0
34191	0
84348	0
45678	1
7929	18
82738	0
37994	0
106356	0
36979	0
10085	1
39407	2
11369	0
56762	0
37745	0
36981	0
56758	0
4744	4
36980	0
11359	0
6057	0
56775	0
6640	0
37004	0
4956170	0
34853	0
56783	0
4941232	0
82736	0
47915	0
4060	4
16139	2
2635909	0
15822	0
13338	2
12543	0
36983	0
96868	0
96864	0
56759	0
6058	2
36982	0
33983	0
36984	0
82831	0
45447	0
33407	0
2271976	3
4575338	3
24388	6
3171	5
12367	1
15637	0
82821	0
34860	0
11936	0
72522	18
82786	0
6542	1
97224	0
97234	0
5148	0
34854	0
3534	5
46137	0
12536	3
77887	0
6559	8
33984	0
26325084	0
11897	19
9242615	1
97233	0
26325083	0
46525	1
7988	0
46136	0
33142	1
33141	1
34418	1
5739	0
97142	0
2928	0
8817	0
36986	0
82834	0
47916	0
8078	2
4617	3
550258	0
35205	0
36985	0
46739	3
3326	3
35566	0
55075	0
2908	1
4913	6
4777	2
2181	1
6528	10
5557	3
97257	0
6639	0
33986	0
45448	0
33316	0
36988	0
105648	2
82679	0
35912	0
102923	0
8004	0
11898	19
36987	0
20390	0
3972	0
5590	11
11899	20
154958	0
3513	1
7970	0
154062	0
4629	3
36990	0
85876	0
26916	0
77764	4
33985	0
35108	0
82751	0
5660	6
36989	0
6519	10
11917	0
2925	1
16576	3
4447447	3
2284017	1
5554	6
39394	0
509179	10
77874	2
4444070	0
4228778	8
82822	0
43456	4
24247	3
4445165	1
34192	0
37764	7
2342810	0
2075	4
12017	21
6367	0
77933	0
2768	2
11283	0
5791	8
96965	0
33198	0
91304	1
35206	0
6281	0
82759	0
66316	4
154959	0
8804	0
8799	0
82870	1
5376	1
5553	5
15484	0
135795	0
49560	4
2246	0
12072	22
21106505	10
36968	1
2625	3
33255	0
4444102	0
5198	0
82852	1
2699	5
5773	8
4444107	0
11900	23
26325089	9
77730	2
39145	0
8103122	0
11901	24
6366	0
5932	9
15827	0
136695	0
29089	6
5678	0
5768	3
8763	0
11146	25
5113	6
17499	6
24722	8
94701	0
11902	26
6013	0
31006	0
34697	2
18949	4
10162	2
48085	6
49179	6
10542	30
104816	10
75995	12
15520	7
1043	2
65272	11
11906	34
4067	8
75662	3
29400	4
4444362	1
6045	13