Compound Id	MDE [MDEC-11]
692	0.0
6153	0.0
127983	0.0
291	0.0
21106179	0.0
16425	0.0
23208	0.0
6105	0.0
11148	0.0
274	0.0
6086	1.0
9256	0.0
923	0.0
937	0.0
6085	1.0
217	0.0
9484	0.0
22814	0.0
22408	0.0
9286	0.0
12577	0.0
6084	1.0
6128	0.0
9243	0.0
62827	0.0
6132	0.0
391	0.0
38403	0.0
1087	0.0
16641	0.0
7954	0.5
864	0.0
11153	0.0
748	0.0
6095	0.5
6094	0.5
518	0.0
16841	0.0
6148	0.0
2056044	0.0
6151	0.0
6087	0.0
9095782	0.333
4514529	0.0
10675065	0.0
21106169	0.0
172	0.0
763	0.0
7956	0.5
7577	0.0
6089	0.0
6111	0.0
29040	0.0
10606755	0.0
6098	0.0
6120	1.5
13837650	0.0
13853215	0.0
61149	0.0
12197	0.333
682	0.0
61346	0.0
7558	0.333
7556	0.333
454215	0.0
7557	0.333
278	0.0
7957	1.5
654	0.5
9461	0.0
6130	0.0
7555	0.333
11727	0.0
1114	1.5
14441700	0.0
8960	0.0
6083	0.0
454209	0.333
56442	0.333
6101	0.0
6097	0.0
175	0.5
4449912	0.333
6102	0.0
9016	0.0
7559	0.0
2018165	0.0
7733	0.25
3644	0.5
6156	3.0
512	0.0
171	0.0
9646	3.0
9254	0.0
7734	0.0
9411	0.0
13835550	0.0
6135	0.0
13837190	0.25
10325078	0.0
7732	0.25
6335	0.333
7738	0.0
14829	0.0
4481813	0.0
10765	1.145
71390	0.0
6149	0.0
13872989	0.0
9391	0.0
6146	1.5
3631	0.0
6121	0.5
61213	0.0
3441	0.0
11099	0.25
11806	0.25
6308	1.145
3168	0.25
6104	0.0
1004	0.0
66567	0.0
1039	0.5
7713	0.25
73583	0.0
6103	0.0
7566	0.0
9994	0.0
10709	0.25
6309	1.145
6088	0.0
13299573	0.0
13836674	0.0
13835316	0.0
6092	0.0
14694	0.0
6313	0.5
11230	1.145
7564	0.0
7616	0.25
2062437	0.0
7712	0.25
4483639	0.25
10437	0.0
30713	0.0
2282428	0.0
6188	0.0
4483638	0.25
7330	0.0
12442	0.0
7546	0.0
9251	0.0
18971812	0.333
71433	2.449
10113	1.145
11755	0.5
7790	0.0
107412	0.0
56144	0.0
56020	0.25
13835977	0.0
256	0.0
10054	1.5
1005	0.0
553742	0.0
558883	0.25
99596	0.0
6333	0.0
6321	0.333
23055	0.0
8525	0.25
6125	0.0
4514586	0.0
11526	0.25
6322	0.333
6320	0.333
13836549	0.0
6163	2.449
62826	0.0
6108	0.0
11729	0.333
14672	2.449
6118	0.5
7730	0.25
11756	0.0
8544	0.0
23255	0.333
6312	0.5
6338	0.0
12201	0.945
62597	0.0
8329688	0.0
13837797	0.167
10653	0.25
13835336	0.0
7782	0.0
21106015	0.0
7727	0.0
558928	0.0
6093	0.0
693	0.0
11110	0.2
6311	0.5
8896	0.0
5977	0.0
7728	0.0
2340753	0.0
6340	2.289
9253	0.0
7626	1.890
7604	0.945
7553	0.0
12209	0.2
394562	0.0
10325184	0.0
83734	0.0
6315	0.333
7627	0.945
7717	0.0
387	0.5
60524	0.5
11109	0.2
63631	2.289
6100	0.0
13866746	0.0
7010	0.909
14998	2.121
12446	0.945
7560	0.0
258	0.0
10053	1.5
124968	0.0
7716	0.0
7552	0.0
7737	0.0
10571	0.945
17619	1.890
11809	0.0
13836713	0.0
13836589	0.2
11833	0.2
13835235	0.0
7767	0.2
7030	0.0
13836021	0.0
10124	2.289
59573	2.040
10777	1.145
6341	0.5
10018	0.0
558020	0.0
12626	0.0
13836591	0.0
11996	2.121
6165	1.145
7714	0.0
13862665	0.2
6042	0.0
7630	0.25
259	0.0
7607	0.25
5894	0.5
21108550	0.0
7772	0.0
21111806	0.0
236	0.0
9614	0.0
62808	0.0
10492	0.5
7736	0.0
11055	2.121
10446	2.121
7463	0.2
7619	1.890
7016	0.25
13871721	0.0
7739	0.0
7706	0.2
7028	0.0
5730	0.0
6316	0.0
8903	0.0
24590970	0.0
21011	0.25
9325	0.0
415	0.0
55090	1.145
10947	0.25
10772140	0.0
28994	0.0
13839553	0.0
3973	0.0
71312	0.0
3951	0.5
592	0.0
8904	0.0
8899	0.0
60329	0.0
6406	0.945
2916	0.0
2293678	0.0
6119	0.0
29015	0.0
11680	0.2
7624	1.890
7615	0.0
7090	0.0
6122	0.5
7024	0.0
55188	2.040
11117	0.0
13835224	0.0
6176	2.449
62249	2.121
13803	1.732
10755	2.040
9377	0.0
15077490	0.0
7823	0.167
11125	0.0
6307	0.5
7787	0.0
6334	0.333
13255	0.25
109838	0.167
11849	0.167
173	0.0
66656	3.299
13837280	0.0
11845	0.167
11094	0.814
13854944	0.5
29000	0.5
8398	0.333
10791	0.945
8733	0.0
10786	1.944
8554	0.0
92731	0.0
7788	0.0
9233	0.25
1020	0.0
11992	0.814
6187	0.0
8158	0.75
11023	0.766
11731	0.333
11207996	0.333
1609	0.0
7721	0.0
1095	0.0
11121	0.167
10498	0.0
7065	0.814
7791	0.0
109705	0.0
7636	0.0
7621	0.945
11551	0.75
13835836	0.655
7711	0.0
8543	0.0
6040	0.0
10445	3.299
11351244	0.0
7770	0.0
23150	4.948
12161	1.5
13874867	0.2
31029	0.0
4444456	0.0
7769	0.0
18607	0.25
10001	0.5
7747	0.814
10788	0.909
23621376	0.0
5993	0.5
8560	0.167
555074	0.167
10437074	0.0
13861343	0.0
7705	0.5
8141	0.0
10512	0.0
11180	2.289
7701	0.0
62589	0.0
7686	0.0
5439	0.0
11056	0.945
7026	0.0
66675	5.880
2005981	0.0
7622	0.945
7684	0.0
8900	0.0
11025	0.2
7475	0.167
59674	0.0
21171407	0.0
11095	0.2
13837537	0.0
10614293	3.299
6326	0.0
56117	1.574
7466	0.2
29036	0.0
7761	0.5
21168808	0.0
11104	1.629
16778	0.0
13835376	0.143
127750	0.143
10790	0.945
2018460	0.0
68503	1.5
13863629	0.0
7674	0.0
1143	0.0
1108	0.0
7029	0.0
29001	0.25
11788	0.0
11732	1.5
7688	0.0
7515	0.167
11794	0.2
13836520	0.0
11678	0.2
2038738	0.0
8562	0.167
29012	0.167
21106535	0.0
13875283	0.0
13867413	0.0
13837702	0.0
5949	0.0
71089	0.0
7551	0.0
11706	0.167
66996	0.0
61487	1.145
10797	1.890
26325086	0.945
7478	0.167
11799	0.0
13839199	0.0
13835459	0.0
11793	0.5
10534	0.0
9326	0.0
63863	1.890
659	0.5
7459	0.25
10787	0.909
12228	0.0
18688	1.897
10795	3.222
55130	0.721
11086	0.0
11841	1.442
12012	0.0
4489	0.0
48024	0.0
11024	0.333
512621	4.965
66655	4.483
21106032	0.0
6330	0.0
11035	0.669
13439	4.948
7021	0.25
7018	0.0
120464	0.909
11864	0.143
4444608	0.0
10948	0.0
11761	1.890
12229	0.0
24099	0.0
22453	0.669
12499	0.0
7833	0.143
7657	0.721
7013	0.0
13837281	0.0
5708	0.25
7703	0.5
4512642	0.143
4516601	0.143
11244	0.5
4516599	0.143
11846	0.0
7812	0.0
10652594	2.648
7766	0.0
844	0.0
13816	0.25
19953955	0.0
7776	0.0
1141	0.0
11857	0.0
66021	0.0
10497	0.0
70715	0.0
21106520	0.0
66809	0.0
10452	4.308
10433	0.721
29107	1.145
10265264	0.2
13874733	0.0
11911	0.0
7811	0.0
13836399	0.0
7676	0.0
7064	0.25
349	0.143
10488	0.0
4514549	0.0
11193	1.145
4512361	0.143
11739	0.814
8552	0.0
8908	0.0
28986	0.167
10526	0.0
17443	0.0
68832	0.2
21800	0.333
10179173	0.2
81815	0.0
29016	0.721
7003	0.721
59447	0.0
13839109	0.143
13865426	0.167
7678	0.0
13842613	0.25
71430	0.167
7760	0.167
971	0.0
10420	0.143
11695	0.167
12643	0.0
7219	0.0
11784	0.0
7482	0.143
13838404	0.0
7679	0.0
15443	0.0
11434292	3.880
65936	0.0
13835209	0.0
7677	0.0
6342	0.0
15438	0.0
1348	0.0
11216	0.766
68328	4.073
4517338	0.333
11194	1.944
11819	0.814
13402	1.5
20843	0.333
55091	0.0
10487	0.0
15954	0.766
11045	0.143
11210	0.75
7521	0.2
7641	0.25
11543	0.814
13638	0.0
11752	0.25
7242	0.0
11843	0.143
7530	0.2
15765	0.333
10101	0.75
16791	0.143
11029	0.167
9633	0.0
28992	0.2
18717	2.121
6106	0.0
99440	2.121
7838	0.0
120621	0.945
9581	0.0
15413	1.225
7710	0.0
7536	0.143
7689	0.0
10710415	0.669
14751	0.0
7073	1.442
24533	0.0
7238	0.0
13835293	0.5
13866593	0.0
13875196	0.0
120489	0.0
10197150	0.0
374462	0.0
13839575	0.125
8569	0.125
11600	0.0
5889	0.0
191367	0.0
6967	0.333
192642	0.945
1078	0.0
23101	7.307
17558	0.651
55123	0.0
68179	0.0
733	0.0
11042	0.2
21132380	0.25
9349	0.0
73412	0.0
235	0.0
7827	0.167
68156	0.0
773	0.0
17880	0.125
20119	0.2
70714	0.0
7225	0.0
7786	0.2
7224	0.0
13448	4.328
7673	0.0
10940	0.333
10939	0.0
13842993	0.5
29025	0.125
1664	0.0
7128	0.5
455420	0.125
11866	0.0
21105905	0.0
10772050	0.0
26765	0.2
7681	0.0
7837	0.0
553642	0.0
21106560	0.0
11830	0.0
7810	0.0
7815	0.0
13842001	0.25
21169510	0.0
11930	1.890
10437135	0.0
7835	0.0
19956441	0.0
78	0.0
67991	1.890
455353	0.0
13875281	0.0
2039535	0.0
13837686	0.0
7240	0.0
123993	0.646
7849	0.125
7803	0.0
11783	0.0
13839441	0.0
18219	0.25
83866	0.0
13875160	0.0
11865	0.0
11077	0.25
21106586	0.669
13835772	0.0
83850	0.0
7221	0.0
11699	0.143
7385	0.0
7391	0.0
7670	1.442
13860335	0.0
19231	0.0
29005	0.125
7443	0.0
22191	0.167
7802	0.143
7389	0.0
7241	0.0
6179	0.0
7694	0.125
24972	0.766
62489	0.0
6286	0.565
7528	0.2
11660	0.167
62230	0.646
8568	0.125
7129	0.5
69371	4.948
10784857	3.866
21105871	0.0
13839082	0.0
63889	0.0
21109330	2.289
10937	0.333
7236	0.0
1577	0.0
122090	6.866
8909	0.0
11716	0.125
12231	0.0
10384035	0.0
6270	1.0
156255	0.0
7659	0.75
11409	0.25
6402	0.945
11919	1.5
7856	0.125
13257	0.0
21106036	0.0
13840690	0.0
7765	0.0
7538	0.125
71787	0.0
441	0.0
2606	0.0
11795	0.0
6287	0.5
14692	0.111
7223	0.0
7685	0.0
123860	0.111
7672	0.0
9970	0.0
13857694	0.0
16159	0.0
7088	1.5
28969	0.0
12069	0.0
11265	1.890
13648	0.0
13876539	0.0
7533	0.814
7131	0.0
7434	0.167
13866817	0.0
6977	0.766
13854136	0.0
447	0.0
13837760	0.0
13835151	0.0
191	0.0
7234	0.0
71628	0.25
7132	0.0
11087	0.0
18801	0.0
13837988	0.0
10696	6.883
76894	5.958
12456	0.111
12445	2.121
69569	3.866
12809	0.111
7138	0.0
10236	0.909
13863618	0.0
4446445	0.0
3954	0.25
55205	0.167
11021	0.0
14198	0.945
29026	0.0
5976	0.0
13875258	0.0
9903	0.0
7183	0.721
21181	0.167
13839416	0.0
7851	0.0
18410	0.0
13865680	0.0
21112023	0.0
503239	0.5
4878	0.0
932	0.0
12010	0.0
63908	0.0
5830	0.0
13839308	0.0
14680	0.0
28682	0.0
14169248	0.2
63310	0.25
11671339	3.367
391428	0.814
122446	2.121
238	0.0
7239	0.0
11863	0.0
2041618	7.896
13851576	0.0
13854248	0.0
10437215	0.0
8070	0.0
370	0.0
455090	0.5
11632	0.167
14840	0.111
2656	0.945
78828	6.467
10422	0.651
20939	0.721
69914	3.350
9976	0.125
73479	0.0
924	0.5
6883	0.0
5979	0.0
577	0.0
13658	1.533
21106366	0.0
7419	0.0
14299946	5.162
331	0.0
7448	0.143
7509	0.111
12632	0.125
61001	0.0
28982	0.0
11604	0.0
62534	0.0
62408	0.0
123207	0.0
75951	0.143
13837787	0.0
13839123	0.25
59483	4.308
18724	1.5
7850	0.0
13875432	0.0
8665	0.0
13839128	0.2
13875219	0.0
456015	0.0
55084	0.111
6974	0.0
8657	0.0
13849981	1.280
26824	10.132
72793	0.143
21106014	0.0
6296	0.945
14256731	0.1
13860775	0.0
7140	0.0
13869339	0.0
13647	0.0
764	0.0
7800	0.111
8071	0.0
13835932	0.0
7809	0.0
4449	0.0
13839110	0.25
29029	0.0
21106525	0.0
7142	0.0
132	0.0
12220	0.1
20570	0.5
21106144	0.0
7190	0.0
8140	0.0
13869451	0.0
15461	1.145
76394	0.0
7518	0.0
8520	9.943
8883	0.0
6079	0.0
2931	0.25
10536	0.125
25552	0.2
13848808	0.0
10181341	0.0
10328	0.0
15846	0.0
5596	0.0
4962	0.0
13869462	0.25
11871	0.143
10265270	0.0
222538	0.0
768	0.0
2849146	0.0
8674	0.167
13869480	0.0
12635	0.1
65523	0.0
6999	1.533
2441	1.145
7662	0.0
13856352	0.0
7506	0.721
6897	0.0
8186	0.167
15431	0.0
58234	1.145
21106146	0.0
15387	0.0
8574	0.0
1015	0.0
26325090	0.0
13842573	0.0
9564	0.0
221226	0.0
8912	0.0
7848	0.0
13875441	0.0
13863774	0.0
13871718	0.0
10179239	0.0
10227261	0.091
776	0.0
906	0.0
21168813	0.2
4366810	0.595
7170	1.442
12821	0.0
13619	0.1
392	0.0
8097	0.0
299166	0.0
21106013	0.0
13869414	0.0
21111817	0.0
7511	0.1
24641	0.125
21106020	0.0
17131	0.75
10756	0.721
7984	0.0
10404	0.0
13853953	0.0
12218	0.111
21105897	0.0
13862559	0.0
5593	0.0
123	0.0
11773	0.0
13846663	1.5
10451	10.147
7852	0.0
7872	0.1
13662	0.0
12637	0.0
376	0.0
6780	0.0
6794	0.25
21106018	0.0
72551	0.125
15427	0.0
13859497	0.0
11576	0.333
6635	0.0
21111781	0.0
11080	0.0
13835630	0.0
105291	0.0
14846	0.1
13868640	0.0
21105859	0.0
11862	0.0
8910	0.0
14227	0.0
10437210	0.0
11589	0.0
64699	0.0
8098	0.0
589165	0.0
6781	0.0
12933	0.5
13853758	0.5
9893	0.0
6621	0.0
558878	0.721
8855	0.0
10980	0.0
206561	0.0
15855	0.721
13835126	0.0
5882	0.0
13864445	0.0
21170967	0.0
12478	0.0
21105870	0.0
13229	1.442
13849989	0.721
24535	0.814
18019	13.432
73390	0.0
6674	0.0
11591	0.0
67360	0.0
553578	0.721
10437335	0.0
14593	0.5
10432	0.0
7745	0.0
21159695	0.0
7891	0.091
10972	0.0
11557190	9.132
8183	0.0
12219	0.0
880	0.0
1446	0.0
2923	0.0
6775	0.0
12954	0.125
8576	0.0
21105848	0.0
68109	6.234
7882	0.0
120548	0.5
10181339	0.0
6788	0.0
13853943	0.0
11672	0.0
57726	0.0
10892	0.0
6898	0.0
1905	0.646
21106470	0.0
6950	0.0
13860434	0.0
12972	0.1
21106148	0.0
10664	0.0
7890	0.091
71876	0.513
7176	0.0
15965	0.0
67653	0.0
13487	0.0
9088156	5.379
7871	0.1
68224	5.512
18	0.0
4511751	1.065
10181338	0.0
10756390	5.550
84971	0.0
388391	0.0
13871489	0.111
11629	0.0
2241	0.0
21106519	0.0
11460	0.0
7189	0.0
8521	12.789
13876103	0.143
11510	0.0
14349	0.0
7211	0.0
2937774	0.0
11584	0.0
21105998	0.721
6736	0.0
4963	0.0
6789	0.0
6737	0.0
59482	0.0
81814	0.5
14021447	12.007
71	0.0
80863	0.0
955	0.0
7145	0.0
917	0.0
3350	0.0
10616	0.0
7172	0.0
10257	0.0
953	0.0
1151	0.0
21106571	0.0
6827	0.0
11422	0.5
21106163	0.0
10025	0.0
13835344	0.143
15853	0.0
21106140	0.459
10801109	1.736
86394	0.333
21106145	0.0
62310	0.0
13835706	0.410
7092	0.0
1448	0.0
8182	0.0
21106518	0.0
10437239	0.0
13848793	0.0
68676	0.0
16180	0.083
7600	0.721
13846959	0.0
6773	0.0
7340	0.375
13837329	0.143
21106581	0.0
16475	0.0
7146	0.0
185	0.0
6828	0.0
11488212	0.0
6646	0.0
10801842	0.572
16387	0.75
11586	0.0
62472	0.0
16388	1.647
21108576	0.0
6480	0.0
23083	0.5
10628694	0.0
7892	0.0
71437	0.0
5644	0.25
10909	0.143
10918	0.167
8935	0.333
4510206	0.598
7757	0.083
13846749	0.0
2298886	1.040
6550	0.0
8341	0.0
7208	0.0
11882	0.083
4611	0.0
13835351	0.0
8374	0.0
70682	0.0
13492	0.0
13677	0.0
6739	0.0
17347	0.0
7875	0.083
11777	0.0
7310	0.0
11465	0.0
2157	0.0
8150	0.0
7302	0.0
7202	0.0
7042	0.0
6035	0.0
11776	0.0
10908	0.333
10850	0.25
556589	0.0
7299	0.0
8577	0.0
21106900	0.167
17652	0.0
5915	0.0
10106	0.375
63518	0.0
17868	0.0
6706	0.0
10851	0.167
11588	0.0
79969	0.0
6675	0.0
71193	0.0
2206	0.25
13867714	0.0
4445317	1.375
10849	0.2
11595	0.5
1906	0.0
6193	1.365
67270	0.0
16177	0.0
6033	0.0
6478	0.0
15517	0.0
10841	0.333
13574	0.516
8319	0.0
7964	1.574
15789876	0.071
21105699	0.0
13622	0.077
10829	0.2
11507	0.0
7585	0.825
6790	0.0
15495	0.0
13860	0.0
10831	0.2
56515	0.25
20124	0.0
744	0.0
10343	0.0
218253	0.0
454319	0.0
76154	0.5
33084	0.5
67414	2.711
220998	0.1
15867	0.516
7901	0.0
14627	0.0
21106570	0.0
10449	13.369
10813	0.25
199342	1.5
15755	0.0
15702	0.5
62484	0.0
4522053	1.065
8273	0.0
11883	0.077
8262	0.0
642951	0.0
15747	0.0
15524	0.0
13837303	0.111
305	0.0
230	0.0
14995	0.0
10733068	8.298
256210	0.0
33421	0.0
67470	0.0
33416	0.0
14994	0.0
15756	0.0
12938	0.472
6588	0.0
15475	0.0
7279	0.5
23886	0.0
14472	0.0
15476	0.0
42330	0.2
2991	0.0
12682	0.598
4762	0.5
361	0.0
6592	0.0
11884	0.0
15488	0.0
15478	0.0
21106573	0.0
11003	0.0
15489	0.0
15861	0.669
7155	0.0
64155	0.595
2627	0.5
24142	0.071
8073	0.0
44152	0.2
26325080	15.049
8916	0.382
4267	0.25
33455	0.0
15619	0.578
96749	0.0
18336	0.0
5236	0.2
440	0.0
2973	0.516
3173	0.410
2185	0.0
1361549	0.0
7915	0.0
30600	0.0
1438	0.0
15477	0.0
10437836	0.5
8120	0.0
26010	0.0
7152	0.0
13846658	0.0
8470	0.5
3544	0.595
15621	0.565
33934	0.0
7913	0.071
7994	0.0
2468	0.595
6840	0.0
12133	0.410
11632871	0.0
34863	0.0
63968	0.0
61739	0.0
68437	0.766
66895	0.0
26260	0.655
33932	0.0
33933	0.0
5027	0.125
192748	0.0
8282	0.0
5004	0.0
34188	0.0
13114	0.25
18280	0.825
12024	0.472
2068	0.25
6835	0.0
78998	0.0
72056	0.0
4626	0.413
2169	0.595
23115	0.382
6492	0.0
4103087	0.0
9824	0.0
15473	0.0
34664	0.0
9053802	0.5
37904	0.0
13856959	0.0
12586	0.375
5368	0.167
707	0.0
34665	0.0
17098	0.0
17099	0.0
84188	0.0
15620	0.646
8111	0.0
3210	1.013
49469	0.5
967	0.0
158870	0.0
2915	0.0
83330	2.885
157093	0.0
4768	1.191
34864	0.0
14993	0.0
8329	0.0
970	0.0
7917	0.0
136000	0.0
34866	0.0
83374	0.0
2297538	1.594
20848	1.5
457145	0.0
8067	0.0
37918	0.0
457140	0.0
34865	0.0
8241	0.091
14620	1.010
6593	0.0
21782117	0.0
135983	0.0
10540	0.067
25472	0.595
25605	0.0
6464	0.0
25677	0.0
136001	0.0
136003	0.0
34666	0.0
82753	0.25
10438331	0.0
2121	0.333
1278	0.0
4457	0.472
62265	0.0
11974	0.0
31991	0.111
481441	11.756
34867	0.0
84235	0.0
13087	0.2
2079	0.721
2424	0.646
5256	1.301
7315	0.0
15474	0.0
37915	0.0
40191	0.0
29348	2.818
26011	0.0
28287	1.604
62632	0.0
30932	0.0
22172	0.5
5899	0.0
2297441	0.651
37905	0.0
3987	0.25
33617	1.999
2283071	1.230
34830	0.828
16568	1.087
108106	4.555
69223	0.0
35581	0.0
23912	1.950
13302	1.084
4932499	1.266
3006	0.382
56793	0.0
13090	0.0
34868	0.0
10243	0.0
13850879	0.322
56791	0.0
14674	0.794
15729	1.087
8060	0.0
9040	0.598
34870	0.0
30881	0.905
17587	0.437
34869	0.0
457144	0.0
5807	0.0
9026	0.167
3008	0.5
4575	0.655
135925	0.0
4759	1.740
82777	0.0
34871	0.0
454495	0.0
6688	0.0
36319	0.516
533188	0.0
34872	0.0
10169	0.0
11891	0.0
56792	0.0
26325081	18.226
8058	0.0
20493	0.25
36278	0.333
35580	0.0
82755	0.0
82842	1.156
15417	1.087
46262	0.0
136002	0.0
28941	0.516
56123	2.692
5342	1.890
56784	0.0
16182	0.0
56785	0.0
56790	0.0
26563	0.0
13303	0.410
82765	0.0
82767	0.472
12705	1.010
14826	0.0
30816	1.113
16481	0.413
97173	0.0
102720	0.0
7051	0.167
21924	0.0
102721	0.0
33458	0.0
82818	0.0
3548	0.945
35579	0.0
38839	1.713
27749	0.550
34667	0.0
56795	0.0
56788	0.0
1994	0.451
8939	0.25
16482	0.413
36972	0.0
21106365	0.0
4760	1.740
34873	0.0
7967	0.0
559096	0.0
35582	0.0
56771	0.0
13520	0.5
56774	0.0
9873	0.0
3463	0.0
37744	0.0
12874	1.999
46893	0.0
82807	0.0
35081	0.0
56769	0.0
35584	0.0
3864	0.794
13300034	0.0
10292746	0.0
33829	0.25
102833	0.0
47912	0.0
13844817	0.167
82817	0.0
82762	0.0
2839	0.111
6842	0.0
82754	0.0
157094	0.0
3229	0.950
5237	0.0
82840	0.807
34189	0.0
16736498	0.0
7968	0.0
29117	0.0
33304	0.0
56794	0.0
13837319	0.077
457138	0.0
39406	0.0
56780	0.0
27793	0.0
106355	0.0
6767	0.0
34847	0.0
102897	0.0
2581	0.0
6417	3.523
103011	0.0
82712	0.0
56781	0.0
45444	0.0
102947	0.0
102933	0.0
33457	0.0
8287	0.0
33280	0.0
36029	1.5
46263	0.0
56777	0.0
33666	0.0
56787	0.0
16736486	0.0
102801	0.0
82873	0.651
8288	0.0
4025	1.056
17339596	0.0
33456	0.0
2629	0.167
33386	0.0
2003	0.0
6514	0.0
36973	0.0
97172	0.0
36974	0.0
82819	0.0
15572	0.25
102856	0.0
13115	0.437
8800	0.0
29153	0.0
35583	0.0
82820	0.0
45445	0.0
4886542	0.0
103066	0.0
46894	0.0
32873	1.528
35563	0.0
17684	0.0
44885	0.25
46710	0.2
33326	0.333
4745	0.25
26325088	0.0
56772	0.0
34848	0.0
56760	0.0
84346	0.0
26325085	0.0
28552	0.595
12364	0.595
56755	0.0
82796	0.0
35265	1.036
56789	0.0
4599	0.0
24638	0.950
56768	0.0
13328	0.0
4437893	0.0
6371	0.5
56778	0.0
3277	0.0
4526760	0.167
21568	0.950
96948	0.0
16415	0.0
193215	0.0
26325087	0.0
37779	0.0
56779	0.0
11274	0.0
35585	0.0
84344	0.0
56786	0.0
82797	1.5
5363	0.0
541032	0.0
31129	0.0
37749	1.5
56776	0.0
46264	0.0
83413	0.0
43354	0.0
457139	0.0
21429023	0.0
97055	0.0
4927801	6.904
34859	0.0
7260	0.0
19939	0.167
56756	0.0
4719431	0.25
102798	0.0
36976	0.0
45446	0.0
56767	0.0
8093	0.0
29631	0.2
34850	0.0
14348	0.0
559213	0.0
6453	0.0
84345	0.0
56766	0.0
102722	0.0
33281	0.0
1262	0.111
36975	0.0
154865	0.0
102741	0.0
26325082	21.517
32555	0.0
82740	0.0
215802	0.0
30459	1.528
23977588	0.0
4333	0.0
18941	1.649
97198	0.0
37019	0.0
82783	0.0
37000	0.0
39198	0.0
56765	0.0
46285	0.0
4938407	0.0
46284	0.0
82806	0.0
19722	0.167
34116	0.0
34668	0.0
34851	0.0
56773	0.0
82798	2.289
29282	1.753
47913	0.0
5772	0.0
28827	1.525
26915	0.25
6066	0.0
32952	0.0
48518	0.516
84347	0.0
75956	0.0
102857	0.0
43353	0.0
83414	0.0
2940	0.0
18445	0.950
25304	0.646
102787	0.0
18444	0.950
15010	0.0
82823	0.0
83411	0.0
102742	0.0
34190	0.0
56761	0.0
47914	0.0
102743	0.0
66326	0.0
56559	0.5
35529	0.143
36710	0.0
7991	0.356
33832	0.143
34852	0.0
2927	0.0
154866	0.0
35588	1.457
59833	0.0
12730	0.856
8243	0.067
15699	0.0
64559	0.25
56023	0.0
56782	0.0
549017	0.0
97240	0.0
33282	0.0
20545	0.5
36977	0.0
4066	0.0
2457	0.0
77706	0.0
4813314	0.356
56770	0.0
29847	0.167
56763	0.0
56757	0.0
102834	0.0
7928	0.0
4939096	0.0
36771	0.0
56764	0.0
9817	1.070
36978	0.0
34191	0.0
84348	0.0
45678	2.586
7929	0.053
82738	0.0
37994	0.513
106356	0.0
36979	0.0
10085	0.0
39407	0.382
11369	0.0
56762	0.0
37745	0.0
36981	0.0
56758	0.0
4744	0.25
36980	0.0
11359	0.0
6057	0.0
56775	0.0
6640	0.0
37004	0.0
4956170	0.0
34853	0.0
56783	0.0
4941232	1.5
82736	0.0
47915	0.0
4060	0.0
16139	0.0
2635909	0.0
15822	0.0
13338	0.0
12543	0.0
36983	0.0
96868	0.0
96864	0.0
56759	0.0
6058	0.083
36982	0.0
33983	0.0
36984	0.0
82831	0.0
45447	0.0
33407	0.0
2271976	0.0
4575338	0.0
24388	0.0
3171	0.711
12367	0.25
15637	0.0
82821	0.0
34860	0.0
11936	0.0
72522	0.0
82786	0.0
6542	0.0
97224	0.0
97234	0.0
5148	0.0
34854	0.0
3534	0.0
46137	0.0
12536	0.167
77887	0.111
6559	0.285
33984	0.0
26325084	0.0
11897	0.050
9242615	0.0
97233	0.0
26325083	0.0
46525	1.156
7988	0.0
46136	0.0
33142	1.525
33141	1.525
34418	0.5
5739	0.0
97142	0.0
2928	0.0
8817	0.0
36986	0.0
82834	0.0
47916	0.0
8078	0.167
4617	0.0
550258	0.0
35205	0.0
36985	0.0
46739	0.0
3326	0.0
35566	0.0
55075	0.0
2908	0.0
4913	0.0
4777	0.5
2181	0.25
6528	0.059
5557	0.167
97257	0.0
6639	0.0
33986	0.0
45448	0.0
33316	0.0
36988	0.0
105648	0.0
82679	0.0
35912	0.0
102923	0.0
8004	0.0
11898	0.0
36987	0.0
20390	0.0
3972	0.083
5590	0.063
11899	0.048
154958	0.0
3513	0.0
7970	0.0
154062	0.0
4629	0.167
36990	0.0
85876	0.0
26916	0.5
77764	0.5
33985	0.0
35108	0.0
82751	0.0
5660	0.0
36989	0.0
6519	0.0
11917	0.0
2925	0.0
16576	0.167
4447447	0.111
2284017	0.0
5554	0.0
39394	0.0
509179	0.0
77874	1.5
4444070	0.0
4228778	0.059
82822	0.0
43456	1.3
24247	0.652
4445165	0.595
34192	0.0
37764	1.214
2342810	0.0
2075	0.5
12017	0.045
6367	0.5
77933	0.0
2768	0.356
11283	0.0
5791	0.167
96965	0.0
33198	0.0
91304	0.0
35206	0.0
6281	0.250
82759	1.5
66316	0.0
154959	0.0
8804	0.0
8799	0.0
82870	2.450
5376	0.565
5553	0.0
15484	0.0
135795	0.0
49560	2.013
2246	0.0
12072	0.043
21106505	0.545
36968	0.5
2625	0.5
33255	0.0
4444102	0.0
5198	0.0
82852	2.440
2699	0.5
5773	0.520
4444107	0.0
11900	0.042
26325089	0.125
77730	0.0
39145	0.0
8103122	0.763
11901	0.04
6366	0.5
5932	0.167
15827	0.0
136695	0.0
29089	0.0
5678	0.0
5768	0.0
8763	0.0
11146	0.038
5113	0.0
17499	0.0
24722	0.0
94701	0.0
11902	0.037
6013	0.5
31006	0.5
34697	0.0
18949	0.5
10162	0.565
48085	0.905
49179	1.797
10542	0.032
104816	0.545
75995	0.0
15520	0.0
1043	0.333
65272	3.574
11906	0.029
4067	0.0
75662	0.268
29400	0.077
4444362	0.0
6045	0.859