Compound Id	AromaticBondsCount
692	0
6153	0
127983	0
291	0
21106179	0
16425	0
23208	0
6105	0
11148	0
274	0
6086	0
9256	0
923	0
937	0
6085	0
217	0
9484	0
22814	0
22408	0
9286	0
12577	0
6084	0
6128	0
9243	0
62827	0
6132	0
391	0
38403	0
1087	0
16641	0
7954	0
864	0
11153	0
748	0
6095	0
6094	0
518	0
16841	0
6148	0
2056044	0
6151	0
6087	0
9095782	0
4514529	0
10675065	0
21106169	0
172	0
763	0
7956	0
7577	0
6089	0
6111	0
29040	0
10606755	0
6098	0
6120	0
13837650	0
13853215	0
61149	0
12197	0
682	0
61346	0
7558	0
7556	0
454215	0
7557	0
278	0
7957	0
654	0
9461	0
6130	0
7555	0
11727	0
1114	0
14441700	0
8960	0
6083	0
454209	0
56442	0
6101	0
6097	0
175	0
4449912	0
6102	0
9016	0
7559	0
2018165	0
7733	0
3644	0
6156	0
512	0
171	0
9646	0
9254	0
7734	0
9411	0
13835550	0
6135	0
13837190	0
10325078	0
7732	0
6335	0
7738	5
14829	0
4481813	0
10765	0
71390	0
6149	0
13872989	0
9391	0
6146	0
3631	0
6121	0
61213	0
3441	0
11099	0
11806	0
6308	0
3168	0
6104	0
1004	0
66567	0
1039	0
7713	0
73583	0
6103	0
7566	0
9994	0
10709	0
6309	0
6088	0
13299573	0
13836674	0
13835316	0
6092	0
14694	0
6313	0
11230	0
7564	0
7616	0
2062437	0
7712	0
4483639	0
10437	0
30713	0
2282428	0
6188	0
4483638	0
7330	0
12442	0
7546	0
9251	0
18971812	0
71433	0
10113	0
11755	0
7790	0
107412	0
56144	0
56020	0
13835977	0
256	0
10054	0
1005	0
553742	0
558883	0
99596	0
6333	0
6321	0
23055	0
8525	0
6125	0
4514586	0
11526	0
6322	0
6320	0
13836549	6
6163	0
62826	0
6108	0
11729	0
14672	0
6118	0
7730	0
11756	0
8544	0
23255	0
6312	0
6338	0
12201	0
62597	0
8329688	0
13837797	0
10653	0
13835336	0
7782	0
21106015	0
7727	0
558928	0
6093	0
693	0
11110	0
6311	0
8896	0
5977	0
7728	0
2340753	0
6340	0
9253	0
7626	0
7604	0
7553	0
12209	0
394562	0
10325184	0
83734	0
6315	0
7627	0
7717	0
387	0
60524	0
11109	0
63631	0
6100	0
13866746	6
7010	0
14998	0
12446	0
7560	0
258	0
10053	0
124968	6
7716	0
7552	0
7737	0
10571	0
17619	0
11809	0
13836713	0
13836589	0
11833	0
13835235	0
7767	0
7030	0
13836021	0
10124	0
59573	0
10777	0
6341	0
10018	0
558020	6
12626	0
13836591	0
11996	0
6165	0
7714	0
13862665	0
6042	0
7630	0
259	0
7607	0
5894	0
21108550	6
7772	0
21111806	6
236	6
9614	6
62808	6
10492	0
7736	5
11055	0
10446	0
7463	0
7619	0
7016	0
13871721	0
7739	5
7706	0
7028	0
5730	0
6316	0
8903	6
24590970	0
21011	0
9325	6
415	0
55090	0
10947	0
10772140	0
28994	0
13839553	0
3973	0
71312	0
3951	0
592	0
8904	6
8899	5
60329	0
6406	0
2916	0
2293678	0
6119	0
29015	0
11680	0
7624	0
7615	0
7090	6
6122	0
7024	0
55188	0
11117	0
13835224	0
6176	0
62249	0
13803	0
10755	0
9377	0
15077490	0
7823	0
11125	0
6307	0
7787	0
6334	0
13255	0
109838	0
11849	0
173	0
66656	0
13837280	0
11845	0
11094	0
13854944	0
29000	0
8398	0
10791	0
8733	0
10786	0
8554	0
92731	0
7788	0
9233	0
1020	6
11992	0
6187	0
8158	0
11023	0
11731	0
11207996	0
1609	0
7721	0
1095	0
11121	0
10498	0
7065	0
7791	0
109705	6
7636	0
7621	0
11551	0
13835836	0
7711	0
8543	0
6040	0
10445	0
11351244	0
7770	0
23150	0
12161	0
13874867	0
31029	0
4444456	0
7769	0
18607	0
10001	0
7747	0
10788	0
23621376	0
5993	0
8560	0
555074	0
10437074	6
13861343	0
7705	0
8141	0
10512	0
11180	0
7701	0
62589	0
7686	0
5439	0
11056	0
7026	0
66675	0
2005981	0
7622	0
7684	0
8900	0
11025	0
7475	0
59674	0
21171407	0
11095	0
13837537	0
10614293	0
6326	0
56117	0
7466	0
29036	0
7761	0
21168808	5
11104	0
16778	0
13835376	0
127750	0
10790	0
2018460	0
68503	0
13863629	5
7674	0
1143	0
1108	6
7029	0
29001	0
11788	0
11732	0
7688	6
7515	0
11794	0
13836520	0
11678	0
2038738	6
8562	0
29012	0
21106535	0
13875283	6
13867413	0
13837702	0
5949	0
71089	6
7551	0
11706	0
66996	6
61487	0
10797	0
26325086	0
7478	0
11799	0
13839199	6
13835459	0
11793	0
10534	0
9326	6
63863	0
659	0
7459	0
10787	0
12228	6
18688	0
10795	0
55130	0
11086	0
11841	0
12012	0
4489	0
48024	0
11024	0
512621	0
66655	0
21106032	0
6330	0
11035	0
13439	0
7021	0
7018	0
120464	0
11864	0
4444608	0
10948	0
11761	0
12229	6
24099	0
22453	0
12499	6
7833	0
7657	0
7013	0
13837281	0
5708	0
7703	0
4512642	0
4516601	0
11244	0
4516599	0
11846	0
7812	0
10652594	0
7766	0
844	0
13816	0
19953955	0
7776	0
1141	0
11857	0
66021	6
10497	0
70715	6
21106520	6
66809	6
10452	0
10433	0
29107	0
10265264	0
13874733	6
11911	0
7811	0
13836399	0
7676	6
7064	0
349	0
10488	0
4514549	0
11193	0
4512361	0
11739	0
8552	0
8908	0
28986	0
10526	0
17443	6
68832	0
21800	0
10179173	0
81815	0
29016	0
7003	0
59447	0
13839109	0
13865426	0
7678	0
13842613	6
71430	0
7760	0
971	6
10420	0
11695	0
12643	0
7219	6
11784	6
7482	0
13838404	0
7679	0
15443	0
11434292	0
65936	6
13835209	0
7677	0
6342	0
15438	0
1348	5
11216	0
68328	0
4517338	0
11194	0
11819	0
13402	0
20843	6
55091	0
10487	0
15954	0
11045	0
11210	0
7521	6
7641	6
11543	0
13638	0
11752	0
7242	6
11843	0
7530	0
15765	0
10101	0
16791	0
11029	0
9633	0
28992	6
18717	0
6106	0
99440	0
7838	0
120621	0
9581	6
15413	0
7710	0
7536	0
7689	6
10710415	0
14751	0
7073	0
24533	6
7238	6
13835293	0
13866593	0
13875196	6
120489	6
10197150	0
374462	0
13839575	0
8569	0
11600	5
5889	6
191367	0
6967	6
192642	0
1078	0
23101	0
17558	0
55123	0
68179	0
733	0
11042	6
21132380	6
9349	6
73412	0
235	6
7827	0
68156	0
773	5
17880	0
20119	0
70714	6
7225	6
7786	0
7224	6
13448	0
7673	6
10940	6
10939	0
13842993	0
29025	0
1664	6
7128	6
455420	0
11866	0
21105905	6
10772050	0
26765	0
7681	6
7837	0
553642	0
21106560	6
11830	0
7810	0
7815	0
13842001	0
21169510	0
11930	0
10437135	6
7835	0
19956441	0
78	6
67991	0
455353	0
13875281	6
2039535	6
13837686	6
7240	6
123993	0
7849	0
7803	0
11783	6
13839441	0
18219	0
83866	0
13875160	6
11865	0
11077	6
21106586	0
13835772	6
83850	0
7221	6
11699	0
7385	6
7391	6
7670	0
13860335	6
19231	0
29005	0
7443	6
22191	0
7802	0
7389	6
7241	6
6179	0
7694	0
24972	6
62489	6
6286	0
7528	0
11660	6
62230	0
8568	0
7129	6
69371	0
10784857	0
21105871	6
13839082	6
63889	6
21109330	0
10937	6
7236	0
1577	0
122090	0
8909	0
11716	0
12231	0
10384035	6
6270	0
156255	0
7659	6
11409	6
6402	0
11919	0
7856	0
13257	6
21106036	6
13840690	6
7765	0
7538	0
71787	0
441	0
2606	0
11795	0
6287	0
14692	0
7223	6
7685	6
123860	0
7672	0
9970	0
13857694	6
16159	0
7088	6
28969	6
12069	0
11265	0
13648	6
13876539	6
7533	0
7131	6
7434	0
13866817	6
6977	6
13854136	6
447	6
13837760	6
13835151	6
191	0
7234	6
71628	0
7132	6
11087	6
18801	0
13837988	6
10696	0
76894	0
12456	0
12445	0
69569	0
12809	0
7138	6
10236	6
13863618	6
4446445	0
3954	0
55205	0
11021	6
14198	0
29026	0
5976	0
13875258	6
9903	6
7183	6
21181	0
13839416	0
7851	0
18410	0
13865680	6
21112023	6
503239	6
4878	6
932	0
12010	0
63908	6
5830	6
13839308	6
14680	0
28682	6
14169248	0
63310	0
11671339	0
391428	0
122446	0
238	6
7239	6
11863	0
2041618	0
13851576	6
13854248	6
10437215	6
8070	6
370	0
455090	6
11632	0
14840	0
2656	0
78828	0
10422	0
20939	0
69914	0
9976	0
73479	6
924	6
6883	6
5979	0
577	0
13658	6
21106366	6
7419	6
14299946	0
331	6
7448	6
7509	0
12632	0
61001	6
28982	6
11604	6
62534	6
62408	6
123207	6
75951	0
13837787	6
13839123	6
59483	0
18724	6
7850	0
13875432	6
8665	6
13839128	6
13875219	6
456015	6
55084	0
6974	6
8657	6
13849981	0
26824	0
72793	0
21106014	6
6296	0
14256731	0
13860775	6
7140	6
13869339	6
13647	0
764	6
7800	0
8071	6
13835932	0
7809	0
4449	0
13839110	6
29029	0
21106525	6
7142	6
132	6
12220	0
20570	6
21106144	6
7190	6
8140	6
13869451	6
15461	6
76394	6
7518	6
8520	0
8883	0
6079	6
2931	0
10536	0
25552	6
13848808	6
10181341	6
10328	6
15846	0
5596	6
4962	6
13869462	6
11871	0
10265270	0
222538	6
768	5
2849146	6
8674	6
13869480	6
12635	0
65523	6
6999	6
2441	0
7662	6
13856352	6
7506	0
6897	6
8186	6
15431	6
58234	0
21106146	6
15387	0
8574	0
1015	10
26325090	0
13842573	6
9564	6
221226	6
8912	0
7848	0
13875441	6
13863774	6
13871718	6
10179239	0
10227261	0
776	10
906	11
21168813	6
4366810	0
7170	6
12821	6
13619	0
392	6
8097	6
299166	6
21106013	6
13869414	6
21111817	6
7511	0
24641	0
21106020	6
17131	6
10756	0
7984	0
10404	6
13853953	6
12218	0
21105897	6
13862559	6
5593	10
123	6
11773	6
13846663	6
10451	0
7852	0
7872	0
13662	6
12637	0
376	0
6780	11
6794	6
21106018	6
72551	0
15427	6
13859497	6
11576	6
6635	0
21111781	6
11080	6
13835630	0
105291	5
14846	0
13868640	6
21105859	6
11862	0
8910	0
14227	6
10437210	6
11589	6
64699	0
8098	11
589165	6
6781	6
12933	0
13853758	6
9893	6
6621	6
558878	0
8855	11
10980	6
206561	6
15855	0
13835126	6
5882	6
13864445	6
21170967	6
12478	6
21105870	6
13229	0
13849989	0
24535	6
18019	0
73390	6
6674	6
11591	6
67360	0
553578	0
10437335	6
14593	0
10432	6
7745	0
21159695	6
7891	0
10972	6
11557190	0
8183	6
12219	0
880	6
1446	6
2923	6
6775	6
12954	0
8576	0
21105848	6
68109	0
7882	0
120548	6
10181339	6
6788	11
13853943	6
11672	6
57726	0
10892	6
6898	6
1905	0
21106470	11
6950	6
13860434	6
12972	0
21106148	6
10664	6
7890	0
71876	0
7176	6
15965	6
67653	0
13487	6
9088156	0
7871	0
68224	0
18	6
4511751	0
10181338	6
10756390	0
84971	0
388391	0
13871489	0
11629	6
2241	6
21106519	6
11460	6
7189	6
8521	0
13876103	6
11510	6
14349	0
7211	6
2937774	6
11584	6
21105998	6
6736	11
4963	6
6789	11
6737	11
59482	6
81814	0
14021447	0
71	6
80863	6
955	6
7145	6
917	6
3350	6
10616	6
7172	6
10257	6
953	6
1151	10
21106571	6
6827	0
11422	6
21106163	6
10025	0
13835344	6
15853	0
21106140	6
10801109	0
86394	0
21106145	6
62310	6
13835706	0
7092	6
1448	6
8182	6
21106518	6
10437239	5
13848793	6
68676	6
16180	0
7600	0
13846959	6
6773	6
7340	0
13837329	6
21106581	6
16475	6
7146	6
185	10
6828	12
11488212	6
6646	0
10801842	0
16387	0
11586	6
62472	6
16388	0
21108576	6
6480	6
23083	6
10628694	10
7892	0
71437	0
5644	0
10909	11
10918	11
8935	6
4510206	0
7757	0
13846749	6
2298886	0
6550	6
8341	11
7208	6
11882	0
4611	6
13835351	6
8374	6
70682	0
13492	6
13677	11
6739	11
17347	6
7875	0
11777	6
7310	6
11465	6
2157	6
8150	6
7302	12
7202	6
7042	6
6035	6
11776	6
10908	11
10850	11
556589	6
7299	12
8577	0
21106900	6
17652	0
5915	6
10106	0
63518	6
17868	12
6706	6
10851	11
11588	6
79969	6
6675	6
71193	6
2206	0
13867714	12
4445317	0
10849	11
11595	6
1906	6
6193	0
67270	6
16177	0
6033	6
6478	11
15517	6
10841	11
13574	0
8319	11
7964	0
15789876	0
21105699	12
13622	0
10829	11
11507	6
7585	0
6790	11
15495	6
13860	6
10831	11
56515	0
20124	11
744	5
10343	6
218253	12
454319	0
76154	6
33084	0
67414	0
220998	0
15867	6
7901	0
14627	11
21106570	6
10449	0
10813	11
199342	6
15755	11
15702	6
62484	6
4522053	0
8273	11
11883	0
8262	11
642951	6
15747	6
15524	11
13837303	6
305	0
230	0
14995	11
10733068	0
256210	11
33421	12
67470	11
33416	0
14994	11
15756	11
12938	0
6588	11
15475	11
7279	6
23886	12
14472	0
15476	11
42330	0
2991	12
12682	11
4762	6
361	6
6592	12
11884	0
15488	12
15478	11
21106573	6
11003	12
15489	12
15861	11
7155	6
64155	6
2627	6
24142	0
8073	6
44152	0
26325080	0
8916	0
4267	0
33455	12
15619	11
96749	0
18336	6
5236	5
440	0
2973	0
3173	0
2185	12
1361549	6
7915	0
30600	12
1438	6
15477	11
10437836	5
8120	6
26010	12
7152	6
13846658	12
8470	6
3544	6
15621	11
33934	12
7913	0
7994	0
2468	6
6840	12
12133	6
11632871	0
34863	12
63968	12
61739	11
68437	11
66895	6
26260	11
33932	12
33933	12
5027	6
192748	6
8282	11
5004	0
34188	12
13114	6
18280	0
12024	0
2068	5
6835	12
78998	0
72056	0
4626	0
2169	6
23115	0
6492	11
4103087	6
9824	12
15473	12
34664	12
9053802	0
37904	12
13856959	12
12586	0
5368	6
707	0
34665	12
17098	12
17099	12
84188	11
15620	11
8111	16
3210	0
49469	6
967	6
158870	11
2915	15
83330	6
157093	11
4768	6
34864	12
14993	6
8329	12
970	16
7917	0
136000	11
34866	12
83374	11
2297538	0
20848	6
457145	11
8067	6
37918	12
457140	11
34865	12
8241	6
14620	6
6593	15
21782117	0
135983	11
10540	0
25472	6
25605	12
6464	6
25677	12
136001	11
136003	11
34666	12
82753	12
10438331	11
2121	6
1278	16
4457	0
62265	6
11974	6
31991	6
481441	0
34867	12
84235	11
13087	6
2079	0
2424	5
5256	0
7315	12
15474	12
37915	12
40191	12
29348	6
26011	12
28287	0
62632	0
30932	0
22172	6
5899	11
2297441	6
37905	12
3987	6
33617	6
2283071	11
34830	6
16568	6
108106	0
69223	6
35581	12
23912	0
13302	6
4932499	11
3006	0
56793	12
13090	12
34868	12
10243	6
13850879	0
56791	12
14674	0
15729	6
8060	12
9040	0
34870	12
30881	6
17587	6
34869	12
457144	11
5807	0
9026	6
3008	6
4575	0
135925	11
4759	6
82777	12
34871	12
454495	12
6688	6
36319	6
533188	12
34872	12
10169	18
11891	0
56792	12
26325081	0
8058	12
20493	6
36278	6
35580	12
82755	11
82842	5
15417	6
46262	12
136002	11
28941	6
56123	6
5342	0
56784	12
16182	12
56785	12
56790	12
26563	0
13303	6
82765	12
82767	6
12705	6
14826	0
30816	6
16481	0
97173	11
102720	11
7051	6
21924	12
102721	11
33458	12
82818	12
3548	6
35579	12
38839	6
27749	6
34667	12
56795	12
56788	12
1994	6
8939	6
16482	0
36972	12
21106365	12
4760	6
34873	12
7967	0
559096	0
35582	12
56771	12
13520	6
56774	12
9873	12
3463	0
37744	12
12874	6
46893	12
82807	12
35081	12
56769	12
35584	12
3864	0
13300034	6
10292746	0
33829	6
102833	11
47912	12
13844817	6
82817	12
82762	11
2839	6
6842	12
82754	11
157094	11
3229	6
5237	11
82840	6
34189	12
16736498	0
7968	0
29117	12
33304	12
56794	12
13837319	6
457138	11
39406	12
56780	12
27793	11
106355	11
6767	12
34847	12
102897	11
2581	0
6417	6
103011	11
82712	11
56781	12
45444	12
102947	11
102933	11
33457	12
8287	0
33280	12
36029	11
46263	12
56777	12
33666	12
56787	12
16736486	0
102801	11
82873	6
8288	6
4025	6
17339596	0
33456	12
2629	6
33386	12
2003	0
6514	12
36973	12
97172	11
36974	12
82819	12
15572	6
102856	11
13115	0
8800	17
29153	19
35583	12
82820	12
45445	12
4886542	12
103066	11
46894	12
32873	6
35563	6
17684	0
44885	11
46710	6
33326	6
4745	6
26325088	0
56772	12
34848	12
56760	12
84346	12
26325085	0
28552	6
12364	6
56755	12
82796	11
35265	6
56789	12
4599	6
24638	6
56768	12
13328	0
4437893	12
6371	12
56778	12
3277	12
4526760	6
21568	6
96948	11
16415	12
193215	0
26325087	0
37779	12
56779	12
11274	16
35585	12
84344	12
56786	12
82797	6
5363	12
541032	6
31129	0
37749	11
56776	12
46264	12
83413	12
43354	12
457139	11
21429023	0
97055	11
4927801	0
34859	12
7260	12
19939	6
56756	12
4719431	6
102798	11
36976	12
45446	12
56767	12
8093	12
29631	6
34850	12
14348	0
559213	12
6453	12
84345	12
56766	12
102722	11
33281	12
1262	11
36975	12
154865	11
102741	11
26325082	0
32555	0
82740	12
215802	12
30459	6
23977588	0
4333	12
18941	6
97198	11
37019	12
82783	12
37000	12
39198	12
56765	12
46285	12
4938407	0
46284	12
82806	12
19722	6
34116	11
34668	12
34851	12
56773	12
82798	6
29282	6
47913	12
5772	0
28827	6
26915	6
6066	10
32952	12
48518	6
84347	12
75956	6
102857	11
43353	12
83414	12
2940	0
18445	6
25304	11
102787	11
18444	6
15010	12
82823	12
83411	12
102742	11
34190	12
56761	12
47914	12
102743	11
66326	17
56559	0
35529	6
36710	12
7991	6
33832	6
34852	12
2927	12
154866	11
35588	6
59833	11
12730	6
8243	6
15699	0
64559	6
56023	12
56782	12
549017	12
97240	11
33282	12
20545	0
36977	12
4066	12
2457	12
77706	11
4813314	12
56770	12
29847	11
56763	12
56757	12
102834	11
7928	0
4939096	0
36771	12
56764	12
9817	6
36978	12
34191	12
84348	12
45678	6
7929	0
82738	12
37994	12
106356	11
36979	12
10085	12
39407	6
11369	6
56762	12
37745	12
36981	12
56758	12
4744	6
36980	12
11359	6
6057	12
56775	12
6640	6
37004	12
4956170	12
34853	12
56783	12
4941232	11
82736	12
47915	12
4060	12
16139	0
2635909	17
15822	12
13338	0
12543	12
36983	12
96868	11
96864	11
56759	12
6058	12
36982	12
33983	12
36984	12
82831	12
45447	12
33407	12
2271976	6
4575338	6
24388	0
3171	0
12367	6
15637	12
82821	12
34860	12
11936	6
72522	0
82786	18
6542	6
97224	11
97234	11
5148	11
34854	12
3534	6
46137	12
12536	6
77887	6
6559	6
33984	12
26325084	0
11897	0
9242615	17
97233	11
26325083	0
46525	12
7988	18
46136	12
33142	6
33141	6
34418	6
5739	21
97142	11
2928	12
8817	21
36986	12
82834	18
47916	12
8078	6
4617	12
550258	12
35205	12
36985	12
46739	12
3326	11
35566	12
55075	6
2908	12
4913	6
4777	11
2181	6
6528	6
5557	6
97257	11
6639	6
33986	12
45448	12
33316	12
36988	12
105648	6
82679	12
35912	12
102923	11
8004	12
11898	0
36987	12
20390	19
3972	12
5590	6
11899	0
154958	12
3513	6
7970	12
154062	11
4629	6
36990	12
85876	12
26916	12
77764	11
33985	12
35108	12
82751	12
5660	6
36989	12
6519	6
11917	24
2925	12
16576	6
4447447	6
2284017	6
5554	6
39394	18
509179	6
77874	17
4444070	12
4228778	6
82822	12
43456	6
24247	10
4445165	12
34192	12
37764	6
2342810	12
2075	12
12017	0
6367	12
77933	17
2768	6
11283	18
5791	0
96965	11
33198	11
91304	6
35206	12
6281	18
82759	17
66316	11
154959	12
8804	22
8799	22
82870	12
5376	12
5553	6
15484	12
135795	12
49560	6
2246	24
12072	0
21106505	6
36968	12
2625	12
33255	12
4444102	12
5198	12
82852	6
2699	12
5773	0
4444107	12
11900	0
26325089	12
77730	17
39145	12
8103122	12
11901	0
6366	12
5932	0
15827	11
136695	12
29089	0
5678	26
5768	0
8763	27
11146	0
5113	6
17499	0
24722	12
94701	12
11902	0
6013	6
31006	6
34697	12
18949	12
10162	12
48085	0
49179	0
10542	0
104816	6
75995	12
15520	18
1043	6
65272	0
11906	0
4067	12
75662	12
29400	12
4444362	12
6045	0