Compound Id	LongestAliphaticChain
692	0
6153	0
127983	0
291	0
21106179	0
16425	0
23208	0
6105	0
11148	0
274	0
6086	0
9256	2
923	0
937	0
6085	0
217	0
9484	0
22814	0
22408	0
9286	2
12577	2
6084	0
6128	0
9243	0
62827	3
6132	0
391	0
38403	2
1087	0
16641	0
7954	3
864	0
11153	0
748	0
6095	3
6094	3
518	0
16841	2
6148	0
2056044	4
6151	0
6087	0
9095782	4
4514529	0
10675065	4
21106169	2
172	2
763	0
7956	0
7577	0
6089	0
6111	0
29040	2
10606755	3
6098	0
6120	3
13837650	2
13853215	2
61149	4
12197	4
682	2
61346	3
7558	4
7556	4
454215	2
7557	4
278	0
7957	3
654	0
9461	2
6130	0
7555	4
11727	0
1114	0
14441700	3
8960	0
6083	0
454209	4
56442	4
6101	0
6097	0
175	3
4449912	4
6102	2
9016	2
7559	3
2018165	2
7733	0
3644	3
6156	0
512	3
171	2
9646	3
9254	2
7734	0
9411	2
13835550	2
6135	0
13837190	0
10325078	2
7732	0
6335	0
7738	0
14829	0
4481813	0
10765	4
71390	0
6149	0
13872989	3
9391	3
6146	3
3631	2
6121	0
61213	3
3441	2
11099	5
11806	5
6308	4
3168	2
6104	0
1004	3
66567	3
1039	0
7713	5
73583	3
6103	2
7566	3
9994	0
10709	3
6309	4
6088	0
13299573	3
13836674	3
13835316	2
6092	0
14694	2
6313	3
11230	0
7564	3
7616	2
2062437	3
7712	5
4483639	5
10437	3
30713	2
2282428	2
6188	2
4483638	5
7330	0
12442	2
7546	0
9251	2
18971812	4
71433	0
10113	4
11755	0
7790	0
107412	3
56144	3
56020	5
13835977	3
256	4
10054	0
1005	3
553742	2
558883	5
99596	3
6333	3
6321	4
23055	3
8525	0
6125	0
4514586	0
11526	0
6322	4
6320	4
13836549	0
6163	4
62826	3
6108	0
11729	0
14672	0
6118	0
7730	0
11756	2
8544	0
23255	4
6312	3
6338	2
12201	5
62597	4
8329688	3
13837797	3
10653	3
13835336	2
7782	3
21106015	2
7727	2
558928	2
6093	0
693	0
11110	6
6311	3
8896	0
5977	0
7728	2
2340753	2
6340	4
9253	2
7626	0
7604	5
7553	3
12209	6
394562	4
10325184	2
83734	2
6315	4
7627	0
7717	4
387	3
60524	0
11109	6
63631	0
6100	0
13866746	0
7010	5
14998	0
12446	5
7560	3
258	4
10053	0
124968	0
7716	4
7552	3
7737	0
10571	3
17619	0
11809	3
13836713	3
13836589	2
11833	4
13835235	2
7767	6
7030	0
13836021	2
10124	4
59573	0
10777	4
6341	3
10018	0
558020	0
12626	5
13836591	2
11996	0
6165	4
7714	4
13862665	3
6042	0
7630	2
259	4
7607	5
5894	0
21108550	0
7772	5
21111806	0
236	0
9614	0
62808	0
10492	3
7736	0
11055	5
10446	0
7463	3
7619	5
7016	5
13871721	4
7739	0
7706	3
7028	0
5730	0
6316	3
8903	0
24590970	3
21011	5
9325	0
415	3
55090	4
10947	5
10772140	2
28994	0
13839553	3
3973	2
71312	2
3951	3
592	3
8904	0
8899	0
60329	2
6406	3
2916	0
2293678	2
6119	0
29015	0
11680	4
7624	0
7615	3
7090	0
6122	0
7024	0
55188	4
11117	0
13835224	3
6176	4
62249	3
13803	0
10755	5
9377	6
15077490	2
7823	3
11125	4
6307	3
7787	0
6334	0
13255	0
109838	2
11849	4
173	0
66656	0
13837280	2
11845	7
11094	6
13854944	2
29000	4
8398	4
10791	5
8733	3
10786	5
8554	0
92731	3
7788	0
9233	0
1020	0
11992	3
6187	2
8158	2
11023	6
11731	0
11207996	5
1609	3
7721	4
1095	0
11121	7
10498	3
7065	3
7791	0
109705	0
7636	0
7621	5
11551	5
13835836	2
7711	4
8543	3
6040	5
10445	5
11351244	0
7770	5
23150	0
12161	0
13874867	4
31029	3
4444456	3
7769	5
18607	3
10001	4
7747	3
10788	5
23621376	2
5993	0
8560	7
555074	7
10437074	0
13861343	0
7705	2
8141	0
10512	5
11180	4
7701	5
62589	0
7686	0
5439	0
11056	5
7026	0
66675	0
2005981	0
7622	5
7684	0
8900	0
11025	6
7475	4
59674	5
21171407	3
11095	6
13837537	0
10614293	5
6326	2
56117	0
7466	0
29036	0
7761	4
21168808	0
11104	6
16778	3
13835376	2
127750	3
10790	5
2018460	3
68503	0
13863629	0
7674	0
1143	0
1108	0
7029	0
29001	5
11788	0
11732	4
7688	0
7515	3
11794	6
13836520	3
11678	6
2038738	0
8562	3
29012	4
21106535	3
13875283	0
13867413	3
13837702	4
5949	6
71089	0
7551	2
11706	5
66996	0
61487	4
10797	5
26325086	0
7478	0
11799	4
13839199	0
13835459	0
11793	5
10534	0
9326	0
63863	0
659	0
7459	5
10787	5
12228	0
18688	3
10795	5
55130	4
11086	0
11841	3
12012	5
4489	0
48024	0
11024	5
512621	0
66655	0
21106032	4
6330	3
11035	7
13439	5
7021	0
7018	3
120464	5
11864	8
4444608	6
10948	4
11761	0
12229	0
24099	4
22453	4
12499	0
7833	8
7657	4
7013	3
13837281	2
5708	0
7703	3
4512642	8
4516601	8
11244	0
4516599	8
11846	6
7812	6
10652594	0
7766	5
844	3
13816	3
19953955	3
7776	5
1141	0
11857	0
66021	0
10497	4
70715	0
21106520	0
66809	0
10452	0
10433	3
29107	0
10265264	0
13874733	0
11911	2
7811	6
13836399	4
7676	0
7064	5
349	8
10488	0
4514549	0
11193	4
4512361	8
11739	6
8552	6
8908	0
28986	7
10526	6
17443	0
68832	6
21800	0
10179173	0
81815	0
29016	4
7003	3
59447	0
13839109	2
13865426	4
7678	0
13842613	0
71430	0
7760	7
971	0
10420	5
11695	0
12643	0
7219	2
11784	0
7482	4
13838404	0
7679	0
15443	0
11434292	0
65936	0
13835209	4
7677	0
6342	2
15438	3
1348	0
11216	6
68328	0
4517338	0
11194	5
11819	6
13402	5
20843	0
55091	2
10487	0
15954	6
11045	4
11210	5
7521	0
7641	0
11543	6
13638	0
11752	0
7242	0
11843	5
7530	0
15765	0
10101	0
16791	8
11029	7
9633	8
28992	0
18717	5
6106	0
99440	5
7838	7
120621	0
9581	0
15413	0
7710	3
7536	6
7689	0
10710415	3
14751	2
7073	3
24533	0
7238	0
13835293	3
13866593	5
13875196	0
120489	0
10197150	4
374462	0
13839575	2
8569	4
11600	0
5889	0
191367	5
6967	0
192642	3
1078	4
23101	0
17558	8
55123	6
68179	6
733	3
11042	0
21132380	0
9349	0
73412	4
235	0
7827	3
68156	5
773	0
17880	9
20119	3
70714	0
7225	0
7786	0
7224	0
13448	6
7673	0
10940	0
10939	0
13842993	3
29025	9
1664	0
7128	3
455420	7
11866	7
21105905	2
10772050	2
26765	4
7681	0
7837	7
553642	0
21106560	2
11830	5
7810	6
7815	6
13842001	2
21169510	2
11930	0
10437135	2
7835	7
19956441	4
78	0
67991	0
455353	5
13875281	0
2039535	0
13837686	0
7240	0
123993	6
7849	9
7803	7
11783	0
13839441	5
18219	0
83866	0
13875160	0
11865	7
11077	0
21106586	4
13835772	0
83850	0
7221	2
11699	3
7385	3
7391	0
7670	7
13860335	0
19231	0
29005	6
7443	0
22191	7
7802	8
7389	0
7241	0
6179	2
7694	4
24972	0
62489	0
6286	0
7528	0
11660	0
62230	6
8568	6
7129	3
69371	0
10784857	0
21105871	0
13839082	0
63889	0
21109330	4
10937	0
7236	0
1577	0
122090	0
8909	0
11716	5
12231	0
10384035	2
6270	2
156255	0
7659	0
11409	0
6402	0
11919	2
7856	4
13257	0
21106036	0
13840690	0
7765	4
7538	7
71787	3
441	8
2606	2
11795	5
6287	0
14692	10
7223	0
7685	0
123860	3
7672	0
9970	0
13857694	0
16159	4
7088	0
28969	2
12069	6
11265	0
13648	0
13876539	2
7533	6
7131	2
7434	7
13866817	0
6977	0
13854136	0
447	0
13837760	0
13835151	0
191	6
7234	0
71628	3
7132	2
11087	0
18801	6
13837988	0
10696	0
76894	0
12456	10
12445	0
69569	0
12809	10
7138	0
10236	0
13863618	0
4446445	8
3954	0
55205	4
11021	0
14198	0
29026	8
5976	0
13875258	0
9903	0
7183	0
21181	5
13839416	6
7851	8
18410	5
13865680	2
21112023	0
503239	0
4878	0
932	8
12010	6
63908	0
5830	2
13839308	2
14680	7
28682	0
14169248	6
63310	0
11671339	0
391428	0
122446	3
238	0
7239	0
11863	7
2041618	0
13851576	0
13854248	0
10437215	3
8070	0
370	8
455090	0
11632	3
14840	10
2656	0
78828	0
10422	3
20939	0
69914	0
9976	9
73479	0
924	0
6883	0
5979	2
577	0
13658	0
21106366	3
7419	4
14299946	0
331	0
7448	0
7509	7
12632	9
61001	0
28982	0
11604	0
62534	0
62408	0
123207	0
75951	8
13837787	0
13839123	0
59483	0
18724	0
7850	8
13875432	0
8665	0
13839128	0
13875219	0
456015	0
55084	5
6974	0
8657	0
13849981	8
26824	0
72793	8
21106014	0
6296	0
14256731	11
13860775	0
7140	0
13869339	0
13647	0
764	0
7800	8
8071	0
13835932	4
7809	5
4449	0
13839110	0
29029	9
21106525	2
7142	0
132	0
12220	5
20570	0
21106144	0
7190	0
8140	0
13869451	0
15461	4
76394	0
7518	0
8520	0
8883	0
6079	0
2931	2
10536	4
25552	0
13848808	0
10181341	2
10328	0
15846	9
5596	0
4962	0
13869462	0
11871	3
10265270	0
222538	0
768	0
2849146	0
8674	0
13869480	0
12635	11
65523	0
6999	0
2441	0
7662	0
13856352	2
7506	8
6897	0
8186	0
15431	0
58234	0
21106146	0
15387	9
8574	9
1015	0
26325090	4
13842573	0
9564	0
221226	0
8912	0
7848	8
13875441	0
13863774	0
13871718	3
10179239	0
10227261	12
776	0
906	0
21168813	0
4366810	4
7170	0
12821	0
13619	11
392	0
8097	0
299166	0
21106013	0
13869414	0
21111817	0
7511	8
24641	9
21106020	0
17131	0
10756	0
7984	3
10404	5
13853953	0
12218	10
21105897	0
13862559	0
5593	0
123	0
11773	0
13846663	3
10451	0
7852	8
7872	8
13662	0
12637	6
376	7
6780	0
6794	0
21106018	0
72551	9
15427	3
13859497	0
11576	0
6635	4
21111781	0
11080	0
13835630	2
105291	0
14846	9
13868640	0
21105859	0
11862	6
8910	0
14227	0
10437210	0
11589	0
64699	2
8098	0
589165	0
6781	0
12933	3
13853758	3
9893	4
6621	0
558878	8
8855	0
10980	0
206561	0
15855	0
13835126	2
5882	0
13864445	0
21170967	0
12478	0
21105870	3
13229	3
13849989	8
24535	3
18019	0
73390	0
6674	0
11591	0
67360	10
553578	8
10437335	0
14593	4
10432	0
7745	4
21159695	3
7891	12
10972	0
11557190	0
8183	0
12219	9
880	0
1446	0
2923	0
6775	0
12954	4
8576	10
21105848	0
68109	0
7882	10
120548	0
10181339	3
6788	0
13853943	0
11672	0
57726	0
10892	0
6898	4
1905	0
21106470	0
6950	0
13860434	0
12972	11
21106148	0
10664	0
7890	12
71876	7
7176	0
15965	3
67653	8
13487	6
9088156	3
7871	11
68224	0
18	0
4511751	4
10181338	0
10756390	0
84971	5
388391	5
13871489	4
11629	0
2241	0
21106519	4
11460	0
7189	0
8521	0
13876103	3
11510	0
14349	9
7211	0
2937774	0
11584	0
21105998	3
6736	0
4963	0
6789	0
6737	0
59482	5
81814	3
14021447	0
71	0
80863	0
955	0
7145	0
917	0
3350	0
10616	0
7172	0
10257	0
953	0
1151	0
21106571	0
6827	0
11422	0
21106163	0
10025	8
13835344	0
15853	11
21106140	3
10801109	3
86394	0
21106145	0
62310	3
13835706	3
7092	0
1448	0
8182	0
21106518	0
10437239	0
13848793	0
68676	0
16180	13
7600	8
13846959	0
6773	0
7340	4
13837329	0
21106581	2
16475	0
7146	0
185	0
6828	0
11488212	0
6646	5
10801842	2
16387	3
11586	0
62472	0
16388	3
21108576	0
6480	0
23083	0
10628694	0
7892	11
71437	0
5644	2
10909	0
10918	0
8935	3
4510206	0
7757	10
13846749	0
2298886	3
6550	0
8341	0
7208	0
11882	13
4611	4
13835351	0
8374	4
70682	8
13492	7
13677	2
6739	0
17347	0
7875	10
11777	0
7310	0
11465	0
2157	0
8150	0
7302	0
7202	0
7042	0
6035	3
11776	0
10908	0
10850	0
556589	3
7299	0
8577	10
21106900	0
17652	3
5915	0
10106	3
63518	6
17868	0
6706	0
10851	0
11588	0
79969	4
6675	0
71193	0
2206	2
13867714	0
4445317	4
10849	0
11595	0
1906	0
6193	4
67270	0
16177	12
6033	0
6478	0
15517	0
10841	0
13574	2
8319	0
7964	0
15789876	15
21105699	0
13622	14
10829	0
11507	0
7585	0
6790	0
15495	4
13860	0
10831	0
56515	0
20124	0
744	0
10343	0
218253	0
454319	20
76154	0
33084	0
67414	0
220998	5
15867	0
7901	12
14627	0
21106570	0
10449	0
10813	0
199342	3
15755	0
15702	0
62484	0
4522053	4
8273	0
11883	14
8262	0
642951	0
15747	8
15524	0
13837303	2
305	5
230	2
14995	0
10733068	2
256210	0
33421	0
67470	0
33416	0
14994	0
15756	0
12938	2
6588	0
15475	0
7279	0
23886	0
14472	3
15476	0
42330	3
2991	0
12682	0
4762	3
361	0
6592	0
11884	13
15488	0
15478	0
21106573	0
11003	0
15489	0
15861	0
7155	0
64155	0
2627	0
24142	15
8073	0
44152	3
26325080	0
8916	2
4267	2
33455	0
15619	0
96749	6
18336	2
5236	0
440	6
2973	2
3173	3
2185	0
1361549	7
7915	13
30600	0
1438	0
15477	0
10437836	4
8120	3
26010	0
7152	0
13846658	0
8470	0
3544	3
15621	0
33934	0
7913	12
7994	2
2468	0
6840	0
12133	0
11632871	0
34863	0
63968	0
61739	0
68437	0
66895	8
26260	0
33932	0
33933	0
5027	0
192748	0
8282	0
5004	10
34188	0
13114	0
18280	0
12024	2
2068	0
6835	0
78998	15
72056	12
4626	0
2169	0
23115	2
6492	0
4103087	0
9824	0
15473	0
34664	0
9053802	13
37904	0
13856959	0
12586	4
5368	3
707	0
34665	0
17098	0
17099	0
84188	0
15620	0
8111	0
3210	12
49469	0
967	0
158870	0
2915	0
83330	3
157093	0
4768	0
34864	0
14993	0
8329	2
970	0
7917	14
136000	0
34866	0
83374	0
2297538	4
20848	0
457145	0
8067	0
37918	0
457140	0
34865	0
8241	3
14620	0
6593	0
21782117	0
135983	0
10540	16
25472	0
25605	0
6464	0
25677	0
136001	0
136003	0
34666	0
82753	0
10438331	0
2121	0
1278	0
4457	2
62265	0
11974	0
31991	0
481441	0
34867	0
84235	0
13087	0
2079	4
2424	0
5256	0
7315	0
15474	0
37915	0
40191	0
29348	0
26011	0
28287	0
62632	16
30932	8
22172	4
5899	0
2297441	0
37905	0
3987	0
33617	0
2283071	0
34830	0
16568	0
108106	0
69223	3
35581	0
23912	0
13302	0
4932499	0
3006	2
56793	0
13090	0
34868	0
10243	0
13850879	5
56791	0
14674	4
15729	0
8060	0
9040	4
34870	0
30881	4
17587	0
34869	0
457144	0
5807	0
9026	0
3008	0
4575	5
135925	0
4759	0
82777	0
34871	0
454495	0
6688	0
36319	2
533188	0
34872	0
10169	0
11891	15
56792	0
26325081	0
8058	0
20493	0
36278	0
35580	0
82755	0
82842	3
15417	0
46262	0
136002	0
28941	0
56123	0
5342	3
56784	0
16182	0
56785	0
56790	0
26563	0
13303	0
82765	0
82767	0
12705	0
14826	0
30816	0
16481	0
97173	0
102720	0
7051	0
21924	0
102721	0
33458	0
82818	0
3548	2
35579	0
38839	3
27749	0
34667	0
56795	0
56788	0
1994	2
8939	0
16482	0
36972	0
21106365	0
4760	0
34873	0
7967	0
559096	0
35582	0
56771	0
13520	0
56774	0
9873	0
3463	0
37744	0
12874	0
46893	0
82807	0
35081	0
56769	0
35584	0
3864	4
13300034	0
10292746	0
33829	0
102833	0
47912	0
13844817	0
82817	0
82762	0
2839	0
6842	0
82754	0
157094	0
3229	0
5237	0
82840	0
34189	0
16736498	0
7968	0
29117	0
33304	0
56794	0
13837319	4
457138	0
39406	0
56780	0
27793	0
106355	0
6767	0
34847	0
102897	0
2581	16
6417	0
103011	0
82712	0
56781	0
45444	0
102947	0
102933	0
33457	0
8287	0
33280	0
36029	4
46263	0
56777	0
33666	0
56787	0
16736486	0
102801	0
82873	3
8288	0
4025	3
17339596	2
33456	0
2629	0
33386	0
2003	0
6514	0
36973	0
97172	0
36974	0
82819	0
15572	0
102856	0
13115	0
8800	0
29153	0
35583	0
82820	0
45445	0
4886542	0
103066	0
46894	0
32873	0
35563	0
17684	2
44885	2
46710	0
33326	0
4745	2
26325088	12
56772	0
34848	0
56760	0
84346	0
26325085	12
28552	3
12364	0
56755	0
82796	5
35265	5
56789	0
4599	0
24638	0
56768	0
13328	0
4437893	3
6371	3
56778	0
3277	3
4526760	2
21568	0
96948	0
16415	0
193215	0
26325087	12
37779	0
56779	0
11274	0
35585	0
84344	0
56786	0
82797	3
5363	0
541032	0
31129	0
37749	4
56776	0
46264	0
83413	0
43354	0
457139	0
21429023	0
97055	0
4927801	0
34859	0
7260	0
19939	0
56756	0
4719431	2
102798	0
36976	0
45446	0
56767	0
8093	2
29631	0
34850	0
14348	17
559213	0
6453	0
84345	0
56766	0
102722	0
33281	0
1262	3
36975	0
154865	0
102741	0
26325082	0
32555	0
82740	0
215802	2
30459	0
23977588	0
4333	0
18941	0
97198	0
37019	0
82783	0
37000	0
39198	0
56765	0
46285	0
4938407	0
46284	0
82806	0
19722	0
34116	3
34668	0
34851	0
56773	0
82798	3
29282	4
47913	0
5772	0
28827	0
26915	0
6066	3
32952	0
48518	2
84347	0
75956	0
102857	0
43353	0
83414	0
2940	0
18445	0
25304	3
102787	0
18444	0
15010	0
82823	0
83411	0
102742	0
34190	0
56761	0
47914	0
102743	0
66326	0
56559	17
35529	3
36710	0
7991	0
33832	3
34852	0
2927	2
154866	0
35588	4
59833	6
12730	3
8243	5
15699	0
64559	0
56023	0
56782	0
549017	0
97240	0
33282	0
20545	17
36977	0
4066	2
2457	0
77706	4
4813314	2
56770	0
29847	0
56763	0
56757	0
102834	0
7928	18
4939096	0
36771	0
56764	0
9817	4
36978	0
34191	0
84348	0
45678	0
7929	20
82738	0
37994	0
106356	0
36979	0
10085	2
39407	0
11369	0
56762	0
37745	0
36981	0
56758	0
4744	2
36980	0
11359	0
6057	2
56775	0
6640	0
37004	0
4956170	0
34853	0
56783	0
4941232	5
82736	0
47915	0
4060	0
16139	2
2635909	0
15822	0
13338	0
12543	2
36983	0
96868	0
96864	0
56759	0
6058	2
36982	0
33983	0
36984	0
82831	0
45447	0
33407	0
2271976	3
4575338	0
24388	3
3171	0
12367	0
15637	0
82821	0
34860	0
11936	0
72522	19
82786	0
6542	0
97224	0
97234	0
5148	0
34854	0
3534	3
46137	0
12536	0
77887	0
6559	7
33984	0
26325084	2
11897	21
9242615	0
97233	0
26325083	0
46525	3
7988	0
46136	0
33142	0
33141	0
34418	0
5739	0
97142	0
2928	2
8817	0
36986	0
82834	0
47916	0
8078	0
4617	4
550258	0
35205	0
36985	0
46739	2
3326	0
35566	0
55075	0
2908	0
4913	0
4777	3
2181	0
6528	6
5557	0
97257	0
6639	0
33986	0
45448	0
33316	0
36988	0
105648	3
82679	2
35912	0
102923	0
8004	0
11898	20
36987	0
20390	0
3972	2
5590	4
11899	22
154958	0
3513	0
7970	2
154062	0
4629	0
36990	0
85876	0
26916	2
77764	0
33985	0
35108	0
82751	0
5660	0
36989	0
6519	0
11917	0
2925	2
16576	0
4447447	0
2284017	0
5554	0
39394	0
509179	0
77874	2
4444070	0
4228778	2
82822	0
43456	4
24247	0
4445165	3
34192	0
37764	4
2342810	0
2075	3
12017	23
6367	0
77933	0
2768	0
11283	0
5791	0
96965	0
33198	0
91304	3
35206	0
6281	0
82759	4
66316	3
154959	0
8804	0
8799	0
82870	0
5376	0
5553	0
15484	0
135795	0
49560	3
2246	0
12072	24
21106505	7
36968	2
2625	3
33255	0
4444102	0
5198	0
82852	0
2699	3
5773	0
4444107	0
11900	25
26325089	4
77730	0
39145	0
8103122	0
11901	26
6366	0
5932	2
15827	0
136695	0
29089	3
5678	0
5768	0
8763	0
11146	27
5113	0
17499	0
24722	0
94701	0
11902	28
6013	2
31006	2
34697	2
18949	2
10162	0
48085	4
49179	4
10542	32
104816	7
75995	0
15520	4
1043	5
65272	3
11906	36
4067	2
75662	0
29400	2
4444362	0
6045	0