Compound Id	LargestPiSystem
692	1
6153	0
127983	1
291	0
21106179	0
16425	0
23208	3
6105	0
11148	0
274	2
6086	1
9256	0
923	3
937	0
6085	1
217	0
9484	0
22814	0
22408	0
9286	0
12577	0
6084	0
6128	0
9243	0
62827	0
6132	0
391	0
38403	0
1087	3
16641	1
7954	1
864	0
11153	0
748	1
6095	2
6094	0
518	0
16841	0
6148	0
2056044	0
6151	0
6087	0
9095782	0
4514529	0
10675065	0
21106169	0
172	1
763	1
7956	0
7577	3
6089	0
6111	0
29040	0
10606755	0
6098	1
6120	0
13837650	0
13853215	0
61149	0
12197	4
682	0
61346	0
7558	2
7556	1
454215	0
7557	4
278	2
7957	1
654	0
9461	3
6130	0
7555	0
11727	3
1114	0
14441700	0
8960	1
6083	0
454209	0
56442	2
6101	0
6097	0
175	1
4449912	2
6102	1
9016	0
7559	4
2018165	0
7733	5
3644	0
6156	0
512	1
171	2
9646	0
9254	0
7734	3
9411	3
13835550	0
6135	2
13837190	0
10325078	0
7732	3
6335	3
7738	5
14829	0
4481813	3
10765	2
71390	0
6149	0
13872989	2
9391	0
6146	0
3631	0
6121	0
61213	0
3441	0
11099	2
11806	2
6308	0
3168	0
6104	0
1004	0
66567	0
1039	0
7713	1
73583	0
6103	0
7566	1
9994	0
10709	0
6309	4
6088	0
13299573	0
13836674	2
13835316	2
6092	0
14694	0
6313	1
11230	0
7564	0
7616	5
2062437	0
7712	0
4483639	2
10437	0
30713	0
2282428	0
6188	0
4483638	2
7330	4
12442	0
7546	0
9251	0
18971812	0
71433	1
10113	2
11755	3
7790	0
107412	0
56144	0
56020	4
13835977	2
256	2
10054	0
1005	2
553742	2
558883	4
99596	0
6333	5
6321	1
23055	0
8525	3
6125	0
4514586	0
11526	4
6322	4
6320	0
13836549	6
6163	0
62826	0
6108	2
11729	0
14672	0
6118	0
7730	0
11756	4
8544	2
23255	0
6312	0
6338	2
12201	2
62597	1
8329688	0
13837797	2
10653	3
13835336	0
7782	3
21106015	0
7727	0
558928	2
6093	0
693	3
11110	2
6311	2
8896	0
5977	0
7728	0
2340753	0
6340	0
9253	0
7626	0
7604	0
7553	2
12209	1
394562	4
10325184	0
83734	0
6315	0
7627	3
7717	1
387	2
60524	3
11109	1
63631	0
6100	0
13866746	6
7010	0
14998	0
12446	2
7560	0
258	0
10053	0
124968	6
7716	0
7552	0
7737	0
10571	3
17619	0
11809	0
13836713	2
13836589	0
11833	0
13835235	0
7767	0
7030	4
13836021	0
10124	4
59573	0
10777	2
6341	3
10018	0
558020	6
12626	1
13836591	0
11996	0
6165	0
7714	0
13862665	3
6042	0
7630	5
259	2
7607	2
5894	3
21108550	6
7772	2
21111806	6
236	6
9614	6
62808	6
10492	3
7736	5
11055	0
10446	3
7463	3
7619	0
7016	2
13871721	2
7739	5
7706	3
7028	0
5730	0
6316	0
8903	6
24590970	0
21011	0
9325	6
415	0
55090	0
10947	0
10772140	2
28994	3
13839553	0
3973	0
71312	0
3951	5
592	2
8904	6
8899	5
60329	0
6406	5
2916	0
2293678	0
6119	0
29015	0
11680	3
7624	0
7615	3
7090	6
6122	0
7024	0
55188	0
11117	4
13835224	0
6176	2
62249	3
13803	0
10755	0
9377	0
15077490	0
7823	0
11125	3
6307	0
7787	0
6334	3
13255	0
109838	0
11849	0
173	3
66656	0
13837280	2
11845	2
11094	0
13854944	0
29000	0
8398	0
10791	2
8733	0
10786	0
8554	0
92731	0
7788	2
9233	0
1020	6
11992	3
6187	0
8158	0
11023	0
11731	0
11207996	2
1609	0
7721	0
1095	0
11121	2
10498	1
7065	3
7791	0
109705	6
7636	4
7621	2
11551	0
13835836	0
7711	0
8543	0
6040	0
10445	0
11351244	4
7770	2
23150	0
12161	0
13874867	3
31029	0
4444456	2
7769	0
18607	0
10001	3
7747	3
10788	2
23621376	1
5993	3
8560	0
555074	2
10437074	6
13861343	2
7705	0
8141	1
10512	0
11180	0
7701	3
62589	0
7686	0
5439	4
11056	0
7026	0
66675	0
2005981	3
7622	0
7684	0
8900	2
11025	2
7475	3
59674	2
21171407	2
11095	2
13837537	0
10614293	0
6326	0
56117	0
7466	4
29036	0
7761	3
21168808	5
11104	0
16778	0
13835376	0
127750	0
10790	0
2018460	0
68503	1
13863629	7
7674	0
1143	3
1108	6
7029	3
29001	1
11788	0
11732	0
7688	6
7515	3
11794	0
13836520	2
11678	0
2038738	8
8562	0
29012	3
21106535	0
13875283	6
13867413	3
13837702	0
5949	2
71089	6
7551	0
11706	3
66996	6
61487	0
10797	2
26325086	0
7478	4
11799	3
13839199	6
13835459	0
11793	0
10534	6
9326	7
63863	0
659	1
7459	0
10787	0
12228	6
18688	3
10795	0
55130	3
11086	2
11841	0
12012	3
4489	8
48024	0
11024	0
512621	0
66655	1
21106032	0
6330	3
11035	0
13439	0
7021	4
7018	0
120464	0
11864	1
4444608	4
10948	0
11761	0
12229	7
24099	0
22453	3
12499	7
7833	2
7657	3
7013	0
13837281	2
5708	3
7703	0
4512642	2
4516601	2
11244	4
4516599	2
11846	2
7812	0
10652594	0
7766	0
844	2
13816	3
19953955	1
7776	0
1141	6
11857	2
66021	6
10497	0
70715	6
21106520	6
66809	7
10452	0
10433	3
29107	3
10265264	0
13874733	6
11911	0
7811	0
13836399	0
7676	6
7064	3
349	0
10488	3
4514549	0
11193	3
4512361	2
11739	0
8552	2
8908	0
28986	2
10526	0
17443	7
68832	2
21800	0
10179173	0
81815	3
29016	3
7003	5
59447	0
13839109	3
13865426	3
7678	0
13842613	6
71430	0
7760	2
971	7
10420	3
11695	4
12643	2
7219	6
11784	6
7482	3
13838404	0
7679	1
15443	2
11434292	0
65936	8
13835209	0
7677	0
6342	0
15438	0
1348	5
11216	0
68328	1
4517338	3
11194	0
11819	0
13402	0
20843	6
55091	2
10487	0
15954	0
11045	3
11210	0
7521	6
7641	6
11543	0
13638	0
11752	3
7242	6
11843	3
7530	0
15765	0
10101	5
16791	2
11029	0
9633	0
28992	6
18717	0
6106	0
99440	0
7838	2
120621	3
9581	7
15413	0
7710	0
7536	3
7689	6
10710415	5
14751	0
7073	3
24533	6
7238	7
13835293	0
13866593	0
13875196	7
120489	7
10197150	8
374462	0
13839575	0
8569	0
11600	7
5889	7
191367	3
6967	6
192642	3
1078	3
23101	0
17558	0
55123	3
68179	3
733	0
11042	6
21132380	6
9349	7
73412	0
235	8
7827	0
68156	0
773	5
17880	2
20119	3
70714	6
7225	8
7786	0
7224	8
13448	0
7673	6
10940	6
10939	2
13842993	0
29025	2
1664	7
7128	6
455420	0
11866	2
21105905	6
10772050	2
26765	3
7681	6
7837	0
553642	2
21106560	6
11830	0
7810	0
7815	0
13842001	0
21169510	3
11930	4
10437135	7
7835	0
19956441	1
78	8
67991	0
455353	0
13875281	6
2039535	7
13837686	7
7240	8
123993	0
7849	0
7803	3
11783	6
13839441	0
18219	0
83866	0
13875160	6
11865	0
11077	6
21106586	3
13835772	7
83850	0
7221	8
11699	4
7385	6
7391	7
7670	2
13860335	6
19231	3
29005	3
7443	9
22191	2
7802	2
7389	9
7241	8
6179	0
7694	3
24972	6
62489	7
6286	4
7528	0
11660	6
62230	0
8568	3
7129	8
69371	0
10784857	0
21105871	7
13839082	7
63889	7
21109330	0
10937	6
7236	3
1577	2
122090	1
8909	0
11716	3
12231	7
10384035	7
6270	0
156255	0
7659	6
11409	6
6402	2
11919	0
7856	0
13257	7
21106036	9
13840690	6
7765	0
7538	3
71787	6
441	1
2606	0
11795	3
6287	5
14692	1
7223	6
7685	6
123860	0
7672	0
9970	0
13857694	6
16159	1
7088	6
28969	9
12069	3
11265	3
13648	8
13876539	6
7533	0
7131	6
7434	0
13866817	6
6977	6
13854136	7
447	8
13837760	8
13835151	7
191	2
7234	7
71628	2
7132	8
11087	6
18801	0
13837988	6
10696	0
76894	0
12456	1
12445	3
69569	0
12809	1
7138	9
10236	6
13863618	9
4446445	4
3954	4
55205	3
11021	6
14198	1
29026	2
5976	8
13875258	6
9903	6
7183	6
21181	3
13839416	0
7851	0
18410	0
13865680	7
21112023	8
503239	7
4878	8
932	0
12010	0
63908	8
5830	6
13839308	6
14680	0
28682	8
14169248	3
63310	8
11671339	1
391428	2
122446	3
238	9
7239	6
11863	0
2041618	0
13851576	6
13854248	7
10437215	7
8070	9
370	2
455090	7
11632	3
14840	0
2656	0
78828	1
10422	4
20939	2
69914	1
9976	2
73479	9
924	7
6883	9
5979	0
577	4
13658	6
21106366	6
7419	6
14299946	0
331	10
7448	6
7509	3
12632	2
61001	8
28982	7
11604	7
62534	9
62408	9
123207	7
75951	2
13837787	10
13839123	7
59483	0
18724	6
7850	0
13875432	7
8665	8
13839128	7
13875219	7
456015	6
55084	3
6974	7
8657	8
13849981	2
26824	0
72793	2
21106014	8
6296	4
14256731	2
13860775	8
7140	9
13869339	7
13647	3
764	8
7800	3
8071	9
13835932	0
7809	0
4449	0
13839110	7
29029	1
21106525	7
7142	10
132	10
12220	0
20570	7
21106144	9
7190	9
8140	7
13869451	7
15461	6
76394	9
7518	6
8520	0
8883	0
6079	9
2931	7
10536	0
25552	6
13848808	10
10181341	6
10328	7
15846	2
5596	8
4962	7
13869462	7
11871	0
10265270	0
222538	9
768	9
2849146	9
8674	8
13869480	8
12635	2
65523	9
6999	6
2441	2
7662	6
13856352	6
7506	2
6897	9
8186	8
15431	8
58234	0
21106146	9
15387	0
8574	0
1015	9
26325090	1
13842573	7
9564	8
221226	8
8912	0
7848	0
13875441	7
13863774	9
13871718	6
10179239	0
10227261	2
776	9
906	10
21168813	8
4366810	4
7170	6
12821	9
13619	0
392	8
8097	6
299166	9
21106013	9
13869414	8
21111817	8
7511	3
24641	2
21106020	9
17131	6
10756	2
7984	0
10404	6
13853953	9
12218	2
21105897	10
13862559	6
5593	9
123	9
11773	10
13846663	7
10451	0
7852	0
7872	3
13662	10
12637	3
376	3
6780	10
6794	7
21106018	7
72551	2
15427	6
13859497	10
11576	9
6635	4
21111781	9
11080	8
13835630	0
105291	8
14846	3
13868640	6
21105859	7
11862	0
8910	0
14227	8
10437210	10
11589	9
64699	3
8098	10
589165	10
6781	10
12933	0
13853758	7
9893	8
6621	9
558878	4
8855	10
10980	9
206561	10
15855	4
13835126	8
5882	12
13864445	6
21170967	10
12478	9
21105870	8
13229	3
13849989	2
24535	6
18019	0
73390	9
6674	9
11591	11
67360	2
553578	4
10437335	9
14593	4
10432	7
7745	3
21159695	7
7891	1
10972	9
11557190	1
8183	12
12219	0
880	9
1446	11
2923	8
6775	10
12954	3
8576	0
21105848	10
68109	0
7882	0
120548	8
10181339	6
6788	10
13853943	10
11672	10
57726	0
10892	10
6898	8
1905	6
21106470	10
6950	9
13860434	10
12972	2
21106148	10
10664	10
7890	0
71876	5
7176	10
15965	9
67653	0
13487	6
9088156	0
7871	2
68224	1
18	11
4511751	10
10181338	10
10756390	1
84971	0
388391	0
13871489	3
11629	10
2241	9
21106519	7
11460	9
7189	9
8521	0
13876103	8
11510	7
14349	0
7211	12
2937774	10
11584	9
21105998	7
6736	10
4963	10
6789	10
6737	10
59482	8
81814	3
14021447	1
71	11
80863	6
955	10
7145	10
917	6
3350	11
10616	12
7172	12
10257	12
953	10
1151	11
21106571	6
6827	0
11422	9
21106163	6
10025	3
13835344	9
15853	2
21106140	8
10801109	1
86394	8
21106145	11
62310	10
13835706	3
7092	10
1448	13
8182	12
21106518	9
10437239	8
13848793	9
68676	9
16180	2
7600	2
13846959	10
6773	12
7340	0
13837329	12
21106581	11
16475	10
7146	11
185	10
6828	12
11488212	10
6646	0
10801842	4
16387	0
11586	12
62472	12
16388	5
21108576	9
6480	7
23083	10
10628694	10
7892	0
71437	0
5644	4
10909	10
10918	10
8935	6
4510206	6
7757	3
13846749	10
2298886	10
6550	11
8341	11
7208	12
11882	0
4611	6
13835351	12
8374	9
70682	0
13492	6
13677	10
6739	11
17347	9
7875	3
11777	7
7310	10
11465	9
2157	12
8150	12
7302	13
7202	9
7042	13
6035	9
11776	6
10908	10
10850	10
556589	11
7299	6
8577	0
21106900	10
17652	0
5915	10
10106	5
63518	8
17868	12
6706	10
10851	10
11588	9
79969	9
6675	9
71193	10
2206	8
13867714	12
4445317	4
10849	10
11595	10
1906	10
6193	3
67270	10
16177	2
6033	10
6478	10
15517	11
10841	10
13574	4
8319	11
7964	3
15789876	2
21105699	12
13622	2
10829	10
11507	6
7585	9
6790	11
15495	10
13860	8
10831	10
56515	7
20124	10
744	9
10343	13
218253	12
454319	0
76154	10
33084	0
67414	0
220998	3
15867	14
7901	0
14627	11
21106570	6
10449	0
10813	10
199342	6
15755	10
15702	10
62484	9
4522053	10
8273	13
11883	0
8262	13
642951	12
15747	6
15524	10
13837303	12
305	2
230	7
14995	10
10733068	2
256210	11
33421	12
67470	10
33416	0
14994	10
15756	10
12938	4
6588	13
15475	10
7279	10
23886	12
14472	0
15476	10
42330	8
2991	14
12682	10
4762	9
361	12
6592	12
11884	2
15488	12
15478	10
21106573	9
11003	13
15489	12
15861	10
7155	15
64155	10
2627	10
24142	2
8073	15
44152	8
26325080	1
8916	5
4267	5
33455	12
15619	10
96749	1
18336	8
5236	11
440	0
2973	4
3173	3
2185	14
1361549	10
7915	0
30600	12
1438	7
15477	10
10437836	8
8120	7
26010	12
7152	10
13846658	13
8470	10
3544	6
15621	10
33934	12
7913	3
7994	5
2468	11
6840	13
12133	9
11632871	0
34863	12
63968	13
61739	12
68437	10
66895	8
26260	10
33932	12
33933	12
5027	8
192748	15
8282	12
5004	3
34188	12
13114	14
18280	9
12024	4
2068	11
6835	13
78998	2
72056	0
4626	4
2169	8
23115	4
6492	12
4103087	14
9824	14
15473	12
34664	12
9053802	0
37904	12
13856959	9
12586	1
5368	13
707	0
34665	12
17098	12
17099	12
84188	10
15620	10
8111	14
3210	2
49469	6
967	7
158870	10
2915	13
83330	6
157093	10
4768	8
34864	12
14993	7
8329	16
970	14
7917	0
136000	10
34866	12
83374	10
2297538	10
20848	8
457145	10
8067	6
37918	12
457140	10
34865	12
8241	12
14620	9
6593	13
21782117	2
135983	10
10540	0
25472	10
25605	12
6464	9
25677	12
136001	10
136003	10
34666	12
82753	13
10438331	13
2121	12
1278	14
4457	4
62265	15
11974	6
31991	10
481441	0
34867	12
84235	10
13087	6
2079	8
2424	11
5256	3
7315	16
15474	12
37915	12
40191	12
29348	11
26011	12
28287	8
62632	2
30932	5
22172	8
5899	14
2297441	10
37905	12
3987	14
33617	9
2283071	10
34830	12
16568	12
108106	0
69223	7
35581	12
23912	4
13302	8
4932499	10
3006	4
56793	12
13090	14
34868	12
10243	7
13850879	3
56791	12
14674	4
15729	13
8060	10
9040	8
34870	12
30881	9
17587	11
34869	12
457144	10
5807	6
9026	14
3008	10
4575	8
135925	10
4759	9
82777	12
34871	12
454495	12
6688	16
36319	9
533188	12
34872	12
10169	6
11891	0
56792	12
26325081	1
8058	16
20493	11
36278	12
35580	12
82755	10
82842	8
15417	10
46262	12
136002	10
28941	14
56123	15
5342	3
56784	12
16182	12
56785	12
56790	12
26563	0
13303	8
82765	12
82767	11
12705	8
14826	2
30816	11
16481	4
97173	10
102720	10
7051	11
21924	12
102721	10
33458	12
82818	12
3548	9
35579	12
38839	9
27749	11
34667	12
56795	12
56788	12
1994	9
8939	11
16482	4
36972	12
21106365	13
4760	8
34873	12
7967	5
559096	0
35582	12
56771	12
13520	11
56774	12
9873	14
3463	2
37744	12
12874	8
46893	12
82807	12
35081	12
56769	12
35584	12
3864	4
13300034	10
10292746	2
33829	6
102833	10
47912	12
13844817	14
82817	12
82762	10
2839	12
6842	6
82754	10
157094	10
3229	11
5237	8
82840	12
34189	12
16736498	4
7968	2
29117	15
33304	12
56794	12
13837319	12
457138	10
39406	12
56780	12
27793	10
106355	10
6767	14
34847	12
102897	10
2581	0
6417	14
103011	10
82712	10
56781	12
45444	12
102947	10
102933	10
33457	12
8287	5
33280	12
36029	7
46263	12
56777	12
33666	12
56787	12
16736486	2
102801	10
82873	11
8288	11
4025	9
17339596	0
33456	12
2629	11
33386	12
2003	2
6514	16
36973	12
97172	10
36974	12
82819	12
15572	11
102856	10
13115	6
8800	16
29153	16
35583	12
82820	12
45445	12
4886542	15
103066	10
46894	12
32873	14
35563	14
17684	0
44885	9
46710	12
33326	11
4745	10
26325088	0
56772	12
34848	12
56760	12
84346	12
26325085	0
28552	8
12364	11
56755	12
82796	6
35265	13
56789	12
4599	8
24638	14
56768	12
13328	2
4437893	11
6371	7
56778	12
3277	12
4526760	13
21568	13
96948	10
16415	12
193215	2
26325087	0
37779	12
56779	12
11274	17
35585	12
84344	12
56786	12
82797	6
5363	14
541032	8
31129	2
37749	7
56776	12
46264	12
83413	12
43354	12
457139	10
21429023	2
97055	10
4927801	0
34859	12
7260	13
19939	15
56756	12
4719431	13
102798	10
36976	12
45446	12
56767	12
8093	8
29631	6
34850	12
14348	0
559213	13
6453	16
84345	12
56766	12
102722	10
33281	12
1262	11
36975	12
154865	10
102741	10
26325082	1
32555	8
82740	12
215802	14
30459	14
23977588	4
4333	16
18941	8
97198	10
37019	12
82783	12
37000	12
39198	12
56765	12
46285	12
4938407	4
46284	12
82806	12
19722	11
34116	6
34668	12
34851	12
56773	12
82798	6
29282	8
47913	12
5772	2
28827	11
26915	11
6066	9
32952	12
48518	13
84347	12
75956	8
102857	10
43353	12
83414	12
2940	2
18445	14
25304	11
102787	10
18444	13
15010	16
82823	12
83411	17
102742	10
34190	12
56761	12
47914	12
102743	10
66326	6
56559	0
35529	10
36710	12
7991	13
33832	10
34852	12
2927	14
154866	10
35588	12
59833	6
12730	8
8243	12
15699	8
64559	10
56023	13
56782	12
549017	12
97240	10
33282	12
20545	3
36977	12
4066	6
2457	18
77706	6
4813314	12
56770	12
29847	16
56763	12
56757	12
102834	10
7928	0
4939096	4
36771	12
56764	12
9817	17
36978	12
34191	12
84348	12
45678	12
7929	0
82738	12
37994	16
106356	10
36979	12
10085	6
39407	11
11369	7
56762	12
37745	12
36981	12
56758	12
4744	10
36980	12
11359	7
6057	6
56775	12
6640	6
37004	12
4956170	13
34853	12
56783	12
4941232	13
82736	12
47915	12
4060	7
16139	5
2635909	17
15822	6
13338	5
12543	6
36983	12
96868	10
96864	10
56759	12
6058	6
36982	12
33983	12
36984	12
82831	19
45447	12
33407	12
2271976	6
4575338	8
24388	5
3171	4
12367	11
15637	12
82821	12
34860	12
11936	11
72522	0
82786	6
6542	6
97224	10
97234	10
5148	16
34854	12
3534	6
46137	12
12536	6
77887	16
6559	12
33984	12
26325084	2
11897	0
9242615	6
97233	10
26325083	1
46525	9
7988	23
46136	12
33142	14
33141	13
34418	15
5739	18
97142	10
2928	6
8817	18
36986	12
82834	22
47916	12
8078	18
4617	18
550258	12
35205	12
36985	12
46739	14
3326	6
35566	12
55075	8
2908	17
4913	8
4777	11
2181	11
6528	12
5557	9
97257	10
6639	6
33986	12
45448	12
33316	12
36988	12
105648	7
82679	6
35912	12
102923	10
8004	15
11898	0
36987	12
20390	19
3972	7
5590	8
11899	0
154958	13
3513	15
7970	6
154062	10
4629	10
36990	12
85876	13
26916	6
77764	6
33985	12
35108	12
82751	12
5660	7
36989	12
6519	12
11917	6
2925	13
16576	11
4447447	8
2284017	6
5554	7
39394	6
509179	8
77874	11
4444070	10
4228778	8
82822	12
43456	11
24247	17
4445165	12
34192	12
37764	11
2342810	14
2075	14
12017	0
6367	7
77933	22
2768	16
11283	6
5791	4
96965	10
33198	10
91304	6
35206	12
6281	23
82759	13
66316	8
154959	13
8804	20
8799	20
82870	18
5376	9
5553	7
15484	12
135795	13
49560	11
2246	20
12072	0
21106505	12
36968	13
2625	13
33255	13
4444102	21
5198	17
82852	7
2699	13
5773	4
4444107	22
11900	0
26325089	13
77730	13
39145	12
8103122	20
11901	0
6366	7
5932	4
15827	10
136695	13
29089	5
5678	22
5768	0
8763	22
11146	0
5113	9
17499	0
24722	8
94701	12
11902	0
6013	6
31006	7
34697	7
18949	7
10162	9
48085	4
49179	4
10542	0
104816	12
75995	8
15520	10
1043	16
65272	1
11906	0
4067	20
75662	19
29400	19
4444362	11
6045	5