Compound Id	ChiChain [VCH-5]
692	0.0
6153	0.0
127983	0.0
291	0.0
21106179	0.0
16425	0.0
23208	0.0
6105	0.0
11148	0.0
274	0.0
6086	0.0
9256	0.0
923	0.0
937	0.0
6085	0.0
217	0.0
9484	0.0
22814	0.0
22408	0.0
9286	0.0
12577	0.0
6084	0.0
6128	0.0
9243	0.0
62827	0.0
6132	0.0
391	0.0
38403	0.0
1087	0.0
16641	0.0
7954	0.0
864	0.0
11153	0.0
748	0.0
6095	0.0
6094	0.0
518	N/A
16841	0.0
6148	0.0
2056044	0.0
6151	0.0
6087	0.0
9095782	0.0
4514529	0.0
10675065	0.0
21106169	0.0
172	0.0
763	0.0
7956	0.0
7577	0.0
6089	0.0
6111	0.0
29040	0.0
10606755	0.0
6098	0.0
6120	0.0
13837650	0.0
13853215	0.0
61149	0.0
12197	0.0
682	0.0
61346	0.0
7558	0.0
7556	0.0
454215	0.0
7557	0.0
278	0.0
7957	0.0
654	0.0
9461	0.0
6130	0.0
7555	0.0
11727	0.0
1114	0.0
14441700	0.0
8960	0.0
6083	0.0
454209	0.0
56442	0.0
6101	0.0
6097	0.0
175	0.0
4449912	0.0
6102	0.0
9016	0.0
7559	0.0
2018165	0.0
7733	0.0
3644	0.0
6156	0.0
512	0.0
171	0.0
9646	0.0
9254	0.0
7734	0.0
9411	0.0
13835550	0.0
6135	0.0
13837190	0.0
10325078	0.0
7732	0.0
6335	0.0
7738	0.045
14829	0.0
4481813	0.0
10765	0.0
71390	0.0
6149	0.0
13872989	0.0
9391	0.0
6146	0.0
3631	0.0
6121	0.0
61213	0.0
3441	0.0
11099	0.0
11806	0.0
6308	0.0
3168	0.0
6104	0.0
1004	0.0
66567	0.0
1039	0.0
7713	0.0
73583	0.0
6103	0.0
7566	0.0
9994	0.0
10709	0.0
6309	0.0
6088	0.0
13299573	0.0
13836674	0.0
13835316	0.0
6092	0.0
14694	0.0
6313	0.0
11230	0.0
7564	0.0
7616	0.0
2062437	0.0
7712	0.0
4483639	0.0
10437	0.0
30713	0.0
2282428	0.0
6188	0.0
4483638	0.0
7330	0.079
12442	0.0
7546	0.0
9251	0.0
18971812	0.0
71433	0.0
10113	0.0
11755	0.0
7790	0.0
107412	0.0
56144	0.0
56020	0.0
13835977	0.0
256	0.0
10054	0.0
1005	0.0
553742	0.0
558883	0.0
99596	0.0
6333	0.0
6321	0.0
23055	0.0
8525	0.0
6125	0.0
4514586	0.0
11526	0.0
6322	0.0
6320	0.0
13836549	0.0
6163	0.0
62826	0.0
6108	0.0
11729	0.0
14672	0.0
6118	0.0
7730	0.0
11756	0.0
8544	0.118
23255	0.0
6312	0.0
6338	0.0
12201	0.0
62597	0.0
8329688	0.0
13837797	0.0
10653	0.0
13835336	0.0
7782	0.0
21106015	0.0
7727	0.0
558928	0.0
6093	0.0
693	0.0
11110	0.0
6311	0.0
8896	0.177
5977	0.0
7728	0.0
2340753	0.0
6340	0.0
9253	0.0
7626	0.0
7604	0.0
7553	0.0
12209	0.0
394562	0.0
10325184	0.0
83734	0.0
6315	0.0
7627	0.0
7717	0.0
387	0.0
60524	0.0
11109	0.0
63631	0.0
6100	0.0
13866746	0.0
7010	0.0
14998	0.0
12446	0.0
7560	0.0
258	0.0
10053	0.0
124968	0.0
7716	0.0
7552	0.0
7737	0.102
10571	0.0
17619	N/A
11809	0.0
13836713	0.0
13836589	0.0
11833	0.0
13835235	0.0
7767	0.0
7030	0.042
13836021	0.0
10124	0.0
59573	0.0
10777	0.0
6341	0.0
10018	0.0
558020	0.0
12626	0.0
13836591	0.0
11996	0.0
6165	0.0
7714	0.0
13862665	0.0
6042	0.0
7630	0.0
259	0.0
7607	0.0
5894	0.0
21108550	0.0
7772	0.0
21111806	0.0
236	0.0
9614	0.0
62808	0.0
10492	0.0
7736	0.056
11055	0.0
10446	0.0
7463	0.0
7619	0.0
7016	0.0
13871721	0.0
7739	0.136
7706	0.0
7028	0.083
5730	0.0
6316	0.0
8903	0.0
24590970	0.0
21011	0.0
9325	0.0
415	0.0
55090	0.0
10947	0.0
10772140	0.0
28994	0.0
13839553	0.0
3973	0.0
71312	0.0
3951	0.0
592	0.0
8904	0.0
8899	0.105
60329	0.0
6406	0.0
2916	0.0
2293678	0.0
6119	0.0
29015	0.0
11680	0.0
7624	0.0
7615	0.0
7090	0.0
6122	0.0
7024	0.144
55188	0.0
11117	0.0
13835224	0.0
6176	0.0
62249	0.0
13803	0.0
10755	0.0
9377	0.0
15077490	0.0
7823	0.0
11125	0.0
6307	0.0
7787	0.0
6334	0.0
13255	0.068
109838	0.0
11849	0.0
173	0.0
66656	N/A
13837280	0.0
11845	0.0
11094	0.0
13854944	0.0
29000	0.0
8398	0.0
10791	0.0
8733	0.0
10786	0.0
8554	0.0
92731	0.0
7788	0.0
9233	0.0
1020	0.0
11992	0.0
6187	0.0
8158	0.0
11023	0.0
11731	0.0
11207996	0.0
1609	0.0
7721	0.0
1095	0.306
11121	0.0
10498	0.0
7065	0.0
7791	0.0
109705	0.0
7636	0.034
7621	0.0
11551	0.0
13835836	0.0
7711	0.0
8543	0.0
6040	0.0
10445	0.0
11351244	0.147
7770	0.0
23150	0.0
12161	0.0
13874867	0.0
31029	0.0
4444456	0.0
7769	0.0
18607	0.0
10001	0.0
7747	0.0
10788	0.0
23621376	0.0
5993	0.0
8560	0.0
555074	0.0
10437074	0.0
13861343	0.0
7705	0.0
8141	0.125
10512	0.0
11180	0.0
7701	0.0
62589	0.0
7686	0.0
5439	0.0
11056	0.0
7026	0.144
66675	0.0
2005981	0.0
7622	0.0
7684	0.0
8900	0.030
11025	0.0
7475	0.0
59674	0.0
21171407	0.0
11095	0.0
13837537	0.0
10614293	0.0
6326	0.0
56117	0.0
7466	0.0
29036	0.0
7761	0.0
21168808	0.118
11104	0.0
16778	0.0
13835376	0.0
127750	0.0
10790	0.0
2018460	0.0
68503	0.0
13863629	0.039
7674	0.0
1143	0.0
1108	0.0
7029	0.072
29001	0.0
11788	0.0
11732	0.0
7688	0.0
7515	0.0
11794	0.0
13836520	0.0
11678	0.0
2038738	0.0
8562	0.0
29012	0.0
21106535	0.0
13875283	0.0
13867413	0.0
13837702	0.0
5949	0.0
71089	0.0
7551	0.0
11706	0.0
66996	0.0
61487	0.0
10797	0.0
26325086	0.0
7478	0.0
11799	0.0
13839199	0.0
13835459	0.0
11793	0.0
10534	0.0
9326	0.0
63863	0.0
659	0.0
7459	0.0
10787	0.0
12228	N/A
18688	0.0
10795	0.0
55130	0.0
11086	0.0
11841	0.0
12012	0.0
4489	0.0
48024	0.0
11024	0.0
512621	N/A
66655	0.0
21106032	0.0
6330	0.0
11035	0.0
13439	0.0
7021	0.0
7018	0.0
120464	0.0
11864	0.0
4444608	0.0
10948	0.0
11761	0.0
12229	0.0
24099	0.0
22453	0.0
12499	0.0
7833	0.0
7657	0.0
7013	0.0
13837281	0.0
5708	0.0
7703	0.0
4512642	0.0
4516601	0.0
11244	0.0
4516599	0.0
11846	0.0
7812	0.0
10652594	N/A
7766	0.0
844	0.0
13816	0.0
19953955	0.0
7776	0.0
1141	0.0
11857	0.0
66021	0.0
10497	0.0
70715	0.0
21106520	0.0
66809	0.0
10452	0.0
10433	0.0
29107	0.0
10265264	0.0
13874733	0.0
11911	0.0
7811	0.0
13836399	0.0
7676	0.0
7064	0.0
349	0.0
10488	0.0
4514549	0.0
11193	0.0
4512361	0.0
11739	0.0
8552	0.0
8908	0.0
28986	0.0
10526	0.0
17443	0.0
68832	0.0
21800	0.0
10179173	0.0
81815	0.026
29016	0.0
7003	0.0
59447	0.0
13839109	0.0
13865426	0.0
7678	0.0
13842613	0.0
71430	0.068
7760	0.0
971	0.0
10420	0.0
11695	0.0
12643	0.0
7219	0.0
11784	0.0
7482	0.0
13838404	0.0
7679	0.0
15443	0.0
11434292	N/A
65936	0.0
13835209	0.0
7677	0.0
6342	0.0
15438	0.144
1348	0.038
11216	0.0
68328	0.0
4517338	0.0
11194	0.0
11819	0.0
13402	0.0
20843	0.0
55091	0.0
10487	0.0
15954	0.0
11045	0.0
11210	0.0
7521	0.0
7641	0.0
11543	0.0
13638	0.0
11752	0.0
7242	0.0
11843	0.0
7530	0.0
15765	0.0
10101	0.0
16791	0.0
11029	0.0
9633	0.0
28992	0.0
18717	0.0
6106	0.0
99440	0.0
7838	0.0
120621	0.0
9581	0.0
15413	0.0
7710	0.0
7536	0.0
7689	0.0
10710415	0.0
14751	0.0
7073	0.0
24533	0.0
7238	0.0
13835293	0.0
13866593	0.0
13875196	0.0
120489	0.0
10197150	0.0
374462	0.192
13839575	0.0
8569	0.0
11600	0.034
5889	0.0
191367	0.0
6967	0.0
192642	0.0
1078	0.0
23101	0.0
17558	0.0
55123	0.0
68179	0.0
733	0.0
11042	0.0
21132380	0.0
9349	0.0
73412	0.0
235	0.0
7827	0.0
68156	0.0
773	0.043
17880	0.0
20119	0.0
70714	0.0
7225	0.0
7786	0.0
7224	0.0
13448	0.0
7673	0.0
10940	0.0
10939	0.0
13842993	0.0
29025	0.0
1664	0.0
7128	0.0
455420	0.0
11866	0.0
21105905	0.0
10772050	0.0
26765	0.0
7681	0.0
7837	0.0
553642	0.0
21106560	0.0
11830	0.0
7810	0.0
7815	0.0
13842001	0.0
21169510	0.0
11930	0.0
10437135	0.0
7835	0.0
19956441	0.0
78	0.0
67991	0.0
455353	0.0
13875281	0.0
2039535	0.0
13837686	0.0
7240	0.0
123993	0.0
7849	0.0
7803	0.0
11783	0.0
13839441	0.0
18219	0.0
83866	0.0
13875160	0.0
11865	0.0
11077	0.0
21106586	0.0
13835772	0.0
83850	0.0
7221	0.0
11699	0.0
7385	0.0
7391	0.0
7670	0.0
13860335	0.0
19231	0.0
29005	0.0
7443	0.0
22191	0.0
7802	0.0
7389	0.0
7241	0.0
6179	0.0
7694	0.0
24972	0.0
62489	0.0
6286	0.0
7528	0.0
11660	0.0
62230	0.0
8568	0.0
7129	0.0
69371	0.0
10784857	N/A
21105871	0.0
13839082	0.0
63889	0.0
21109330	0.0
10937	0.0
7236	0.0
1577	0.026
122090	0.0
8909	0.0
11716	0.0
12231	0.0
10384035	0.0
6270	0.0
156255	0.118
7659	0.0
11409	0.0
6402	0.378
11919	0.0
7856	0.0
13257	0.0
21106036	0.0
13840690	0.0
7765	0.0
7538	0.0
71787	0.0
441	0.0
2606	0.0
11795	0.0
6287	0.0
14692	0.0
7223	0.0
7685	0.0
123860	0.0
7672	0.0
9970	0.0
13857694	0.0
16159	0.0
7088	0.0
28969	0.0
12069	0.0
11265	0.0
13648	0.0
13876539	0.0
7533	0.0
7131	0.0
7434	0.0
13866817	0.0
6977	0.0
13854136	0.0
447	0.0
13837760	0.0
13835151	0.0
191	0.0
7234	0.0
71628	0.0
7132	0.0
11087	0.0
18801	0.0
13837988	0.0
10696	0.0
76894	N/A
12456	0.0
12445	0.0
69569	0.0
12809	0.0
7138	0.0
10236	0.0
13863618	0.0
4446445	0.0
3954	0.0
55205	0.0
11021	0.0
14198	0.378
29026	0.0
5976	0.0
13875258	0.0
9903	0.088
7183	0.0
21181	0.0
13839416	0.0
7851	0.0
18410	0.144
13865680	0.0
21112023	0.0
503239	0.0
4878	0.0
932	0.0
12010	0.0
63908	0.0
5830	0.0
13839308	0.0
14680	0.0
28682	0.0
14169248	0.0
63310	0.0
11671339	0.0
391428	0.555
122446	0.0
238	0.0
7239	0.0
11863	0.0
2041618	N/A
13851576	0.0
13854248	0.0
10437215	0.0
8070	0.0
370	0.0
455090	0.0
11632	0.0
14840	0.0
2656	0.0
78828	0.0
10422	0.0
20939	0.0
69914	0.0
9976	0.0
73479	0.0
924	0.0
6883	0.0
5979	0.0
577	0.0
13658	0.0
21106366	0.0
7419	0.0
14299946	0.0
331	0.0
7448	0.0
7509	0.0
12632	0.0
61001	0.0
28982	0.0
11604	0.0
62534	0.0
62408	0.0
123207	0.0
75951	0.0
13837787	0.0
13839123	0.0
59483	0.0
18724	0.0
7850	0.0
13875432	0.0
8665	0.0
13839128	0.0
13875219	0.0
456015	0.0
55084	0.0
6974	0.0
8657	0.0
13849981	0.0
26824	0.0
72793	0.0
21106014	0.0
6296	0.0
14256731	0.0
13860775	0.0
7140	0.0
13869339	0.0
13647	0.0
764	0.0
7800	0.0
8071	0.0
13835932	0.0
7809	0.0
4449	0.0
13839110	0.0
29029	0.0
21106525	0.0
7142	0.0
132	0.0
12220	0.0
20570	0.0
21106144	0.0
7190	0.0
8140	0.0
13869451	0.0
15461	0.0
76394	0.0
7518	0.0
8520	0.0
8883	0.0
6079	0.0
2931	0.0
10536	0.0
25552	0.0
13848808	0.0
10181341	0.0
10328	0.0
15846	0.0
5596	0.0
4962	0.0
13869462	0.0
11871	0.0
10265270	0.0
222538	0.0
768	0.032
2849146	0.0
8674	0.0
13869480	0.0
12635	0.0
65523	0.0
6999	0.0
2441	0.123
7662	0.0
13856352	0.0
7506	0.0
6897	0.0
8186	0.0
15431	0.0
58234	0.131
21106146	0.0
15387	0.0
8574	0.0
1015	0.032
26325090	0.0
13842573	0.0
9564	0.0
221226	0.0
8912	0.0
7848	0.0
13875441	0.0
13863774	0.0
13871718	0.0
10179239	0.0
10227261	0.0
776	0.042
906	0.0
21168813	0.0
4366810	0.0
7170	0.0
12821	0.0
13619	0.0
392	0.0
8097	0.0
299166	0.0
21106013	0.0
13869414	0.0
21111817	0.0
7511	0.0
24641	0.0
21106020	0.0
17131	0.0
10756	0.0
7984	0.0
10404	0.0
13853953	0.0
12218	0.0
21105897	0.0
13862559	0.0
5593	0.032
123	0.0
11773	0.0
13846663	0.0
10451	0.0
7852	0.0
7872	0.0
13662	0.0
12637	0.0
376	0.0
6780	0.0
6794	0.0
21106018	0.0
72551	0.0
15427	0.0
13859497	0.029
11576	0.0
6635	0.0
21111781	0.0
11080	0.0
13835630	0.0
105291	0.026
14846	0.0
13868640	0.0
21105859	0.0
11862	0.0
8910	0.0
14227	0.0
10437210	0.0
11589	0.0
64699	0.0
8098	0.0
589165	0.0
6781	0.0
12933	0.0
13853758	0.0
9893	0.0
6621	0.036
558878	0.0
8855	0.0
10980	0.0
206561	0.0
15855	0.0
13835126	0.0
5882	0.0
13864445	0.0
21170967	0.0
12478	0.0
21105870	0.0
13229	0.0
13849989	0.0
24535	0.0
18019	0.0
73390	0.0
6674	0.0
11591	0.0
67360	0.0
553578	0.0
10437335	0.0
14593	0.0
10432	0.0
7745	0.0
21159695	0.0
7891	0.0
10972	0.0
11557190	0.0
8183	0.0
12219	0.0
880	0.0
1446	0.0
2923	0.0
6775	0.0
12954	0.0
8576	0.0
21105848	0.0
68109	0.0
7882	0.0
120548	0.0
10181339	0.0
6788	0.0
13853943	0.0
11672	0.0
57726	0.0
10892	0.0
6898	0.0
1905	0.0
21106470	0.0
6950	0.022
13860434	0.0
12972	0.0
21106148	0.0
10664	0.0
7890	0.0
71876	0.0
7176	0.0
15965	0.0
67653	0.0
13487	0.0
9088156	0.0
7871	0.0
68224	0.0
18	0.0
4511751	0.0
10181338	0.0
10756390	0.0
84971	0.0
388391	0.0
13871489	0.0
11629	0.0
2241	0.0
21106519	0.0
11460	0.0
7189	0.0
8521	0.0
13876103	0.0
11510	0.0
14349	0.0
7211	0.0
2937774	0.0
11584	0.0
21105998	0.0
6736	0.0
4963	0.0
6789	0.0
6737	0.0
59482	0.0
81814	0.0
14021447	0.0
71	0.0
80863	0.091
955	0.0
7145	0.0
917	0.091
3350	0.0
10616	0.0
7172	0.0
10257	0.0
953	0.0
1151	0.032
21106571	0.0
6827	0.0
11422	0.0
21106163	0.0
10025	0.0
13835344	0.0
15853	0.0
21106140	0.0
10801109	0.0
86394	0.0
21106145	0.0
62310	0.0
13835706	0.0
7092	0.0
1448	0.0
8182	0.0
21106518	0.0
10437239	0.026
13848793	0.0
68676	0.0
16180	0.0
7600	0.0
13846959	0.0
6773	0.0
7340	0.0
13837329	0.0
21106581	0.0
16475	0.0
7146	0.0
185	0.032
6828	0.0
11488212	0.0
6646	0.0
10801842	0.0
16387	0.0
11586	0.0
62472	0.0
16388	0.0
21108576	0.0
6480	0.032
23083	0.0
10628694	0.022
7892	0.0
71437	0.0
5644	0.0
10909	0.0
10918	0.0
8935	0.0
4510206	0.0
7757	0.0
13846749	0.0
2298886	0.0
6550	0.031
8341	0.0
7208	0.0
11882	0.0
4611	0.0
13835351	0.0
8374	0.0
70682	0.0
13492	0.0
13677	0.0
6739	0.0
17347	0.0
7875	0.0
11777	0.0
7310	0.0
11465	0.0
2157	0.0
8150	0.0
7302	0.0
7202	0.0
7042	0.0
6035	0.0
11776	0.0
10908	0.0
10850	0.0
556589	0.0
7299	0.0
8577	0.0
21106900	0.0
17652	0.0
5915	0.0
10106	0.0
63518	0.0
17868	0.0
6706	0.0
10851	0.0
11588	0.0
79969	0.0
6675	0.0
71193	0.0
2206	0.0
13867714	0.0
4445317	0.0
10849	0.0
11595	0.0
1906	0.0
6193	0.0
67270	0.0
16177	0.0
6033	0.0
6478	0.063
15517	0.028
10841	0.0
13574	0.0
8319	0.0
7964	0.0
15789876	0.0
21105699	0.0
13622	0.0
10829	0.0
11507	0.0
7585	0.0
6790	0.0
15495	0.0
13860	0.0
10831	0.0
56515	0.314
20124	0.0
744	0.032
10343	0.0
218253	0.0
454319	0.0
76154	0.0
33084	0.0
67414	0.0
220998	0.0
15867	0.0
7901	0.0
14627	0.0
21106570	0.0
10449	0.0
10813	0.0
199342	0.0
15755	0.0
15702	0.0
62484	0.0
4522053	0.0
8273	0.0
11883	0.0
8262	0.0
642951	0.0
15747	0.0
15524	0.0
13837303	0.0
305	0.0
230	0.029
14995	0.0
10733068	0.0
256210	0.0
33421	0.0
67470	0.0
33416	0.0
14994	0.0
15756	0.0
12938	0.0
6588	0.0
15475	0.0
7279	0.0
23886	0.0
14472	0.0
15476	0.0
42330	0.0
2991	0.0
12682	0.0
4762	0.0
361	0.0
6592	0.044
11884	0.0
15488	0.0
15478	0.0
21106573	0.0
11003	0.0
15489	0.0
15861	0.0
7155	0.0
64155	0.0
2627	0.0
24142	0.0
8073	0.0
44152	0.0
26325080	0.0
8916	0.0
4267	0.0
33455	0.0
15619	0.0
96749	0.0
18336	0.0
5236	0.029
440	0.0
2973	0.0
3173	0.0
2185	0.0
1361549	0.0
7915	0.0
30600	0.0
1438	0.0
15477	0.0
10437836	0.026
8120	0.0
26010	0.0
7152	0.0
13846658	0.0
8470	0.0
3544	0.0
15621	0.0
33934	0.0
7913	0.0
7994	0.0
2468	0.036
6840	0.0
12133	0.0
11632871	0.0
34863	0.0
63968	0.0
61739	0.0
68437	0.0
66895	0.0
26260	0.0
33932	0.0
33933	0.0
5027	0.0
192748	0.0
8282	0.0
5004	0.0
34188	0.0
13114	0.0
18280	0.0
12024	0.0
2068	0.032
6835	0.0
78998	0.0
72056	0.0
4626	0.0
2169	0.0
23115	0.0
6492	0.0
4103087	0.0
9824	0.031
15473	0.0
34664	0.0
9053802	0.0
37904	0.0
13856959	0.0
12586	0.0
5368	0.0
707	0.0
34665	0.0
17098	0.0
17099	0.0
84188	0.0
15620	0.0
8111	0.0
3210	0.0
49469	0.032
967	0.0
158870	0.0
2915	0.077
83330	0.0
157093	0.0
4768	0.0
34864	0.0
14993	0.0
8329	0.0
970	0.0
7917	0.0
136000	0.0
34866	0.0
83374	0.0
2297538	0.0
20848	0.0
457145	0.0
8067	0.0
37918	0.0
457140	0.0
34865	0.0
8241	0.0
14620	0.0
6593	0.031
21782117	0.275
135983	0.0
10540	0.0
25472	0.0
25605	0.0
6464	0.0
25677	0.0
136001	0.0
136003	0.0
34666	0.0
82753	0.0
10438331	0.0
2121	0.029
1278	0.0
4457	0.0
62265	0.0
11974	0.0
31991	0.0
481441	0.0
34867	0.0
84235	0.0
13087	0.0
2079	0.0
2424	0.029
5256	0.0
7315	0.0
15474	0.0
37915	0.0
40191	0.0
29348	0.0
26011	0.0
28287	0.0
62632	0.0
30932	0.091
22172	0.0
5899	0.0
2297441	0.0
37905	0.0
3987	0.0
33617	0.0
2283071	0.0
34830	0.0
16568	0.0
108106	0.0
69223	0.0
35581	0.0
23912	0.0
13302	0.0
4932499	0.0
3006	0.0
56793	0.0
13090	0.0
34868	0.0
10243	0.0
13850879	0.0
56791	0.0
14674	0.0
15729	0.0
8060	0.0
9040	0.0
34870	0.0
30881	0.0
17587	0.0
34869	0.0
457144	0.0
5807	0.045
9026	0.0
3008	0.0
4575	0.0
135925	0.0
4759	0.0
82777	0.0
34871	0.0
454495	0.0
6688	0.0
36319	0.0
533188	0.0
34872	0.0
10169	0.0
11891	0.0
56792	0.0
26325081	0.0
8058	0.0
20493	0.0
36278	0.023
35580	0.0
82755	0.0
82842	0.088
15417	0.0
46262	0.0
136002	0.0
28941	0.0
56123	0.0
5342	0.0
56784	0.0
16182	0.0
56785	0.0
56790	0.0
26563	0.0
13303	0.0
82765	0.0
82767	0.0
12705	0.0
14826	0.082
30816	0.029
16481	0.0
97173	0.0
102720	0.0
7051	0.0
21924	0.0
102721	0.0
33458	0.0
82818	0.0
3548	0.0
35579	0.0
38839	0.0
27749	0.0
34667	0.0
56795	0.0
56788	0.0
1994	0.0
8939	0.0
16482	0.0
36972	0.0
21106365	0.0
4760	0.0
34873	0.0
7967	0.107
559096	0.0
35582	0.0
56771	0.0
13520	0.0
56774	0.0
9873	0.0
3463	0.137
37744	0.0
12874	0.0
46893	0.0
82807	0.0
35081	0.0
56769	0.0
35584	0.0
3864	0.0
13300034	0.0
10292746	0.275
33829	0.0
102833	0.0
47912	0.0
13844817	0.0
82817	0.0
82762	0.0
2839	0.0
6842	0.0
82754	0.0
157094	0.0
3229	0.0
5237	0.116
82840	0.0
34189	0.0
16736498	0.073
7968	0.073
29117	0.0
33304	0.0
56794	0.0
13837319	0.0
457138	0.0
39406	0.0
56780	0.0
27793	0.0
106355	0.0
6767	0.0
34847	0.0
102897	0.0
2581	0.0
6417	0.0
103011	0.0
82712	0.0
56781	0.0
45444	0.0
102947	0.0
102933	0.0
33457	0.0
8287	0.037
33280	0.0
36029	0.030
46263	0.0
56777	0.0
33666	0.0
56787	0.0
16736486	0.151
102801	0.0
82873	0.137
8288	0.028
4025	0.0
17339596	0.077
33456	0.0
2629	0.0
33386	0.0
2003	0.230
6514	0.0
36973	0.0
97172	0.0
36974	0.0
82819	0.0
15572	0.0
102856	0.0
13115	0.061
8800	0.031
29153	0.0
35583	0.0
82820	0.0
45445	0.0
4886542	N/A
103066	0.0
46894	0.0
32873	0.0
35563	0.0
17684	0.0
44885	0.038
46710	0.023
33326	0.426
4745	0.0
26325088	0.0
56772	0.0
34848	0.0
56760	0.0
84346	0.0
26325085	0.0
28552	0.0
12364	0.0
56755	0.0
82796	0.030
35265	0.0
56789	0.0
4599	0.0
24638	0.0
56768	0.0
13328	0.182
4437893	0.0
6371	0.0
56778	0.0
3277	0.0
4526760	0.0
21568	0.0
96948	0.0
16415	0.0
193215	0.230
26325087	0.0
37779	0.0
56779	0.0
11274	0.0
35585	0.0
84344	0.0
56786	0.0
82797	0.0
5363	0.0
541032	0.0
31129	0.245
37749	0.030
56776	0.0
46264	0.0
83413	0.0
43354	0.0
457139	0.0
21429023	0.151
97055	0.0
4927801	0.0
34859	0.0
7260	0.0
19939	0.028
56756	0.0
4719431	0.0
102798	0.0
36976	0.0
45446	0.0
56767	0.0
8093	0.0
29631	0.0
34850	0.0
14348	0.0
559213	0.0
6453	0.0
84345	0.0
56766	0.0
102722	0.0
33281	0.0
1262	0.0
36975	0.0
154865	0.0
102741	0.0
26325082	0.0
32555	0.056
82740	0.0
215802	0.0
30459	0.0
23977588	0.073
4333	0.0
18941	0.0
97198	0.0
37019	0.0
82783	0.0
37000	0.0
39198	0.0
56765	0.0
46285	0.0
4938407	0.073
46284	0.0
82806	0.0
19722	0.0
34116	0.038
34668	0.0
34851	0.0
56773	0.0
82798	0.0
29282	0.0
47913	0.0
5772	0.151
28827	0.0
26915	0.0
6066	0.036
32952	0.0
48518	0.046
84347	0.0
75956	0.0
102857	0.0
43353	0.0
83414	0.0
2940	0.275
18445	0.0
25304	0.0
102787	0.0
18444	0.0
15010	0.0
82823	0.0
83411	0.0
102742	0.0
34190	0.0
56761	0.0
47914	0.0
102743	0.0
66326	0.030
56559	0.0
35529	0.0
36710	0.0
7991	0.0
33832	0.0
34852	0.0
2927	0.0
154866	0.0
35588	0.0
59833	0.030
12730	0.0
8243	0.0
15699	0.088
64559	0.023
56023	0.0
56782	0.0
549017	0.0
97240	0.0
33282	0.0
20545	0.0
36977	0.0
4066	0.0
2457	0.0
77706	0.030
4813314	0.0
56770	0.0
29847	0.026
56763	0.0
56757	0.0
102834	0.0
7928	0.0
4939096	0.073
36771	0.0
56764	0.0
9817	0.0
36978	0.0
34191	0.0
84348	0.0
45678	0.0
7929	0.0
82738	0.0
37994	0.0
106356	0.0
36979	0.0
10085	0.0
39407	0.0
11369	0.0
56762	0.0
37745	0.0
36981	0.0
56758	0.0
4744	0.0
36980	0.0
11359	0.0
6057	0.0
56775	0.0
6640	0.0
37004	0.0
4956170	0.0
34853	0.0
56783	0.0
4941232	0.030
82736	0.0
47915	0.0
4060	0.0
16139	0.037
2635909	0.0
15822	0.0
13338	0.073
12543	0.0
36983	0.0
96868	0.0
96864	0.0
56759	0.0
6058	0.0
36982	0.0
33983	0.0
36984	0.0
82831	0.0
45447	0.0
33407	0.0
2271976	0.095
4575338	0.029
24388	0.0
3171	0.0
12367	0.028
15637	0.0
82821	0.0
34860	0.0
11936	0.026
72522	0.0
82786	0.0
6542	0.0
97224	0.0
97234	0.0
5148	0.091
34854	0.0
3534	0.075
46137	0.0
12536	0.0
77887	0.022
6559	0.0
33984	0.0
26325084	0.0
11897	0.0
9242615	0.101
97233	0.0
26325083	0.0
46525	0.0
7988	0.0
46136	0.0
33142	0.0
33141	0.0
34418	0.035
5739	0.0
97142	0.0
2928	0.0
8817	0.0
36986	0.0
82834	0.0
47916	0.0
8078	0.0
4617	0.029
550258	0.0
35205	0.0
36985	0.0
46739	0.0
3326	0.089
35566	0.0
55075	0.0
2908	0.0
4913	0.217
4777	0.0
2181	0.0
6528	0.0
5557	0.075
97257	0.0
6639	0.0
33986	0.0
45448	0.0
33316	0.0
36988	0.0
105648	0.0
82679	0.0
35912	0.0
102923	0.0
8004	0.0
11898	0.0
36987	0.0
20390	0.0
3972	0.0
5590	0.029
11899	0.0
154958	0.0
3513	0.0
7970	0.0
154062	0.0
4629	0.023
36990	0.0
85876	0.0
26916	0.0
77764	0.102
33985	0.0
35108	0.0
82751	0.0
5660	0.072
36989	0.0
6519	0.0
11917	0.0
2925	0.0
16576	0.0
4447447	0.029
2284017	0.0
5554	0.083
39394	0.0
509179	0.0
77874	0.0
4444070	0.0
4228778	0.0
82822	0.0
43456	0.036
24247	0.029
4445165	0.407
34192	0.0
37764	0.036
2342810	0.0
2075	0.0
12017	0.0
6367	0.0
77933	0.030
2768	0.0
11283	0.0
5791	0.083
96965	0.0
33198	0.0
91304	0.0
35206	0.0
6281	0.0
82759	0.030
66316	0.038
154959	0.0
8804	0.031
8799	0.031
82870	0.0
5376	0.0
5553	0.068
15484	0.0
135795	0.0
49560	0.036
2246	0.0
12072	0.0
21106505	0.0
36968	0.407
2625	0.0
33255	0.0
4444102	0.0
5198	0.0
82852	0.0
2699	0.0
5773	0.083
4444107	0.0
11900	0.0
26325089	0.0
77730	0.064
39145	0.0
8103122	0.0
11901	0.0
6366	0.0
5932	0.083
15827	0.0
136695	0.0
29089	0.0
5678	0.0
5768	0.039
8763	0.0
11146	0.0
5113	0.097
17499	0.0
24722	0.0
94701	0.0
11902	0.0
6013	0.293
31006	0.293
34697	0.0
18949	0.0
10162	0.078
48085	0.0
49179	0.0
10542	0.0
104816	0.0
75995	0.0
15520	0.028
1043	0.0
65272	0.083
11906	0.0
4067	0.0
75662	0.0
29400	0.0
4444362	0.0
6045	0.114