Compound Id	ChiPath [VP-1]
692	0.289
6153	0.756
127983	0.204
291	0.0
21106179	0.655
16425	2.777
23208	0.258
6105	0.535
11148	0.378
274	0.408
6086	0.333
9256	1.292
923	0.316
937	0.0
6085	0.5
217	0.0
9484	1.067
22814	0.0
22408	0.0
9286	1.206
12577	1.188
6084	1.0
6128	1.014
9243	0.974
62827	1.724
6132	1.091
391	0.0
38403	1.982
1087	0.708
16641	0.690
7954	0.986
864	0.447
11153	1.069
748	0.258
6095	0.789
6094	1.414
518	N/A
16841	1.728
6148	1.445
2056044	2.481
6151	1.512
6087	1.134
9095782	2.006
4514529	0.0
10675065	2.241
21106169	1.237
172	0.813
763	0.2
7956	0.816
7577	0.880
6089	0.577
6111	1.5
29040	2.208
10606755	1.955
6098	1.063
6120	1.732
13837650	2.104
13853215	2.140
61149	2.456
12197	0.986
682	1.023
61346	2.219
7558	1.349
7556	1.524
454215	2.085
7557	1.150
278	0.494
7957	1.354
654	1.0
9461	1.853
6130	1.528
7555	1.914
11727	0.875
1114	1.342
14441700	2.006
8960	0.333
6083	1.964
454209	1.939
56442	1.488
6101	1.115
6097	1.509
175	1.204
4449912	1.488
6102	0.724
9016	2.165
7559	0.977
2018165	1.646
7733	1.288
3644	1.413
6156	6.0
512	1.351
171	0.928
9646	2.0
9254	2.106
7734	1.467
9411	2.221
13835550	1.316
6135	0.996
13837190	1.394
10325078	2.555
7732	1.640
6335	1.316
7738	1.471
14829	1.823
4481813	1.036
10765	1.896
71390	2.007
6149	1.890
13872989	1.133
9391	1.691
6146	1.724
3631	2.418
6121	1.809
61213	2.033
3441	2.644
11099	1.633
11806	1.849
6308	2.270
3168	1.992
6104	1.604
1004	1.523
66567	2.358
1039	2.449
7713	2.024
73583	2.451
6103	1.656
7566	1.284
9994	1.577
10709	1.904
6309	1.550
6088	2.535
13299573	2.634
13836674	1.618
13835316	1.487
6092	2.096
14694	2.1
6313	1.724
11230	1.918
7564	1.615
7616	1.552
2062437	2.567
7712	2.414
4483639	2.026
10437	2.009
30713	2.079
2282428	2.586
6188	2.518
4483638	2.026
7330	1.816
12442	2.156
7546	2.048
9251	2.521
18971812	2.384
71433	5.774
10113	1.866
11755	1.862
7790	1.732
107412	2.258
56144	2.734
56020	1.652
13835977	1.225
256	1.851
10054	2.067
1005	1.488
553742	1.643
558883	1.652
99596	2.466
6333	1.125
6321	1.765
23055	2.384
8525	1.904
6125	1.887
4514586	0.0
11526	1.429
6322	1.401
6320	1.951
13836549	2.634
6163	2.561
62826	2.845
6108	1.225
11729	2.798
14672	2.112
6118	2.289
7730	2.121
11756	1.573
8544	2.150
23255	2.026
6312	1.879
6338	1.496
12201	2.379
62597	1.633
8329688	2.620
13837797	2.210
10653	1.877
13835336	1.224
7782	1.967
21106015	1.618
7727	1.605
558928	1.643
6093	2.191
693	0.569
11110	2.133
6311	1.667
8896	2.5
5977	1.964
7728	1.513
2340753	2.687
6340	2.643
9253	2.543
7626	2.781
7604	2.770
7553	2.205
12209	2.349
394562	1.480
10325184	2.515
83734	2.484
6315	2.347
7627	2.299
7717	1.784
387	1.852
60524	1.424
11109	2.524
63631	2.307
6100	2.5
13866746	2.522
7010	2.808
14998	6.108
12446	2.414
7560	2.156
258	2.023
10053	2.482
124968	1.819
7716	2.115
7552	2.596
7737	2.077
10571	2.260
17619	N/A
11809	2.118
13836713	1.765
13836589	1.894
11833	2.404
13835235	1.132
7767	2.914
7030	1.690
13836021	1.670
10124	1.957
59573	5.041
10777	2.147
6341	1.871
10018	2.155
558020	1.809
12626	2.133
13836591	2.101
11996	2.7
6165	2.284
7714	2.509
13862665	2.013
6042	2.201
7630	1.816
259	1.988
7607	2.265
5894	1.277
21108550	2.199
7772	2.351
21111806	2.199
236	2.0
9614	2.1
62808	1.799
10492	2.323
7736	1.577
11055	3.061
10446	2.612
7463	2.465
7619	3.126
7016	2.325
13871721	1.635
7739	2.414
7706	2.404
7028	2.510
5730	2.268
6316	2.442
8903	1.699
24590970	2.945
21011	2.451
9325	2.205
415	1.816
55090	2.628
10947	2.489
10772140	1.583
28994	1.024
13839553	1.632
3973	2.588
71312	3.001
3951	1.531
592	1.552
8904	1.699
8899	2.264
60329	2.193
6406	1.920
2916	2.777
2293678	3.123
6119	2.443
29015	2.155
11680	2.377
7624	2.887
7615	1.996
7090	2.728
6122	2.619
7024	2.894
55188	2.673
11117	2.316
13835224	1.560
6176	2.454
62249	2.566
13803	4.562
10755	3.121
9377	2.974
15077490	3.022
7823	2.992
11125	2.467
6307	2.952
7787	3.0
6334	1.454
13255	2.943
109838	2.481
11849	2.992
173	0.993
66656	N/A
13837280	2.077
11845	2.849
11094	3.270
13854944	2.027
29000	2.379
8398	2.417
10791	2.708
8733	1.724
10786	3.181
8554	2.577
92731	3.180
7788	2.650
9233	3.146
1020	1.850
11992	2.859
6187	2.896
8158	3.070
11023	3.308
11731	3.244
11207996	2.659
1609	2.105
7721	2.656
1095	3.232
11121	3.024
10498	1.879
7065	2.847
7791	2.707
109705	4.183
7636	2.122
7621	2.621
11551	3.346
13835836	3.040
7711	3.096
8543	2.604
6040	2.523
10445	3.417
11351244	2.825
7770	2.284
23150	10.225
12161	4.082
13874867	2.228
31029	3.0
4444456	2.198
7769	2.615
18607	3.298
10001	2.344
7747	2.760
10788	2.686
23621376	1.913
5993	1.388
8560	3.414
555074	3.026
10437074	2.177
13861343	2.343
7705	2.495
8141	2.411
10512	3.009
11180	2.667
7701	2.488
62589	3.101
7686	3.128
5439	1.693
11056	2.784
7026	2.575
66675	11.25
2005981	1.190
7622	2.807
7684	2.657
8900	1.233
11025	2.825
7475	2.965
59674	1.920
21171407	2.609
11095	2.765
13837537	2.284
10614293	3.417
6326	2.519
56117	6.216
7466	2.154
29036	2.922
7761	2.823
21168808	2.775
11104	3.626
16778	2.601
13835376	3.069
127750	2.981
10790	2.862
2018460	3.786
68503	4.336
13863629	1.920
7674	3.394
1143	0.781
1108	2.411
7029	2.050
29001	2.115
11788	3.080
11732	2.670
7688	2.120
7515	2.965
11794	2.951
13836520	2.735
11678	2.989
2038738	2.104
8562	3.121
29012	2.904
21106535	2.678
13875283	2.510
13867413	1.747
13837702	2.316
5949	2.851
71089	2.130
7551	3.277
11706	2.877
66996	2.197
61487	3.043
10797	3.091
26325086	3.034
7478	2.604
11799	2.496
13839199	2.270
13835459	2.414
11793	2.879
10534	2.483
9326	2.240
63863	8.566
659	2.088
7459	2.917
10787	2.862
12228	N/A
18688	3.154
10795	3.553
55130	3.359
11086	3.050
11841	3.703
12012	2.967
4489	2.230
48024	2.787
11024	2.917
512621	N/A
66655	9.999
21106032	3.104
6330	1.553
11035	3.808
13439	3.707
7021	1.704
7018	2.193
120464	3.188
11864	3.349
4444608	2.518
10948	2.098
11761	3.724
12229	2.150
24099	2.224
22453	3.385
12499	2.669
7833	3.524
7657	3.321
7013	3.075
13837281	2.518
5708	2.429
7703	2.619
4512642	3.564
4516601	3.526
11244	1.611
4516599	3.564
11846	2.784
7812	3.023
10652594	N/A
7766	3.596
844	1.563
13816	2.015
19953955	2.413
7776	3.156
1141	2.069
11857	3.150
66021	2.187
10497	3.5
70715	2.612
21106520	2.260
66809	2.383
10452	12.674
10433	3.321
29107	1.822
10265264	3.788
13874733	2.260
11911	2.856
7811	3.115
13836399	3.101
7676	2.478
7064	2.909
349	3.914
10488	2.550
4514549	0.0
11193	2.738
4512361	3.526
11739	3.284
8552	2.988
8908	3.5
28986	3.325
10526	3.509
17443	2.233
68832	2.676
21800	3.805
10179173	3.788
81815	1.806
29016	3.260
7003	2.617
59447	2.835
13839109	2.981
13865426	2.815
7678	3.075
13842613	2.691
71430	3.076
7760	3.265
971	2.134
10420	3.465
11695	2.715
12643	2.741
7219	2.971
11784	2.327
7482	3.465
13838404	3.402
7679	2.911
15443	3.386
11434292	N/A
65936	2.094
13835209	2.132
7677	3.150
6342	2.952
15438	3.932
1348	1.813
11216	3.345
68328	9.773
4517338	2.761
11194	3.228
11819	3.307
13402	4.243
20843	2.547
55091	2.444
10487	3.471
15954	3.362
11045	3.465
11210	3.406
7521	2.821
7641	2.821
11543	3.362
13638	3.707
11752	2.015
7242	2.831
11843	3.404
7530	3.159
15765	3.805
10101	2.321
16791	3.311
11029	3.489
9633	3.974
28992	2.541
18717	3.162
6106	3.586
99440	3.097
7838	3.351
120621	2.397
9581	2.623
15413	6.324
7710	3.777
7536	3.377
7689	2.337
10710415	2.562
14751	3.932
7073	3.703
24533	2.681
7238	2.523
13835293	2.340
13866593	2.816
13875196	2.623
120489	2.243
10197150	1.766
374462	2.316
13839575	2.971
8569	3.992
11600	2.343
5889	2.199
191367	2.996
6967	2.827
192642	2.397
1078	2.063
23101	14.449
17558	4.270
55123	3.467
68179	3.451
733	1.707
11042	2.681
21132380	2.681
9349	2.299
73412	3.691
235	2.435
7827	4.146
68156	2.724
773	1.427
17880	3.849
20119	2.515
70714	2.592
7225	2.234
7786	4.037
7224	2.384
13448	4.207
7673	2.893
10940	2.687
10939	3.332
13842993	3.174
29025	4.024
1664	2.049
7128	3.354
455420	3.904
11866	3.284
21105905	2.821
10772050	2.379
26765	2.515
7681	2.582
7837	3.523
553642	3.650
21106560	2.821
11830	4.0
7810	4.096
7815	3.656
13842001	3.179
21169510	3.355
11930	2.440
10437135	2.810
7835	3.615
19956441	2.913
78	2.234
67991	10.626
455353	3.601
13875281	2.894
2039535	2.820
13837686	2.618
7240	2.467
123993	3.938
7849	4.414
7803	3.488
11783	2.742
13839441	2.632
18219	4.367
83866	3.166
13875160	2.888
11865	4.009
11077	2.671
21106586	3.263
13835772	2.551
83850	3.166
7221	2.457
11699	3.215
7385	3.471
7391	3.111
7670	4.037
13860335	2.580
19231	2.704
29005	3.965
7443	2.451
22191	3.176
7802	3.765
7389	2.562
7241	2.244
6179	3.299
7694	3.965
24972	2.968
62489	2.373
6286	3.995
7528	3.256
11660	3.382
62230	3.906
8568	3.904
7129	3.014
69371	12.674
10784857	N/A
21105871	2.545
13839082	2.545
63889	2.627
21109330	2.697
10937	2.677
7236	3.131
1577	1.452
122090	14.224
8909	4.0
11716	3.965
12231	2.422
10384035	2.830
6270	6.433
156255	2.816
7659	3.232
11409	3.388
6402	4.288
11919	7.071
7856	4.121
13257	2.561
21106036	2.758
13840690	3.066
7765	4.277
7538	3.877
71787	2.258
441	3.851
2606	2.506
11795	2.553
6287	4.083
14692	4.133
7223	2.672
7685	2.752
123860	4.069
7672	3.950
9970	3.575
13857694	2.955
16159	3.074
7088	3.661
28969	3.023
12069	3.496
11265	3.208
13648	2.725
13876539	2.908
7533	3.811
7131	3.035
7434	3.955
13866817	2.955
6977	3.238
13854136	2.616
447	2.663
13837760	2.275
13835151	2.610
191	3.063
7234	2.661
71628	3.440
7132	2.865
11087	3.178
18801	3.224
13837988	2.961
10696	16.899
76894	N/A
12456	4.349
12445	2.704
69569	14.851
12809	4.524
7138	2.553
10236	3.244
13863618	2.575
4446445	3.518
3954	3.390
55205	3.015
11021	2.991
14198	4.298
29026	3.784
5976	2.319
13875258	3.303
9903	3.534
7183	3.765
21181	3.015
13839416	3.132
7851	4.115
18410	4.932
13865680	3.112
21112023	2.964
503239	2.728
4878	2.269
932	4.023
12010	4.5
63908	2.673
5830	3.080
13839308	2.841
14680	4.156
28682	2.574
14169248	3.426
63310	2.854
11671339	11.997
391428	4.278
122446	2.704
238	2.588
7239	3.748
11863	4.596
2041618	N/A
13851576	3.653
13854248	2.683
10437215	3.320
8070	3.005
370	3.988
455090	2.748
11632	3.429
14840	4.914
2656	4.721
78828	13.998
10422	3.571
20939	4.009
69914	11.997
9976	4.325
73479	2.868
924	3.029
6883	2.977
5979	3.652
577	2.153
13658	3.394
21106366	3.322
7419	3.971
14299946	16.070
331	2.729
7448	3.943
7509	4.465
12632	4.265
61001	3.592
28982	3.106
11604	3.106
62534	2.973
62408	2.979
123207	3.042
75951	3.676
13837787	2.640
13839123	2.962
59483	13.5
18724	3.510
7850	4.509
13875432	2.612
8665	2.657
13839128	2.962
13875219	2.612
456015	3.467
55084	4.465
6974	3.033
8657	2.657
13849981	3.971
26824	18.674
72793	3.737
21106014	2.919
6296	3.696
14256731	5.148
13860775	2.728
7140	2.999
13869339	2.677
13647	3.513
764	2.269
7800	4.377
8071	3.072
13835932	2.299
7809	4.777
4449	3.316
13839110	2.956
29029	4.351
21106525	3.171
7142	2.723
132	2.723
12220	4.992
20570	2.889
21106144	2.970
7190	2.999
8140	3.096
13869451	2.677
15461	4.221
76394	2.534
7518	3.370
8520	18.674
8883	4.899
6079	3.066
2931	3.571
10536	5.146
25552	3.668
13848808	3.117
10181341	3.046
10328	3.319
15846	4.284
5596	2.340
4962	2.721
13869462	3.027
11871	5.037
10265270	4.966
222538	2.677
768	2.802
2849146	2.697
8674	3.046
13869480	2.722
12635	5.024
65523	2.687
6999	3.655
2441	4.516
7662	3.433
13856352	3.172
7506	4.235
6897	3.565
8186	3.275
15431	3.5
58234	4.664
21106146	2.964
15387	4.615
8574	4.523
1015	2.557
26325090	3.913
13842573	3.027
9564	2.685
221226	3.260
8912	4.309
7848	5.096
13875441	3.027
13863774	2.964
13871718	3.580
10179239	4.966
10227261	5.438
776	2.988
906	3.405
21168813	3.275
4366810	4.071
7170	4.708
12821	2.519
13619	5.414
392	2.334
8097	4.034
299166	3.015
21106013	3.031
13869414	2.722
21111817	3.334
7511	4.965
24641	4.237
21106020	3.031
17131	5.723
10756	4.425
7984	2.679
10404	4.471
13853953	3.037
12218	4.765
21105897	3.705
13862559	3.439
5593	2.848
123	2.569
11773	2.769
13846663	3.795
10451	21.124
7852	4.656
7872	4.904
13662	2.703
12637	3.988
376	3.563
6780	3.264
6794	4.181
21106018	3.029
72551	4.176
15427	3.672
13859497	3.248
11576	3.416
6635	4.152
21111781	2.964
11080	2.334
13835630	3.397
105291	2.253
14846	4.877
13868640	3.785
21105859	3.104
11862	5.277
8910	5.0
14227	3.342
10437210	2.656
11589	3.560
64699	3.061
8098	3.254
589165	3.312
6781	3.082
12933	7.293
13853758	3.553
9893	3.925
6621	3.128
558878	3.908
8855	3.114
10980	3.481
206561	3.127
15855	3.963
13835126	3.342
5882	3.141
13864445	3.445
21170967	3.076
12478	2.519
21105870	3.257
13229	4.141
13849989	4.064
24535	3.963
18019	22.899
73390	3.274
6674	3.487
11591	3.023
67360	4.784
553578	3.908
10437335	3.284
14593	3.207
10432	3.313
7745	2.193
21159695	3.671
7891	5.524
10972	3.481
11557190	18.223
8183	3.141
12219	5.596
880	3.115
1446	2.863
2923	3.352
6775	2.775
12954	4.429
8576	5.115
21105848	3.104
68109	19.076
7882	5.023
120548	3.179
10181339	3.546
6788	3.815
13853943	2.758
11672	2.769
57726	4.959
10892	3.117
6898	3.776
1905	4.293
21106470	3.124
6950	2.675
13860434	3.098
12972	5.325
21106148	3.076
10664	2.687
7890	5.914
71876	5.008
7176	3.111
15965	4.065
67653	5.104
13487	4.971
9088156	15.418
7871	5.265
68224	15.996
18	2.869
4511751	4.010
10181338	3.111
10756390	15.996
84971	2.890
388391	2.890
13871489	4.235
11629	3.098
2241	2.653
21106519	4.171
11460	3.115
7189	2.999
8521	22.899
13876103	3.744
11510	3.926
14349	5.156
7211	3.106
2937774	3.715
11584	3.870
21105998	3.905
6736	3.821
4963	2.794
6789	3.882
6737	3.888
59482	4.425
81814	7.629
14021447	22.448
71	2.863
80863	4.479
955	2.687
7145	2.752
917	4.479
3350	2.863
10616	3.147
7172	3.106
10257	3.112
953	2.788
1151	2.862
21106571	3.922
6827	5.966
11422	3.483
21106163	3.922
10025	4.063
13835344	3.388
15853	5.284
21106140	4.133
10801109	7.214
86394	3.673
21106145	3.418
62310	4.205
13835706	4.354
7092	3.553
1448	3.246
8182	3.177
21106518	3.064
10437239	2.829
13848793	3.350
68676	3.938
16180	6.024
7600	4.615
13846959	2.699
6773	3.547
7340	6.070
13837329	3.960
21106581	3.418
16475	3.104
7146	2.857
185	2.773
6828	4.071
11488212	2.981
6646	2.890
10801842	4.193
16387	7.041
11586	3.530
62472	3.530
16388	6.923
21108576	3.064
6480	3.348
23083	4.209
10628694	2.875
7892	5.523
71437	5.717
5644	4.274
10909	4.226
10918	4.226
8935	4.157
4510206	3.902
7757	5.965
13846749	3.699
2298886	6.194
6550	3.236
8341	3.539
7208	3.177
11882	6.414
4611	4.046
13835351	3.541
8374	4.565
70682	6.277
13492	5.471
13677	4.382
6739	3.545
17347	3.919
7875	5.904
11777	3.920
7310	3.815
11465	3.675
2157	3.617
8150	3.522
7302	4.230
7202	3.619
7042	3.282
6035	3.560
11776	4.678
10908	4.232
10850	4.232
556589	3.631
7299	4.528
8577	5.656
21106900	3.528
17652	4.824
5915	2.903
10106	5.583
63518	4.925
17868	3.781
6706	3.621
10851	4.232
11588	3.767
79969	4.560
6675	3.773
71193	3.986
2206	4.234
13867714	3.791
4445317	5.287
10849	4.232
11595	3.617
1906	3.249
6193	6.484
67270	3.964
16177	5.784
6033	3.964
6478	4.445
15517	3.630
10841	4.238
13574	4.634
8319	3.610
7964	5.924
15789876	6.849
21105699	3.771
13622	6.524
10829	4.238
11507	4.684
7585	6.175
6790	3.604
15495	4.705
13860	3.565
10831	4.238
56515	5.327
20124	4.157
744	2.960
10343	3.663
218253	4.555
454319	12.687
76154	4.334
33084	5.715
67414	14.281
220998	5.429
15867	4.997
7901	6.023
14627	3.544
21106570	4.412
10449	25.348
10813	4.238
199342	5.480
15755	4.366
15702	4.460
62484	4.156
4522053	4.148
8273	3.868
11883	6.914
8262	3.868
642951	4.014
15747	5.971
15524	4.360
13837303	5.135
305	3.171
230	3.196
14995	4.372
10733068	19.995
256210	3.555
33421	5.039
67470	4.366
33416	5.387
14994	4.372
15756	4.360
12938	6.266
6588	3.964
15475	4.372
7279	3.733
23886	5.039
14472	5.897
15476	4.366
42330	4.734
2991	4.525
12682	4.643
4762	5.130
361	3.003
6592	4.612
11884	6.284
15488	4.549
15478	4.366
21106573	4.487
11003	4.321
15489	4.549
15861	4.649
7155	3.694
64155	4.006
2627	4.687
24142	7.024
8073	4.081
44152	4.343
26325080	26.672
8916	8.506
4267	5.687
33455	5.033
15619	4.643
96749	3.326
18336	4.907
5236	3.714
440	3.482
2973	7.372
3173	7.334
2185	4.469
1361549	5.573
7915	6.523
30600	5.033
1438	4.824
15477	4.372
10437836	4.185
8120	4.606
26010	5.039
7152	3.719
13846658	4.206
8470	4.210
3544	5.320
15621	4.649
33934	5.033
7913	6.904
7994	5.867
2468	5.222
6840	4.770
12133	4.575
11632871	5.887
34863	5.522
63968	4.221
61739	3.679
68437	4.655
66895	5.925
26260	4.649
33932	5.033
33933	5.027
5027	4.530
192748	4.083
8282	3.679
5004	5.063
34188	5.516
13114	4.580
18280	10.556
12024	9.003
2068	3.718
6835	4.271
78998	7.284
72056	6.132
4626	9.679
2169	4.913
23115	7.441
6492	3.685
4103087	3.451
9824	4.609
15473	5.027
34664	5.516
9053802	6.879
37904	5.522
13856959	5.122
12586	6.819
5368	7.026
707	5.928
34665	5.516
17098	5.027
17099	5.033
84188	4.856
15620	4.655
8111	4.809
3210	6.114
49469	5.567
967	4.558
158870	4.850
2915	5.129
83330	6.171
157093	4.844
4768	5.295
34864	5.516
14993	4.947
8329	4.980
970	4.815
7917	7.023
136000	4.856
34866	5.522
83374	4.844
2297538	6.158
20848	5.219
457145	4.850
8067	4.902
37918	5.516
457140	4.856
34865	5.516
8241	6.135
14620	4.958
6593	4.405
21782117	8.517
135983	4.850
10540	7.914
25472	4.627
25605	5.516
6464	4.977
25677	6.006
136001	4.850
136003	4.850
34666	5.510
82753	4.882
10438331	4.766
2121	4.510
1278	4.535
4457	6.114
62265	3.742
11974	5.583
31991	5.982
481441	27.525
34867	5.510
84235	4.844
13087	9.009
2079	5.590
2424	4.108
5256	5.644
7315	4.842
15474	5.027
37915	5.510
40191	6.0
29348	5.243
26011	5.510
28287	5.394
62632	7.784
30932	6.328
22172	5.451
5899	4.684
2297441	5.412
37905	5.522
3987	6.771
33617	5.265
2283071	5.065
34830	8.039
16568	5.672
108106	19.041
69223	5.910
35581	6.0
23912	10.218
13302	5.622
4932499	5.071
3006	10.179
56793	6.006
13090	5.042
34868	5.516
10243	4.623
13850879	6.1
56791	6.0
14674	7.026
15729	6.026
8060	5.262
9040	5.288
34870	5.516
30881	5.496
17587	5.775
34869	5.516
457144	4.850
5807	4.983
9026	5.755
3008	4.694
4575	5.654
135925	4.856
4759	5.341
82777	5.994
34871	5.504
454495	6.006
6688	3.805
36319	6.064
533188	6.0
34872	5.504
10169	6.598
11891	7.523
56792	5.994
26325081	30.897
8058	4.824
20493	7.532
36278	5.8
35580	5.994
82755	5.327
82842	6.856
15417	5.854
46262	6.0
136002	4.856
28941	7.187
56123	6.177
5342	7.036
56784	5.516
16182	5.994
56785	5.994
56790	6.006
26563	6.464
13303	5.8
82765	6.483
82767	7.596
12705	6.183
14826	7.499
30816	7.081
16481	9.527
97173	5.333
102720	5.333
7051	8.354
21924	5.510
102721	5.333
33458	6.006
82818	6.0
3548	6.165
35579	6.0
38839	6.387
27749	4.740
34667	5.510
56795	6.0
56788	6.0
1994	6.685
8939	7.662
16482	9.881
36972	6.006
21106365	5.379
4760	6.566
34873	5.510
7967	6.956
559096	7.897
35582	5.988
56771	6.477
13520	6.995
56774	6.489
9873	5.584
3463	7.550
37744	6.489
12874	6.489
46893	5.988
82807	5.994
35081	6.477
56769	6.489
35584	6.0
3864	9.764
13300034	6.207
10292746	8.517
33829	6.701
102833	5.339
47912	5.994
13844817	7.946
82817	5.994
82762	5.333
2839	5.901
6842	6.104
82754	5.339
157094	5.327
3229	8.382
5237	5.156
82840	6.436
34189	5.994
16736498	8.018
7968	6.995
29117	5.396
33304	5.994
56794	5.994
13837319	7.135
457138	5.333
39406	6.483
56780	6.483
27793	5.345
106355	5.339
6767	5.481
34847	6.483
102897	5.333
2581	8.023
6417	6.489
103011	5.327
82712	5.333
56781	6.483
45444	6.483
102947	5.339
102933	5.333
33457	6.006
8287	6.593
33280	5.994
36029	6.562
46263	6.0
56777	6.471
33666	6.961
56787	6.0
16736486	8.355
102801	5.339
82873	8.741
8288	6.044
4025	7.052
17339596	5.978
33456	5.982
2629	8.707
33386	6.0
2003	8.046
6514	6.034
36973	6.489
97172	5.327
36974	6.477
82819	6.483
15572	8.078
102856	5.339
13115	9.069
8800	5.565
29153	5.559
35583	6.0
82820	6.483
45445	6.477
4886542	N/A
103066	5.333
46894	6.489
32873	7.677
35563	4.467
17684	7.998
44885	6.566
46710	6.757
33326	6.402
4745	5.920
26325088	7.048
56772	6.477
34848	6.477
56760	6.967
84346	6.973
26325085	6.936
28552	5.193
12364	7.406
56755	6.973
82796	6.733
35265	6.631
56789	5.988
4599	5.334
24638	6.363
56768	6.477
13328	8.022
4437893	5.783
6371	5.590
56778	6.483
3277	5.670
4526760	7.357
21568	6.009
96948	5.817
16415	6.495
193215	8.046
26325087	7.065
37779	6.489
56779	6.483
11274	5.374
35585	6.483
84344	6.483
56786	5.994
82797	8.267
5363	5.809
541032	4.971
31129	8.468
37749	6.699
56776	6.471
46264	5.994
83413	6.961
43354	6.483
457139	5.339
21429023	8.355
97055	5.817
4927801	23.801
34859	6.973
7260	5.370
19939	8.513
56756	6.967
4719431	6.665
102798	5.339
36976	6.967
45446	6.471
56767	6.961
8093	5.111
29631	6.428
34850	6.483
14348	8.523
559213	6.134
6453	5.547
84345	6.483
56766	6.967
102722	5.823
33281	5.994
1262	5.421
36975	6.489
154865	5.823
102741	5.817
26325082	35.122
32555	5.607
82740	6.979
215802	6.667
30459	9.929
23977588	8.018
4333	5.503
18941	6.914
97198	5.817
37019	6.967
82783	6.973
37000	6.973
39198	6.967
56765	6.967
46285	6.483
4938407	8.018
46284	6.477
82806	6.477
19722	9.253
34116	6.592
34668	6.477
34851	6.967
56773	6.477
82798	8.710
29282	7.093
47913	6.483
5772	8.355
28827	7.876
26915	8.363
6066	4.716
32952	6.477
48518	6.383
84347	6.961
75956	6.545
102857	5.817
43353	6.477
83414	7.451
2940	8.517
18445	8.554
25304	7.102
102787	5.823
18444	8.2
15010	5.744
82823	7.451
83411	5.477
102742	5.823
34190	6.961
56761	6.973
47914	6.961
102743	5.823
66326	9.630
56559	8.879
35529	8.204
36710	6.961
7991	8.958
33832	10.527
34852	6.973
2927	6.661
154866	5.817
35588	7.814
59833	7.309
12730	7.173
8243	8.135
15699	6.637
64559	6.867
56023	8.173
56782	7.457
549017	6.973
97240	5.823
33282	6.483
20545	8.844
36977	7.457
4066	7.003
2457	5.729
77706	7.280
4813314	7.132
56770	6.471
29847	8.780
56763	6.961
56757	6.967
102834	5.829
7928	9.023
4939096	8.018
36771	6.967
56764	6.967
9817	7.110
36978	6.967
34191	6.967
84348	7.463
45678	8.164
7929	9.914
82738	7.451
37994	6.697
106356	5.823
36979	7.451
10085	7.154
39407	10.108
11369	5.682
56762	6.973
37745	6.973
36981	7.451
56758	6.967
4744	6.031
36980	7.451
11359	6.634
6057	6.997
56775	6.477
6640	6.910
37004	7.457
4956170	6.618
34853	6.973
56783	7.451
4941232	7.241
82736	6.961
47915	7.457
4060	7.296
16139	7.624
2635909	6.561
15822	6.969
13338	8.372
12543	7.349
36983	7.457
96868	6.306
96864	6.306
56759	6.961
6058	7.984
36982	7.457
33983	6.961
36984	6.961
82831	7.727
45447	7.463
33407	7.940
2271976	7.924
4575338	7.713
24388	9.063
3171	14.479
12367	9.563
15637	7.940
82821	7.940
34860	7.457
11936	6.744
72522	9.523
82786	6.988
6542	7.471
97224	6.306
97234	6.306
5148	6.070
34854	6.967
3534	7.770
46137	7.451
12536	11.106
77887	7.764
6559	9.067
33984	6.967
26325084	43.571
11897	10.414
9242615	7.574
97233	6.306
26325083	39.347
46525	7.954
7988	7.440
46136	6.967
33142	8.048
33141	7.694
34418	6.960
5739	6.220
97142	6.306
2928	7.343
8817	6.226
36986	7.451
82834	7.804
47916	7.451
8078	9.378
4617	8.017
550258	7.451
35205	7.940
36985	7.946
46739	7.141
3326	7.821
35566	7.457
55075	5.875
2908	6.708
4913	7.373
4777	6.686
2181	9.509
6528	9.135
5557	7.673
97257	6.312
6639	7.392
33986	7.457
45448	7.940
33316	6.961
36988	7.940
105648	8.433
82679	7.457
35912	7.940
102923	6.312
8004	7.319
11898	10.023
36987	7.940
20390	6.118
3972	7.434
5590	8.994
11899	10.914
154958	7.107
3513	6.396
7970	7.451
154062	6.306
4629	10.920
36990	7.946
85876	7.812
26916	8.379
77764	8.077
33985	7.451
35108	7.451
82751	8.430
5660	7.945
36989	8.430
6519	9.248
11917	8.643
2925	6.340
16576	10.684
4447447	8.102
2284017	8.152
5554	8.093
39394	7.366
509179	7.622
77874	7.959
4444070	6.078
4228778	7.361
82822	7.940
43456	9.313
24247	10.105
4445165	9.660
34192	7.940
37764	10.285
2342810	7.953
2075	7.769
12017	11.414
6367	7.524
77933	7.828
2768	9.649
11283	7.745
5791	8.870
96965	6.796
33198	6.796
91304	8.157
35206	8.430
6281	8.672
82759	8.293
66316	8.205
154959	7.597
8804	6.970
8799	6.976
82870	8.943
5376	6.244
5553	8.184
15484	8.919
135795	8.711
49560	10.225
2246	6.970
12072	11.914
21106505	10.999
36968	9.146
2625	8.331
33255	8.711
4444102	5.977
5198	6.843
82852	9.368
2699	8.314
5773	9.604
4444107	7.476
11900	12.414
26325089	11.483
77730	9.172
39145	9.451
8103122	7.140
11901	12.914
6366	9.185
5932	9.774
15827	7.286
136695	9.610
29089	11.979
5678	7.631
5768	7.049
8763	7.720
11146	13.414
5113	9.750
17499	11.753
24722	8.781
94701	9.451
11902	13.914
6013	8.455
31006	8.589
34697	10.687
18949	11.355
10162	9.650
48085	11.259
49179	11.589
10542	15.914
104816	14.6
75995	10.935
15520	12.008
1043	8.295
65272	13.817
11906	17.914
4067	10.431
75662	12.412
29400	12.412
4444362	13.008
6045	20.839