Compound Id	AutocorrelationMass [ATSm2]
937	0.0
127983	1.553
217	0.0
692	1.332
763	1.774
748	1.166
23208	3.549
291	0.0
11148	1.582
391	0.0
274	2.664
923	2.913
6105	3.164
21106179	4.745
6086	1.0
864	1.332
8960	1.360
22814	0.0
6153	6.327
518	0.0
278	2.664
1087	7.113
16641	4.996
6085	1.0
6089	1.166
4514529	0.0
22408	0.0
9642	2.0
13571291	3.166
693	2.498
6087	2.952
11153	4.534
6084	1.0
6102	2.166
7568	5.118
172	2.332
6132	6.115
9243	2.582
2275	5.996
12066	6.328
10205670	5.246
10441	3.664
4937830	3.332
6111	3.0
6135	4.273
6083	6.653
6128	4.164
6123	3.166
9484	5.745
6095	2.0
7956	2.664
682	2.332
1019	5.692
9990	3.0
4514586	0.0
12577	7.327
9286	7.327
11727	3.664
16425	25.338
7577	3.996
171	3.664
1143	3.664
6098	3.952
9256	8.909
9994	4.664
7954	2.0
6101	2.166
654	2.332
6108	5.340
6104	5.903
8900	6.025
6191	10.491
21106169	7.077
21112738	4.952
7559	3.332
4481813	3.720
28994	3.664
173	3.498
6088	10.566
13835235	3.664
6130	7.485
6097	3.952
6314	4.332
11228	4.664
13836713	4.670
6151	9.067
6094	2.0
70850	4.332
11811	4.332
6145	4.166
6310	4.166
773	5.665
7738	5.664
5978	12.452
12197	3.0
7566	3.166
6093	9.604
512	3.332
13872989	3.332
175	3.332
2018165	7.115
6148	7.115
12640	6.665
8902	6.692
13835336	3.498
6103	3.670
1039	5.340
7030	7.660
6333	4.664
71390	11.186
6338	5.273
6092	7.653
2005981	5.002
21106015	5.284
19475	6.246
23730	6.246
7736	5.332
12442	9.234
16841	10.279
7557	3.0
7558	3.0
10772140	6.616
11154	13.518
13835977	3.166
1004	3.332
3644	3.332
13835550	3.332
13835316	6.903
553742	6.903
558928	6.903
1577	7.191
7790	7.993
2916	13.305
8899	8.672
6190	11.861
7734	4.996
1005	4.664
6335	4.996
5894	5.246
13836674	4.952
659	8.896
29008	5.332
11749	5.664
11910	5.332
7012	5.332
11065	5.332
6164	5.332
11239	5.332
5977	8.855
7330	5.0
62827	9.909
7546	5.664
7737	5.664
11756	6.992
4514549	0.0
3102535	7.886
363458	7.997
7556	3.0
56442	3.0
4449912	3.0
7957	3.0
7564	3.166
1114	3.499
7777	5.332
7606	5.166
8904	6.665
8903	6.665
6149	10.437
6125	6.903
29040	13.980
454215	13.980
7029	6.996
7739	8.340
9391	8.077
7733	4.664
394562	4.332
6322	4.332
60524	4.720
6330	4.498
6334	4.664
5993	4.831
6100	11.566
13837190	5.328
13835224	4.664
7728	4.996
13839553	4.664
558020	8.247
62808	8.247
124968	8.247
14829	8.485
21111820	9.340
10437	4.952
6121	4.952
558875	14.305
8544	5.0
7553	8.653
11526	6.660
592	5.996
10771217	9.568
10498	6.118
6119	12.556
81815	10.298
14694	10.067
30713	10.067
7555	3.0
6120	3.0
24043	7.246
19476	7.246
6177	6.664
8012	6.664
12957	7.246
13875283	8.582
1020	6.332
10340	6.664
12225	6.665
1348	6.831
844	7.328
29015	7.328
10018	7.328
7717	4.166
6311	4.166
7732	4.664
6321	4.332
13871721	4.332
62597	4.332
6313	4.332
256	4.332
9016	11.649
9254	11.649
14441700	8.115
61213	8.115
7727	4.830
13836021	4.664
8733	4.498
13863629	7.996
9363	7.914
61111	7.914
7560	4.670
11729	6.340
10606755	12.823
38403	13.155
7636	8.660
374462	6.332
3951	5.664
7616	5.996
552744	5.664
8896	5.0
7615	6.273
387	6.273
5439	6.162
13837650	6.903
13853215	13.231
9392	13.231
7552	8.653
6118	8.653
733	5.996
454209	6.164
66565	9.496
7817	6.664
7081	6.332
11809	6.284
13837280	9.855
236	6.0
11731	12.467
8141	6.332
29036	16.257
13837537	6.997
2340753	13.768
10325184	13.768
107412	11.279
11099	4.0
6309	4.0
558883	4.0
56020	4.0
11806	4.0
1095	8.340
8351654	11.630
3168	4.664
10709	4.664
6312	4.332
258	4.332
6320	4.332
6146	4.332
415	4.332
4444456	7.903
12229	7.886
9614	7.582
5730	11.807
7551	14.305
2282428	15.350
9251	15.350
3441	15.350
9461	9.410
8329688	11.816
61346	12.861
9095782	9.327
21171407	12.566
7782	5.996
11755	5.996
10653	5.996
8525	5.996
6341	5.664
259	5.664
23621376	6.052
7021	5.997
11244	5.997
1141	9.329
21111806	9.164
21108550	9.164
9325	9.164
7961	11.187
10251740	9.328
66021	9.616
10437074	9.616
66996	9.616
6042	9.855
6326	9.855
10325078	16.932
11117	6.0
2062437	13.398
13867413	7.162
10675065	10.909
7630	7.328
7026	6.332
8554	6.664
7028	6.664
13835459	6.665
29004	10.993
13634	8.332
6106	21.132
10765	4.0
7713	4.0
4483639	4.0
4483638	4.0
10113	4.0
7469	7.664
7472	7.996
6649	7.664
21943	8.246
84036	8.246
68152	8.246
25889	8.246
7018	7.616
7716	4.166
23255	4.166
11230	4.499
7730	4.332
13838404	19.958
971	7.332
10008	7.499
7688	7.665
1664	7.499
71089	7.665
8543	7.903
6316	7.903
62826	14.980
10197150	8.328
10488	7.996
21168808	9.340
13647	10.273
221117	8.0
7220	8.0
10364	8.0
7672	12.653
59674	5.332
11752	5.664
13816	5.664
29107	5.831
61707	5.498
10464	5.498
65936	8.831
2038738	8.831
31029	12.566
6122	12.566
13836589	6.328
13836591	5.996
10948	5.664
13835209	5.664
13861343	13.128
4489	8.664
11351244	8.0
577	9.163
9360	8.914
9350	8.914
9326	8.914
9253	13.019
83734	13.019
71312	19.051
2293678	19.051
23055	9.485
10054	5.952
7714	5.952
6315	5.952
13299573	16.562
7689	9.284
11784	9.284
11785	9.284
9411	10.742
3631	14.525
7788	6.0
21105795	9.664
7791	6.332
13866746	13.909
70714	13.317
70715	13.317
7514	7.332
11036	7.332
472932	11.243
105291	11.464
5976	10.661
6188	14.601
99596	11.067
7712	4.0
6308	4.0
9646	4.0
2056044	15.654
61149	15.654
5889	7.166
21106520	7.332
13874733	7.332
13839199	7.332
1078	8.328
13836549	15.491
1015	11.329
7770	5.166
11525	5.332
12626	5.332
7772	5.332
10777	5.332
7016	5.332
7607	5.332
73583	12.649
7241	8.499
7225	8.499
78	8.499
60329	5.830
1609	5.830
13854944	5.831
13835861	5.498
24099	5.498
12816	8.664
9943	8.664
10772050	12.519
13837760	8.664
4878	8.664
17443	9.329
120489	9.329
9349	8.748
11600	8.996
764	8.664
21106535	9.236
7721	5.670
9233	7.340
18607	7.340
13837281	12.807
66567	13.823
7676	8.952
156255	7.332
9547	11.246
6406	6.996
13862665	6.996
29001	6.664
7024	6.0
7787	6.0
15077490	16.720
63054	13.659
11799	7.273
7466	7.329
10053	9.653
6307	9.653
7711	9.653
18971812	10.697
10781	7.0
11783	12.985
7685	12.985
13630	12.985
63889	10.838
9228	10.534
1108	7.0
10534	7.0
7679	7.332
12643	7.332
7684	8.163
12499	15.241
24590970	14.768
6950	11.052
56144	15.812
11110	5.0
12209	5.0
10124	5.0
24041	9.246
25886	9.246
19477	9.246
17784	9.246
3973	12.731
7224	8.166
11833	5.664
29000	5.332
8398	5.332
6040	5.332
14672	5.664
21011	5.332
10947	5.332
6165	5.332
13837702	5.332
235	8.332
55091	12.353
66809	8.997
62489	8.997
11080	8.498
5596	8.498
392	8.498
13257	8.886
12231	8.831
2606	12.519
8528	8.665
8878	8.0
19231	9.495
7681	8.670
11911	12.807
6342	12.807
18219	19.595
7248	9.0
11661	9.0
7710	15.305
768	12.662
11125	6.996
10492	6.996
7463	6.996
7706	6.996
11680	6.996
7701	6.664
10001	6.664
7627	6.996
10571	6.996
5708	7.246
19953955	7.052
13848341	10.993
76394	10.052
13835604	6.997
7138	10.273
7443	10.052
913	9.997
5709	9.997
7673	12.653
13875432	10.284
13875219	10.284
13837686	10.284
7013	10.855
92731	17.932
13874867	8.328
71787	8.163
7745	7.997
7678	7.332
13255	7.664
59447	7.665
48024	7.831
8868	10.664
5593	10.665
13835932	8.328
28981	8.332
4510484	8.332
7534	8.332
215929	8.332
13662	12.159
123207	14.539
7090	11.745
12201	5.0
11109	5.0
12446	5.0
7769	5.166
63631	5.499
24263	11.0
6364	11.0
7221	8.332
7240	8.332
6186	15.971
6187	15.971
7238	8.664
13835772	8.332
13839082	8.332
21105871	8.332
13860335	8.332
24533	8.665
28992	8.665
20843	8.665
21106032	8.903
6156	9.353
789	9.328
13836520	9.328
10628694	12.606
185	12.496
21106036	13.437
4444608	6.332
13837797	6.664
7794	8.332
11795	6.498
120621	6.664
20119	6.664
26765	6.664
192642	6.664
12821	9.498
12478	9.498
7389	9.664
10497	13.566
109838	7.328
16778	6.996
7705	6.996
13835293	6.664
13839441	6.664
13863618	9.664
28682	9.997
238	9.664
123	9.664
63908	10.550
9581	10.246
13875196	10.246
2018460	20.051
10512	6.952
55090	6.952
456015	12.004
13869451	10.118
13854248	10.118
13869339	10.118
1151	13.994
9574	11.246
11086	7.0
11857	7.0
7677	7.166
11788	7.499
62589	7.332
7686	7.332
776	10.332
7478	8.660
15802	8.0
17976	8.0
9579	11.246
10664	11.605
955	11.605
13837787	11.605
1266393	8.168
13875441	13.985
13842573	13.985
6974	13.985
10437239	12.464
7767	5.0
7604	5.0
7010	5.0
6163	5.0
6340	5.0
7234	8.332
13854136	8.166
13835151	8.166
13860692	8.166
21105905	8.332
21106560	8.332
7242	8.332
11077	8.332
11042	8.332
10940	8.332
10937	8.332
13842613	8.332
21132380	8.332
7223	8.166
11582	12.439
6774	12.660
9218	12.246
7236	8.720
7480	8.664
499714	8.498
13857694	11.903
13866817	11.903
13837988	11.903
12228	8.338
83866	8.664
83850	8.664
6621	11.996
7671	9.996
7074	9.996
62467	12.450
30516	10.246
10487	8.952
11846	6.166
7098	13.077
61191	13.077
73412	12.604
6176	6.332
10791	6.332
10788	6.332
7621	6.332
11025	6.332
11095	6.332
5949	6.332
63156	6.332
10101	17.737
68156	6.498
9377	6.582
5026296	12.332
13648	9.664
2241	9.498
13644	9.664
13856009	9.664
11087	16.566
8657	9.996
8665	9.996
9564	9.664
447	9.996
2039535	10.329
10384035	10.329
4962	9.664
10437135	10.329
7776	6.670
7180	10.0
7182	10.0
10669	10.0
8531	10.0
8335	10.0
10253	10.0
10979	10.0
7181	10.0
13875160	9.952
13875281	9.952
13875230	9.952
13840690	9.952
4449	8.332
744	13.828
68832	7.664
7674	7.0
8908	7.0
191367	8.273
11695	8.329
7766	10.653
61487	10.653
331	10.996
7142	10.996
132	10.996
7145	11.439
13846959	11.439
13853943	11.439
222538	11.661
65523	11.661
2849146	11.661
10437210	11.218
21108548	18.148
21106019	11.284
21106014	11.284
16159	11.855
7786	14.467
7219	8.0
7521	8.0
7641	8.0
6967	8.0
9874	11.664
13054	12.246
15443	8.332
10939	8.332
6179	15.759
21106470	11.665
8855	11.665
11861	9.332
11845	6.0
13839308	9.166
10536	11.340
7823	6.664
7812	6.332
11793	6.332
7622	6.332
7459	6.332
11024	6.332
11794	6.332
11678	6.332
10787	6.332
7626	6.664
11996	6.664
55188	6.664
11732	6.332
10790	6.332
11056	6.332
11180	6.332
13866593	6.332
7703	6.665
21106020	13.225
13853953	13.225
21106013	13.225
256210	12.886
7518	15.604
13876539	9.332
7132	9.332
21106524	9.332
21168826	9.332
13865424	9.332
71433	10.353
455090	10.163
503239	10.163
13860775	9.830
13869480	9.830
13869414	9.830
11849	6.664
11083	13.236
6988	13.236
8140	13.236
65	13.236
10857	13.236
6633	13.236
21111822	9.670
7239	11.340
6550	12.997
26325086	10.993
71430	10.993
21106173	10.993
7765	16.305
13859497	13.660
6775	10.332
11672	10.332
11773	10.332
12012	7.996
7761	7.996
8552	7.664
62249	7.996
7515	7.996
7475	7.996
29012	7.996
11706	7.996
7064	7.664
11992	7.996
10446	7.996
7065	7.996
11207996	7.664
7747	7.996
11193	7.664
19956441	8.052
11107	7.831
11694	7.997
11930	8.329
9903	10.0
4963	10.830
953	10.830
21106146	11.273
21106144	11.273
13863774	11.273
73479	11.052
58563	10.830
299166	11.218
13875320	13.653
13875258	13.653
13875392	13.653
21112023	10.914
13851576	13.653
11769	17.898
10432	17.898
10328	17.898
63310	11.661
59573	13.571
7161	11.332
6720	11.332
13850142	11.332
390927	11.332
206493	14.578
11667	11.616
21106018	11.284
12823	11.284
55205	7.664
69982	13.546
10710415	9.660
13865426	9.328
6780	11.332
8098	11.332
6658	19.896
9970	8.332
7528	8.665
7530	8.997
11489	11.665
526	12.605
6339	27.611
7984	9.328
21111817	14.985
63906	14.985
3350	12.328
1446	12.328
18	12.328
71	12.328
7146	12.328
11121	6.0
555074	6.0
7811	6.166
8562	6.332
7624	6.332
8158	6.499
6079	12.616
434	12.616
8071	12.616
21105959	9.664
13865438	9.664
21106135	9.664
7391	9.664
28982	9.332
13839110	9.332
13839151	9.332
13865680	9.332
11604	9.332
13839128	9.332
13839174	9.332
13839105	9.332
13839123	9.332
11021	9.332
20570	9.831
7131	9.332
5830	9.332
24972	9.665
10992	9.332
553171	10.993
13860817	13.070
11778	13.070
13860720	13.070
136966	13.236
13848793	12.996
30572	10.495
7866	10.664
19957731	11.052
10257	14.546
7211	14.546
7172	14.546
13875356	19.305
13875212	19.305
13868640	19.305
10864	16.926
21181	7.664
12445	7.664
122446	7.664
62534	10.664
62408	10.664
11830	14.566
13835836	8.328
13835376	8.328
127750	8.328
13836399	7.996
13884973	7.664
13839416	7.664
21109330	7.664
18707	16.937
6883	10.996
7189	10.664
28969	10.996
61765	10.664
21111781	10.996
5915	10.831
68568	10.664
64699	14.852
7140	10.664
8070	10.664
7190	10.664
10181341	10.664
221226	11.550
10526	7.952
120464	7.952
7150	14.993
12259	11.0
13860	14.896
11563	20.230
7003	8.996
7662	14.855
13862559	14.855
13864445	14.855
13865630	12.993
553642	8.0
8876	11.0
906	11.0
13638	8.332
6480	11.332
11866	7.166
13839109	9.660
11591	11.996
9454	12.246
21106148	12.937
6781	12.937
206561	12.882
13803	15.679
8560	6.0
11094	6.0
11023	6.0
11055	6.0
10786	6.0
7619	6.0
10755	6.0
11551	6.0
221082	9.0
7129	9.0
8950	9.0
15965	12.996
13868660	19.518
7092	18.896
924	9.499
13860641	9.166
21106525	9.166
10991	9.166
13869434	9.166
6630	9.166
13840647	9.166
13860491	9.166
13869462	9.166
63903	9.332
62530	9.332
13856352	9.166
551	15.664
14627	12.886
191	10.328
558917	10.332
6301	10.332
10616	13.937
5882	13.937
8183	13.937
6646	10.660
84971	10.660
388391	10.660
10980	16.317
10972	16.317
6674	16.317
361	13.660
13063	13.0
10797	7.332
28986	7.332
7760	7.332
7838	7.332
230	14.325
13842001	7.831
18801	7.498
21108576	10.498
21106518	10.498
62466	10.498
62485	10.498
11460	10.664
10254	10.498
21169510	14.851
880	10.664
7397	10.498
8674	11.328
62517	10.996
11651	10.996
10437215	11.329
60121	10.996
21105859	10.996
13848467	10.996
120548	11.384
2923	14.070
28947	14.938
21105878	11.328
11625	17.317
7815	7.670
7827	9.340
11761	9.340
14998	12.462
21168831	10.952
15482	10.332
10975	15.878
10870	15.878
10837	15.878
9120	15.878
1448	15.878
22191	8.664
15438	8.0
14751	8.0
8909	8.0
10265264	8.0
10179173	8.0
21800	8.0
15765	8.0
11699	9.329
7810	11.653
12069	9.273
13839575	9.993
1253	11.996
7176	12.328
10181338	12.328
21105848	12.328
10892	12.328
124	11.996
87265	18.898
13848808	12.328
13860434	12.328
11629	12.328
73390	12.661
10437335	12.661
38364	18.556
27488	18.556
14227	12.284
13835126	12.284
17347	18.452
7385	9.0
7128	9.0
11660	9.0
11409	9.0
7659	9.0
6977	9.0
10236	9.0
11366	16.187
21106172	16.187
7001	16.187
13029	16.187
13030	16.187
11422351	20.896
6665	17.351
8341	12.332
6739	12.332
7208	13.328
992	13.328
8182	13.328
11038	23.219
16791	7.0
11864	7.0
12161	17.788
12061	10.166
7837	7.332
18717	7.332
15954	7.332
11029	7.332
10511	7.332
11819	7.332
99440	7.332
11543	7.332
11739	7.332
11194	7.332
11216	7.332
11210	7.332
7202	14.225
21168813	10.332
6881	10.332
8186	10.332
21105870	10.332
21106366	10.332
15517	14.163
25890	12.246
13811	12.329
7809	17.305
7042	15.269
6706	17.649
68179	8.664
5979	18.710
55123	8.996
7803	8.664
18688	8.996
7482	8.996
10420	8.996
11843	8.996
7536	8.996
55130	8.996
10433	8.996
7657	8.996
22453	8.996
11045	8.996
29016	8.996
14169248	9.080
11632	9.246
11265	9.246
65763	15.557
392447	11.664
8097	11.0
11585	12.162
78467	11.830
1906	11.997
11488212	11.830
14556	12.329
7383	14.653
6642	12.0
589165	12.168
11961	16.021
21111772	16.021
11954	16.021
21106586	10.328
6790	12.166
8319	12.166
21106581	13.605
21106145	13.605
6023	15.985
11588	20.230
6675	20.230
8883	12.0
68503	16.679
10614293	7.0
7833	7.0
4516601	7.0
4516599	7.0
4512361	7.0
4512642	7.0
7835	7.166
15093	13.616
11286	17.270
5142	20.062
96749	12.993
61538	10.332
10246	10.332
12244	10.332
10248	10.332
9911	10.332
16119	10.332
13871718	10.332
25552	10.665
13658	10.665
12060	10.332
11647	10.996
61739	13.664
8282	13.664
6492	13.664
21106571	17.807
21106163	17.807
21106540	17.807
6737	13.952
6789	13.952
61001	15.077
4446445	8.332
71628	8.665
59577	8.831
11875	8.664
12010	15.566
455353	8.996
205483	11.831
7278	11.996
11576	11.664
6897	11.996
6035	11.664
13835344	11.996
10181339	11.664
11589	11.664
30595	11.996
7175	11.996
7157	11.996
8807	14.0
11865	8.952
20124	17.985
17619	15.583
2068	16.326
5236	16.326
4103087	17.045
6736	12.0
6788	12.0
83962	15.996
7044	16.889
16359	16.889
10986	12.996
191058	12.996
13835630	10.495
2937774	13.882
11708	27.132
86394	13.661
10411	13.616
349	7.0
11035	7.0
11104	7.0
10795	7.0
305	14.325
10445	7.0
71193	20.062
67270	19.896
6033	19.896
21159695	10.166
13853758	10.166
18724	10.332
15427	10.166
10996	16.115
6296	10.332
11776	25.958
17868	13.665
13867714	13.665
21105699	13.665
376	11.328
11586	15.269
62472	15.269
11584	17.649
29026	8.166
57726	13.332
7802	8.332
441	8.332
9633	8.582
11465	11.664
10243171	11.664
11332993	11.664
11610	11.664
11422	11.831
194092	11.498
7199	11.831
26516	18.566
27296	11.996
72556	11.996
19709	11.996
391428	11.0
14198	11.0
6402	11.0
14680	8.670
6478	14.0
8262	15.052
8273	15.052
7888	12.664
6735	17.653
6588	15.273
7420	11.952
10343	16.878
19766	19.139
13047	19.139
11294	15.284
75951	9.664
72793	9.664
7076	9.996
10422	10.329
11863	12.653
13846749	13.328
21108577	13.660
7406	13.328
21106008	13.660
65701	19.898
21105897	13.328
11596	13.328
21106900	13.328
9965	12.996
10410	10.0
7419	10.0
8356	10.0
6999	10.0
7088	10.0
7448	10.0
7183	10.0
7155	18.210
11871	16.467
13835351	14.329
6773	14.329
6852	13.664
2157	14.660
6604	17.236
17880	8.0
99681	14.996
67460	11.166
18920	8.332
11841	8.664
8569	8.664
455420	8.664
7533	8.332
7434	8.332
932	8.332
123993	8.332
62230	8.332
9893	11.332
10586285	18.576
6688	20.151
109705	23.236
7151	24.911
9724	11.0
10265270	11.0
10179239	11.0
6586	14.664
13872122	15.653
11862	18.305
440	12.993
7694	9.996
11716	9.996
29005	9.996
8568	9.996
7538	9.996
370	9.664
7073	9.996
26325090	10.052
6898	12.664
556589	12.996
13854242	13.162
7310	13.329
11595	13.163
6593	15.332
2441	12.332
56117	15.571
68676	16.9
6635	20.710
62265	17.601
20939	10.0
6828	13.0
6577	17.246
13104	17.246
21106570	20.759
18177	14.329
15755	16.903
67470	16.903
15756	16.903
15524	16.903
14995	16.903
14994	16.903
15475	16.903
15478	16.903
15476	16.903
15477	16.903
62484	21.562
29025	8.0
7851	8.166
7856	8.332
454638	17.0
1406720	17.0
21105998	11.332
61411	11.332
69177	11.332
10244	11.332
15855	11.332
24535	11.665
14678	11.332
13846663	11.332
69340	11.332
63863	21.813
63968	14.886
70660	12.993
62628	9.664
123860	10.328
4611	12.664
13885245	12.996
6745	12.664
13876103	12.996
7279	13.163
6592	15.0
3756	13.664
13850082	13.996
1266019	13.996
7850	9.952
541032	28.622
58234	12.332
218253	15.952
8912	14.657
2424	17.492
66656	17.922
71437	18.653
10831	13.0
10829	13.0
10851	13.0
10813	13.0
13677	13.0
10849	13.0
10850	13.0
10909	13.0
10918	13.0
10841	13.0
10908	13.0
642951	18.221
917	13.831
9824	16.332
1278	16.665
10437836	15.464
2206	14.661
7849	8.0
17558	8.0
13439	8.0
13402	8.0
76154	21.228
2915	18.340
6794	11.499
21106519	11.166
65750	11.332
12637	12.329
20198	15.328
7302	14.664
10903	14.332
13839012	14.332
6855	14.332
7315	18.660
13846658	14.332
26325182	24.979
10025	12.328
967	22.091
28993	9.0
15846	9.166
29029	9.332
7670	9.332
9976	9.332
12632	9.332
6287	20.737
23886	18.903
33421	18.903
67465	12.664
15753	12.664
79280	12.996
28973	12.996
7852	9.670
72551	10.664
24641	10.664
18410	10.0
8910	10.0
4366810	11.329
7848	13.653
14256731	13.996
6907	14.328
8860	16.332
62310	14.328
70988	14.328
86435	14.328
6840	16.664
10801842	11.501
11974	32.611
15461	11.0
10404	11.0
89258	19.210
192748	19.543
6835	14.166
11003	14.332
10756	11.332
2656	12.664
13837329	15.993
502855	15.993
34863	21.855
6753	17.996
14692	9.0
12456	9.0
10438331	21.704
8574	9.332
18336	21.784
59482	12.332
8935	12.664
60886	23.654
66675	19.498
15488	15.952
15489	15.952
558878	10.332
553578	10.332
55084	10.996
7509	10.996
7800	10.996
12954	11.246
13229	11.246
158870	19.855
157093	19.855
83374	19.855
457144	19.855
135925	19.855
457145	19.855
84188	19.855
136000	19.855
135983	19.855
136001	19.855
136002	19.855
136003	19.855
84235	19.855
457140	19.855
12674	13.0
64155	14.495
970	16.0
4590	14.329
8111	16.0
12013	14.664
12044	14.0
12045	14.0
12047	14.0
7299	14.0
21106140	14.328
25677	24.807
67991	29.388
15803	11.332
502245	15.661
10227261	16.328
44152	15.661
12809	9.0
15387	9.166
8470	16.115
5027	16.614
21106365	19.672
21106091	12.332
16804	12.332
55443	12.332
67653	12.903
2185	15.692
2991	15.332
137720	19.328
11919	13.353
26010	18.903
30600	18.903
33455	18.903
33934	18.903
33932	18.903
6600	15.498
2121	16.357
13849989	10.332
13849981	10.332
7506	10.332
18685	10.664
3741	22.261
8374	13.996
247721	13.996
15409	13.996
79969	13.664
13871489	15.657
23150	20.260
6807	17.284
15620	14.0
15621	14.0
26260	14.0
68437	14.0
15619	14.0
15861	14.0
12682	14.0
42330	15.661
15413	18.679
34866	21.855
34665	21.855
34664	21.855
37904	21.855
34864	21.855
34188	21.855
34865	21.855
14840	9.0
13448	9.0
14866	12.0
20132	19.246
10400	15.332
13835294	18.664
67360	10.166
12218	10.332
55075	35.275
9873	20.672
14349	10.670
6842	22.679
6066	17.163
512621	18.312
13090	20.896
15702	18.908
11369	39.030
12219	14.653
56793	24.807
454495	24.807
40191	24.807
56791	24.807
35581	24.807
15495	15.328
466305	15.328
65785	15.328
6916	15.328
70652	15.328
12133	16.326
17131	21.679
13487	12.0
7170	12.0
553649	15.0
8816	21.0
15473	18.903
17099	18.903
17098	18.903
33933	18.903
15474	18.903
82755	22.807
82712	22.807
157094	22.807
103011	22.807
102798	22.807
82762	22.807
27793	22.807
82754	22.807
457138	22.807
102897	22.807
457139	22.807
102947	22.807
97173	22.807
102720	22.807
102801	22.807
102833	22.807
102721	22.807
102856	22.807
102933	22.807
103066	22.807
97172	22.807
106355	22.807
15486	10.332
12220	10.664
7882	10.332
63518	13.332
707	23.710
8067	23.710
6827	13.0
5807	21.156
8800	19.0
29153	19.0
70682	20.305
11439687	18.049
56774	27.759
82765	27.759
7511	11.996
7872	11.996
14846	11.996
2863	11.664
7600	11.664
12699	17.0
8058	18.328
3918	20.495
24326358	25.172
3008	19.066
13835706	16.989
66655	21.260
34868	21.855
37905	21.855
34869	21.855
37918	21.855
37915	21.855
34867	21.855
25605	21.855
26011	21.855
34870	21.855
34666	21.855
21924	21.855
29117	24.452
8241	19.993
69371	26.516
70806	18.332
1710	22.329
12635	10.0
8576	10.166
25472	17.115
2169	17.614
453675	13.332
40130	17.165
2297441	20.555
34095	11.664
8329	17.664
60858	18.218
6610	17.997
34874	24.807
36972	24.807
56788	24.807
533188	24.807
35579	24.807
16182	24.807
46262	24.807
35580	24.807
82818	24.807
56790	24.807
56795	24.807
33458	24.807
82777	24.807
35584	24.807
56785	24.807
56792	24.807
34189	24.807
2283071	15.0
4932499	15.0
6453	21.616
13249	16.664
4450907	26.827
7964	28.905
13619	10.0
13303	19.001
13302	19.001
5004	14.328
15853	11.166
12972	11.332
7871	11.332
36973	27.759
37744	27.759
46894	27.759
45444	27.759
56769	27.759
56780	27.759
34847	27.759
39406	27.759
35081	27.759
56781	27.759
56771	27.759
56232	12.052
27749	18.779
8030	17.664
8093	17.664
13856959	17.996
8577	11.670
71876	12.996
34667	21.855
34871	21.855
34873	21.855
56784	21.855
34872	21.855
14620	17.326
102741	25.759
97055	25.759
97198	25.759
102834	25.759
102722	25.759
154865	25.759
96948	25.759
102743	25.759
102857	25.759
154866	25.759
106356	25.759
102787	25.759
97240	25.759
102742	25.759
68328	22.260
4268	19.827
4599	19.661
33416	18.321
13492	13.0
13837303	17.993
34859	30.710
84346	30.710
56760	30.710
56755	30.710
33666	30.710
6838	19.997
6270	21.788
7892	11.332
66887	14.332
89076	17.997
5026	27.893
36975	27.759
56778	27.759
56787	24.807
35583	24.807
82807	24.807
56794	24.807
33386	24.807
33457	24.807
47912	24.807
82817	24.807
46893	24.807
33280	24.807
35582	24.807
33304	24.807
46263	24.807
67594	23.172
3513	38.242
220998	13.246
17339596	26.844
8060	19.328
5233	23.159
14916	20.771
7891	11.0
10452	32.720
61266	28.818
20848	18.614
4768	18.614
43354	27.759
37779	27.759
45445	27.759
36974	27.759
35585	27.759
34848	27.759
84344	27.759
34850	27.759
82819	27.759
56772	27.759
82820	27.759
16415	27.759
56779	27.759
56768	27.759
56777	27.759
84345	27.759
34668	27.759
28552	19.780
3544	15.664
21361761	19.329
1262	19.328
4333	24.074
4575	17.661
2079	17.661
6193	29.905
82783	30.710
34852	30.710
37000	30.710
37019	30.710
56765	30.710
39198	30.710
82740	30.710
56761	30.710
56756	30.710
56766	30.710
83413	30.710
34851	30.710
36976	30.710
56767	30.710
56763	30.710
7890	11.0
12705	20.001
26325183	29.333
16387	25.008
6514	20.664
2457	20.997
15789876	20.660
3841535	22.491
16177	12.166
33281	24.807
56786	24.807
56789	24.807
33456	24.807
46264	24.807
13300034	24.807
21153	12.332
10106	23.737
1361549	15.332
32555	23.378
97257	28.710
97224	28.710
102923	28.710
96868	28.710
96864	28.710
97234	28.710
97233	28.710
154062	28.710
97142	28.710
5739	21.0
8817	21.0
56782	33.662
36977	33.662
83414	33.662
84348	33.662
82823	33.662
33617	18.326
4759	18.326
30881	18.326
3277	20.246
11632871	19.321
15747	14.0
4444100	23.993
10033	18.664
33282	27.759
46285	27.759
46284	27.759
82806	27.759
56776	27.759
47913	27.759
32952	27.759
45446	27.759
43353	27.759
56773	27.759
7901	12.332
66895	15.332
199342	15.332
6371	18.664
86007	20.657
12549	29.172
7757	13.996
7875	13.996
59483	30.392
34853	30.710
37745	30.710
36978	30.710
34190	30.710
34191	30.710
36771	30.710
36710	30.710
56757	30.710
549017	30.710
84347	30.710
56764	30.710
56758	30.710
47914	30.710
56762	30.710
33984	30.710
33983	30.710
91432	24.325
2700	28.222
16180	12.0
12933	21.846
7340	12.499
4445317	14.332
204209	18.831
4444102	25.325
72056	13.664
4437893	19.996
34860	33.662
82738	33.662
36982	33.662
36979	33.662
47915	33.662
56783	33.662
36981	33.662
37004	33.662
36980	33.662
5139	30.585
56775	27.759
56770	27.759
11882	12.0
96965	31.662
33198	31.662
12874	21.001
4760	21.001
11434292	25.262
8804	24.0
2246	24.0
8799	24.0
8788	24.0
26286843	23.491
11884	13.166
33407	36.614
36985	36.614
35205	36.614
15637	36.614
82821	36.614
13328	35.326
2654	22.168
3463	32.662
16388	24.676
9797	24.325
34854	30.710
46136	30.710
82736	30.710
56759	30.710
36984	30.710
4745	18.661
3693	20.996
64016	20.996
559096	20.997
4624	22.660
7915	13.332
10292746	35.375
21782117	35.375
33986	33.662
36983	33.662
36986	33.662
45447	33.662
35566	33.662
47916	33.662
46137	33.662
550258	33.662
33985	33.662
10801109	23.012
2003	32.710
4744	18.329
2925	24.9
75956	23.321
62060	26.099
13622	13.0
2975965	25.236
36990	36.614
35912	36.614
45448	36.614
36987	36.614
36988	36.614
26563	21.985
12071	20.664
11671339	35.720
69914	35.720
2927	26.807
69569	40.294
33316	30.710
3548	18.163
12586	20.172
15827	34.614
4575338	26.827
10169	21.0
2908	25.115
62964	19.605
82751	39.566
36989	39.566
11883	13.0
13850879	21.321
16736498	41.044
23977588	41.044
29282	22.001
18941	22.001
8763	27.0
65234	26.657
23101	31.166
26325085	20.317
26325087	20.317
26325088	20.317
35108	33.662
78998	15.166
6057	26.807
3322	34.509
9187483	26.653
16736486	35.614
21429023	35.614
34192	36.614
82822	36.614
5198	26.447
11283	25.737
9053802	14.332
7917	14.332
10035	21.664
12730	23.666
36029	25.139
4777	21.329
3210	15.332
7913	15.996
5660	23.664
35206	39.566
8101973	26.325
4471584	37.897
24142	14.0
5376	24.990
122090	32.166
5678	26.0
6528	25.993
5554	23.664
15484	42.517
4447447	28.159
2928	29.759
9219586	25.664
10652594	42.841
5768	28.649
2271976	27.491
106796	33.948
62632	16.166
4911	33.449
14688	16.052
4444107	35.557
8243	23.993
5553	24.996
14299946	44.403
4380	27.908
13837319	21.993
6524	21.993
11891	15.332
3534	24.827
78828	33.166
5557	26.491
4444553	38.897
10696	43.626
10540	15.0
509179	26.985
5791	24.664
76894	37.396
2075	23.499
2625	29.288
5113	32.993
2581	16.332
66896	19.332
8103122	27.657
960	17.664
5145918	31.273
13849665	22.989
2041618	39.735
8124942	28.325
9088156	34.333
4228778	25.985
6013	31.665
2699	26.949
3584	31.111
5162	34.723
31006	32.997
26325089	35.288
133166	27.328
14348	17.332
67414	38.720
1043	32.488
10784857	51.409
26824	42.073
8520	42.073
83191	28.328
5932	27.996
6002	27.996
11917	28.0
5633	30.660
24722	31.985
56559	18.332
7928	18.332
3216	32.228
3652	32.764
5091	19.664
20545	19.664
10756390	47.626
197564	29.328
5550	29.328
15016	18.166
193441	30.660
5552	30.660
68224	47.626
3438	31.696
5551	30.660
5774	29.328
10162	38.649
72522	19.332
11557190	44.073
5541	33.242
4343	32.598
7929	19.0
10451	54.533
92494	30.328
11898	20.332
2760	34.325
11897	20.0
5542	34.325
92468	31.328
11899	21.0
19232037	35.325
18019	52.980
8521	52.980
4444479	37.657
48085	33.325
4067	37.322
9786472	36.325
12017	22.0
75995	39.313
54833	36.907
10733068	59.533
14021447	54.980
49179	34.325
108106	51.626
15520	40.825
12072	23.0
5775	31.332
10449	65.439
19232038	37.325
21106059	36.488
196288	38.325
4470736	37.321
11900	24.0
18547147	38.325
75662	46.483
29400	47.815
11901	25.0
21105591	39.495
10481872	42.816
65272	36.664
58496	37.996
139025	40.325
11146	26.0
21587143	40.325
4444362	53.974
21105594	44.159
21106058	38.495
26325080	65.886
11902	27.0
21486195	42.318
21106077	47.447
4927801	64.533
10542	31.0
26325081	76.793
11906	35.0
26325082	87.699
6045	67.642
26325083	98.606
26325084	109.512