Compound Id	BCUT [BCUTc-1h]
937	-0.4110002478484430
127983	0.0935993385440391
217	-0.3434356734618478
692	0.1945529043609282
763	-0.1436994342206037
748	0.2765208815572238
23208	0.2100095233776442
291	-0.0779229231460158
11148	0.1117242164280797
391	-0.1959765704209007
274	0.5243732299664295
923	0.11174856230268
6105	0.2548736002126162
21106179	0.400036118718936
6086	0.1869495913923076
864	0.0588735583589452
8960	-0.1636355045413527
22814	-0.1526225918111857
6153	0.577238453285589
518	N/A
278	0.2657096591759757
1087	0.4545437023338204
16641	0.2171042451915967
6085	0.1041808174127697
6089	0.0158874451178228
4514529	-0.1924718584376509
22408	9.212828167831981
9642	0.1496743746432781
13571291	0.3124604228543745
693	0.2090165070520489
6087	0.0840805261516033
11153	0.2165385451301285
6084	0.0422421801499768
6102	0.2866422797845886
7568	0.3071930533113041
172	0.2036337146674790
6132	0.3598977010964934
9243	0.151214125360871
2275	0.3042894302225478
12066	0.1666516230882740
10205670	0.3609533119094233
10441	0.0630780263354208
4937830	0.0781915440856584
6111	0.0472225538926394
6135	0.0885653763594842
6083	0.0754082107238191
6128	0.2788166156771353
6123	0.0872707004618754
9484	0.4179859371138596
6095	0.0660276393540706
7956	0.0625384394838675
682	0.0669408640131872
1019	0.0681881600355493
9990	0.0671132513918715
4514586	-0.1630035595262699
12577	0.4369485401178516
9286	0.3210446295000846
11727	0.3317001153706289
16425	0.4548800723070460
7577	0.2479001651366976
171	0.2756484390674825
1143	0.2886807491323531
6098	0.1910774246299636
9256	0.4690603907654385
9994	0.0714525293634621
7954	0.1115070759350915
6101	0.0808182983874559
654	0.0194188629356252
6108	0.2401625799501547
6104	0.1853546520637556
8900	0.1709219881228598
6191	0.5062455981674581
21106169	0.411742479147691
21112738	0.1488954456205587
7559	0.2260880601104059
4481813	0.1143367800453194
28994	0.1864642336746423
173	0.2451720153483694
6088	0.06574763459056
13835235	0.0917550922992106
6130	0.3210241098874003
6097	0.1193556218309021
6314	0.1448729471091185
11228	0.0636511073371290
13836713	0.0598670874854635
6151	0.4804684847896944
6094	0.0481317935790686
70850	0.0201296585491108
11811	0.0200280464015068
6145	0.0933383001877950
6310	0.0629442130638194
773	0.1056790090461858
7738	0.2003345490347318
5978	0.2137895426239943
12197	0.1581736741832845
7566	0.2890827603343885
6093	0.1701591538056712
512	0.2060818405644981
13872989	0.0868285748787254
175	0.1886656303621758
2018165	0.2817950104560231
6148	0.3792970119273309
12640	0.1411581543557138
8902	0.1820458371885521
13835336	0.0560860177581445
6103	0.0422777251242895
1039	0.0397129676932467
7030	0.4058654617226838
6333	0.3019530770070253
71390	0.3053784119961071
6338	0.0967320167619794
6092	0.1068681242216905
2005981	0.1279947279751176
21106015	0.0877914615969779
19475	0.0727405000171491
23730	0.0644890895912522
7736	0.1575176160281009
12442	0.1365499830595113
16841	0.4395713170250268
7557	0.1264670888760555
7558	0.0898550660184797
10772140	0.3514823839653004
11154	0.1560183168304593
13835977	0.0439562518250885
1004	0.0694008602126202
3644	0.0748660195155763
13835550	0.0384393024375526
13835316	0.2016578568761001
553742	0.1038983515294406
558928	0.1038983515294406
1577	0.2441158865534646
7790	0.1728253919048081
2916	0.1592151588142778
8899	0.1571001483047112
6190	0.4765782279589225
7734	0.2481658088597116
1005	0.2784287796315151
6335	0.3013485778862264
5894	0.06370927000658
13836674	0.1102764900833426
659	0.1233728816575034
29008	0.0799076057892212
11749	0.0631921788514284
11910	0.1250903658416566
7012	0.1225223328063828
11065	0.1199879505381002
6164	0.0758166883716111
11239	0.0712069800999206
5977	0.2865613753281981
7330	0.0569711183201461
62827	0.3348925138104691
7546	0.0952931934751049
7737	0.1166571037781462
11756	0.2114256432405561
4514549	-0.1057527423943782
3102535	0.1295479309285820
363458	0.0820461964742560
7556	0.1130976953795095
56442	0.0432005449156860
4449912	0.0432005449156860
7957	0.0481632530155617
7564	0.0268030291047613
1114	0.0225953927896469
7777	0.0200548845730076
7606	0.0563042481697458
8904	0.1263525761572438
8903	0.1773837240324097
6149	0.4369573158054450
6125	0.2088025593209494
29040	0.4357230808724386
454215	0.410839306504693
7029	0.2994537185760149
7739	0.1519209184673989
9391	0.4143181054256967
7733	0.1990598740534914
394562	0.1422241774757991
6322	0.1532085921907281
60524	0.1220381621454086
6330	0.1967479839585003
6334	0.2472151605338274
5993	0.2686150380054497
6100	0.0830825506217441
13837190	0.14643157700690
13835224	0.0995844255605976
7728	0.0705022311919699
13839553	0.0717217211469574
558020	0.2709912469852935
62808	0.2932723976143271
124968	0.3348944024044944
14829	0.3414778871349293
21111820	0.1586674011592706
10437	0.0606593658585232
6121	0.1259638054479335
558875	0.0903804061676920
8544	0.0598900552409929
7553	0.1007891700844991
11526	0.4051798449681025
592	0.2875344951145938
10771217	0.3737648696137044
10498	0.2906663211899344
6119	0.2716580811409778
81815	0.3567699076975675
14694	0.3883578784874108
30713	0.2737645679618035
7555	0.0496121245193455
6120	0.0542927952700771
24043	0.1038637908435581
19476	0.0655789751163933
6177	0.2642975886504464
8012	0.2617150134029138
12957	0.0645661123547941
13875283	0.1522603257536954
1020	0.1288118991009465
10340	0.1432339118004968
12225	0.1887723273331966
1348	0.1589079730764854
844	0.2883542534196028
29015	0.0921870472072055
10018	0.1663662257862935
7717	0.2893009074455647
6311	0.1216369403992062
7732	0.1236172517897071
6321	0.1908648221419050
13871721	0.0870722629452634
62597	0.1141582082861338
6313	0.2085256566719313
256	0.1197161079624116
9016	0.4492975791111429
9254	0.3983183357970056
14441700	0.3700220092334537
61213	0.3040081682081245
7727	0.0635211798820208
13836021	0.0815544186917481
8733	0.0449087782339881
13863629	0.2374472829713971
9363	0.2552422119199782
61111	0.1963655250841161
7560	0.0545072150345744
11729	0.0406307957864670
10606755	0.4541679178113057
38403	0.4451999497920081
7636	0.4061354655561597
374462	0.0522755481380383
3951	0.3048218057425323
7616	0.2628095452962523
552744	0.2830130625888332
8896	0.0472637441791845
7615	0.0992497381905263
387	0.1047674011996685
5439	0.3546821465034333
13837650	0.1108704833199559
13853215	0.4518296451008734
9392	0.4655853363908855
7552	0.0584274108489276
6118	0.1134263984668453
733	0.1009825829203749
454209	0.2453386904396547
66565	0.2578163297949072
7817	0.0537421811772159
7081	0.1227910943740227
11809	0.0712139167924241
13837280	0.2234582320836607
236	0.1193895355639513
11731	0.0661770742091727
8141	0.1326974461262289
29036	0.2562859366141403
13837537	0.0815205964028213
2340753	0.3849655219269549
10325184	0.3496945836116068
107412	0.3267011722808281
11099	0.1153053368156518
6309	0.1281612414954709
558883	0.0450814325695870
56020	0.0450814325695870
11806	0.0557270734728869
1095	0.0426073149378346
8351654	0.3891048624985944
3168	0.1194597940444551
10709	0.0631320941165562
6312	0.0718539755566163
258	0.0696477391791666
6320	0.0649034422520089
6146	0.0826524182983059
415	0.0281209109491652
4444456	0.1118904063387602
12229	0.0743612256520546
9614	0.2459344726481713
5730	0.3993128942154615
7551	0.0982715523402745
2282428	0.394665487902695
9251	0.3808044678978911
3441	0.4259784355131311
9461	0.4125020484249276
8329688	0.3009070452127026
61346	0.3968798835290299
9095782	0.3304074587920075
21171407	0.0887516834467938
7782	0.2481753399113303
11755	0.2484286152240818
10653	0.2609361528174612
8525	0.3015745245843243
6341	0.2614507813246538
259	0.2786873017373298
23621376	0.1313825737890410
7021	0.2714903368937097
11244	0.2714811232440190
1141	0.290616029787479
21111806	0.2592325012612296
21108550	0.246957592605628
9325	0.2155525549206189
7961	0.289716817671894
10251740	0.2951451138863664
66021	0.301394609928612
10437074	0.2582026542107531
66996	0.2897215992330058
6042	0.3046464138304352
6326	0.1782021238208967
10325078	0.4614043342995689
11117	0.0461156580755325
2062437	0.426986136200107
13867413	0.2758903620731091
10675065	0.2934773957502282
7630	0.3080165209281917
7026	0.08025552068395
8554	0.0694296667065059
7028	0.0700278640226770
13835459	0.0371864702245947
29004	0.1813945739399525
13634	0.1881175946878302
6106	0.1150678430326692
10765	0.0670673761382779
7713	0.1132427177144438
4483639	0.0433295367006181
4483638	0.0433295367006181
10113	0.0445450187856139
7469	0.2591391314460863
7472	0.3018141535588508
6649	0.2619815146137657
21943	0.0645859058218148
84036	0.0581978199154657
68152	0.0660799887391804
25889	0.1009488373915146
7018	0.0975666499083173
7716	0.0501853958813148
23255	0.0582098945249865
11230	0.0231621981954810
7730	0.0826112404291418
13838404	0.2439778681715397
971	0.12510872407602
10008	0.1467019024126344
7688	0.140044523262945
1664	0.1131781846285435
71089	0.1886905171865273
8543	0.095668250957128
6316	0.1421264814993902
62826	0.3254367299682701
10197150	0.3027887868824366
10488	0.2991292713948525
21168808	0.1171399216270830
13647	0.16326361711933
221117	0.0591434130962009
7220	0.1413490897945915
10364	0.1742523695311973
7672	0.1119131449171991
59674	0.0674171996634850
11752	0.2474255539913435
13816	0.1991801564032060
29107	0.2492552046562175
61707	0.1995799449828887
10464	0.1970121763722353
65936	0.2922007899656808
2038738	0.3263515345430699
31029	0.0545016959911178
6122	0.0896014386133171
13836589	0.0715461163622143
13836591	0.0920612445681617
10948	0.1020318731705942
13835209	0.0697843203256955
13861343	0.422120997854539
4489	0.2590558155458769
11351244	0.1363236730735683
577	0.2739148537593554
9360	0.2571240744737040
9350	0.2468449108771479
9326	0.1828799818505169
9253	0.4094666247137023
83734	0.3799021001202165
71312	0.3771721711552245
2293678	0.4424500189520334
23055	0.3074831550020042
10054	0.1325141261060938
7714	0.0512382142044450
6315	0.0624703914704481
13299573	0.3964719828701765
7689	0.2673523064140816
11784	0.2473108538558565
11785	0.2157098931136634
9411	0.4789857275841922
3631	0.4346932578295893
7788	0.0582897233717732
21105795	0.1680174757082421
7791	0.0546519223248853
13866746	0.2536520385344631
70714	0.1578108742898712
70715	0.2725335681369820
7514	0.1324233363105334
11036	0.0548113823616959
472932	0.2747509732341874
105291	0.3328368671444517
5976	0.2853493351917515
6188	0.4222213371005584
99596	0.3907899011739203
7712	0.0497542851804206
6308	0.0511029992268946
9646	0.0600725243369881
2056044	0.4426219125277372
61149	0.3757372112843341
5889	0.0728253222717092
21106520	0.1752449185883127
13874733	0.1359516409729115
13839199	0.1213910373814852
1078	0.3330305395977959
13836549	0.2568865680343394
1015	0.1624807384294292
7770	0.1152201218808107
11525	0.0725704351577603
12626	0.1130315769171205
7772	0.1197309711077697
10777	0.1321559090497531
7016	0.1321571615594623
7607	0.129608513508589
73583	0.4520766423346854
7241	0.2577151110731754
7225	0.2072154642775165
78	0.2976185517363409
60329	0.0595913833598208
1609	0.0631640663095008
13854944	0.0817955133128161
13835861	0.0863503949241676
24099	0.0437858831151250
12816	0.1746071759543839
9943	0.2093504914457994
10772050	0.397561317291402
13837760	0.1551709944405255
4878	0.1277606436647459
17443	0.1993120996753288
120489	0.2691469630949971
9349	0.2464816375738257
11600	0.1645454260067022
764	0.2101480064492912
21106535	0.1186010836429450
7721	0.0498822050424409
9233	0.0797176546074865
18607	0.0407206584994031
13837281	0.2461899611410597
66567	0.4458088469167028
7676	0.1425158624867812
156255	0.0522459668219227
9547	0.2699571266307894
6406	0.2880442687980017
13862665	0.2586443872366665
29001	0.1967935422529288
7024	0.0533036530306628
7787	0.0472849621131451
15077490	0.4061790094818667
63054	0.2480006768318117
11799	0.0994887628910121
7466	0.3370529648216603
10053	0.1199344202283188
6307	0.0646562498021698
7711	0.0502398006419056
18971812	0.2979078142627210
10781	0.0633171833152953
11783	0.2342352867254730
7685	0.2511461270713218
13630	0.2014773599793294
63889	0.1645520547478817
9228	0.2466309748016373
1108	0.1268308684305411
10534	0.0364072441210256
7679	0.1326894707145751
12643	0.1357461362988667
7684	0.0612606821756775
12499	0.2512907071533745
24590970	0.3660568182060427
6950	0.1075306517887142
56144	0.4156279489705454
11110	0.1134101860837803
12209	0.1971978151389116
10124	0.0627245535872432
24041	0.0646037866699724
25886	0.1220057125490047
19477	0.0504207179078937
17784	0.1011682539577527
3973	0.3966412592565449
7224	0.2964488012464368
11833	0.0631490438720440
29000	0.0568429600991022
8398	0.0524395724966969
6040	0.0498403415074393
14672	0.0644062659608091
21011	0.0528255020773473
10947	0.0651088074654930
6165	0.0666671494613244
13837702	0.0271294852367019
235	0.2130645863212678
55091	0.3402335523581794
66809	0.1823618664591060
62489	0.1075583887646038
11080	0.1030918001356335
5596	0.1424850304822012
392	0.1252346851902620
13257	0.0765794924704018
12231	0.2300392457170845
2606	0.3167034893768141
8528	0.1485419850646129
8878	0.0564006457903329
19231	0.1895850200264290
7681	0.0832723684237587
11911	0.3139791135995980
6342	0.2325926202060728
18219	0.07065132167765
7248	0.0732709925906696
11661	0.0729396846318984
7710	0.0864428631505504
768	0.3034386442444907
11125	0.2481785379295205
10492	0.2481885507018648
7463	0.2611930835546994
7706	0.301587185269206
11680	0.2612000948735415
7701	0.2588720964474928
10001	0.2591264201940048
7627	0.3018014214956686
10571	0.2637911003554065
5708	0.1007317891146915
19953955	0.1313980451185961
13848341	0.262760156558247
76394	0.1640708348404649
13835604	0.0816386236549242
7138	0.1580469375473201
7443	0.2351055276023599
913	0.2682837661092554
5709	0.2865137531170192
7673	0.1291619491826313
13875432	0.2105198746434153
13875219	0.2098996370707394
13837686	0.1703236117497805
7013	0.1149172859123975
92731	0.3438741507043872
13874867	0.2682729940947821
71787	0.2758933251441926
7745	0.2220513476589058
7678	0.0802670704555367
13255	0.1282778113607611
59447	0.0993118060328443
48024	0.0374489513340648
8868	0.1345045791375666
5593	0.1469105936204003
13835932	0.1069900465509876
28981	0.1228119839330236
4510484	0.1454262584774991
7534	0.132692364805145
215929	0.1324294379933786
13662	0.1611658662377082
123207	0.1642710906604414
7090	0.4167993399783793
12201	0.0576358121087880
11109	0.1132596441896095
12446	0.0516475761720855
7769	0.0496117657974628
63631	0.0237279646372309
24263	0.0513735987581716
6364	0.0602769250732513
7221	0.150360250269726
7240	0.1265576491317181
6186	0.4320453252331389
6187	0.4036734185154137
7238	0.2113892630122316
13835772	0.1280343114141698
13839082	0.1278225875574432
21105871	0.1253853791091572
13860335	0.0762001409103449
24533	0.0767461230044898
28992	0.1400776439093294
20843	0.1423810492709088
21106032	0.0943723308475397
6156	0.0534753172643856
789	0.2868760927903411
13836520	0.1250342556266201
10628694	0.1086928337666393
185	0.1694636746936998
21106036	0.2137762844356405
4444608	0.2263395838133280
13837797	0.1274818663673266
7794	0.0631555206448906
11795	0.1970260308395364
120621	0.2476369169311974
20119	0.2474390939537744
26765	0.1994444634575096
192642	0.2020115807507126
12821	0.2015778535148411
12478	0.2007392964423528
7389	0.3326556501905546
10497	0.0498647993807652
109838	0.1196153114973405
16778	0.0710322015405372
7705	0.1260266149173541
13835293	0.0766366094400598
13839441	0.0697245815971206
13863618	0.1354386978829927
28682	0.2115935519986297
238	0.2668296747620472
123	0.1674757863358697
63908	0.16506289875526
9581	0.2572261882812479
13875196	0.2468575782090887
2018460	0.4285102126130576
10512	0.0507505342162452
55090	0.0661229673359954
456015	0.1936364061534354
13869451	0.1682631140976901
13854248	0.1587897524113296
13869339	0.1679085740441902
1151	0.2897100613334441
9574	0.2669476575202927
11086	0.0482919049880556
11857	0.0422363411433692
7677	0.0855061978248302
11788	0.0283082995791847
62589	0.0255836690476138
7686	0.0257947741994997
776	0.1040859012592066
7478	0.4056986806067464
15802	0.0498480593895498
17976	0.0618151098087015
9579	0.2668423688852461
10664	0.2596078060095445
955	0.1582671311339461
13837787	0.1886996901764235
1266393	0.1210440139173778
13875441	0.2102741614105607
13842573	0.2097598743331254
6974	0.1561303366855051
10437239	0.3796468456573331
7767	0.0497785064788475
7604	0.0498987009023627
7010	0.0512470071756718
6163	0.0524085940222614
6340	0.0573219950290272
7234	0.1687767054466827
13854136	0.0757274933681409
13835151	0.1273344696427753
13860692	0.1273752382703287
21105905	0.1765830690075514
21106560	0.1374884769693561
7242	0.0631859381987677
11077	0.0834815348706901
11042	0.0833386068897631
10940	0.0853470598165487
10937	0.0764797835192112
13842613	0.1222036223477908
21132380	0.1376943427585251
7223	0.0334070583974702
11582	0.2127320759094356
6774	0.1635783710810126
9218	0.2479503448112718
7236	0.1207959887563312
7480	0.2444895524072312
499714	0.2006892045133523
13857694	0.2185672268273292
13866817	0.2090680474704041
13837988	0.1655187063864177
12228	N/A
83866	0.1050099642484718
83850	0.1050099642484715
6621	0.2698439308294244
7671	0.3018242989697263
7074	0.2883253467543709
62467	0.2294329027121309
30516	0.0504551086863314
10487	0.1244770458134129
11846	0.115226687001195
7098	0.3962874260486156
61191	0.3961935873436622
73412	0.0943526629663968
6176	0.1349454334628825
10791	0.1349532347893790
10788	0.1324018445246564
7621	0.1298790286165871
11025	0.1324084646834795
11095	0.129623355463469
5949	0.1197373893612858
63156	0.1130034956143798
10101	0.4531012710142829
68156	0.0437556382907284
9377	0.0896614719700856
5026296	0.0700204135867679
13648	0.2104069642546114
2241	0.2293517931983819
13644	0.1972652800786041
13856009	0.2110364220831220
11087	0.1094249848665531
8657	0.2221594096760621
8665	0.1253839025938027
9564	0.1338284881217204
447	0.1550402267248024
2039535	0.1995810360505008
10384035	0.3147054259688484
4962	0.1305300600292414
10437135	0.2618099852990106
7776	0.0495106980363054
7180	0.0630724226000053
7182	0.0532112915522434
10669	0.0598538872365241
8531	0.0536742145869614
8335	0.0538103762076824
10253	0.0753794659377979
10979	0.0513965413062593
7181	0.0588525094309607
13875160	0.1425434661446808
13875281	0.1452513133252279
13875230	0.1275482615620524
13840690	0.1002472927741449
4449	0.0522620166792685
744	0.2306697000272029
68832	0.1400574114144492
7674	0.0533239259691998
8908	0.0473066117742630
191367	0.0995047102823128
11695	0.3373023313188777
7766	0.0496103925657950
61487	0.0616814973127290
331	0.2696135930087042
7142	0.2669348485099946
132	0.2668384964552442
7145	0.2550535770349253
13846959	0.1753517166407472
13853943	0.1760296258800916
222538	0.2720728191090821
65523	0.2877531075204406
2849146	0.3036355041689755
10437210	0.143171418879276
21108548	0.2462998475688336
21106019	0.167193859518176
21106014	0.1521203270968023
16159	0.1203927648031786
7786	0.0864066289729318
7219	0.1284090922349884
7521	0.0731612794452806
7641	0.0733039498470232
6967	0.075046099643369
9874	0.262332996394713
13054	0.0648165030567586
15443	0.1228455148044335
10939	0.1355051154759819
6179	0.3345196436725513
21106470	0.2338137392377522
8855	0.1358186529550984
11861	0.1254945516490654
11845	0.0495467064218544
13839308	0.2898121900316815
10536	0.0499920712920171
7823	0.0635898625475689
7812	0.0696816192096121
11793	0.0557406890214625
7622	0.0572598726233935
7459	0.0501971508653154
11024	0.0512909747623826
11794	0.0525417867252405
11678	0.0800122131451331
10787	0.0551213628858850
7626	0.1261689003055805
11996	0.1199877447274377
55188	0.0648263266766213
11732	0.0628827760435789
10790	0.0714005595534387
11056	0.0600802170459152
11180	0.0875255088804566
13866593	0.0271154108218069
7703	0.0232955354931709
21106020	0.2494774505274151
13853953	0.1835471073786385
21106013	0.2503701724863357
256210	0.1633029853012807
7518	0.2089314526619638
13876539	0.1320231169281785
7132	0.1682116550095117
21106524	0.1277911229700215
21168826	0.1664348134821715
13865424	0.1663790523204116
71433	0.1171250632181667
455090	0.2077563281620547
503239	0.1796897698420802
13860775	0.1228411332931175
13869480	0.1821382991053407
13869414	0.1049175772259526
11849	0.0515442006739745
11083	0.2203759995160604
6988	0.1679749361746405
8140	0.2107719816943861
65	0.2218691317807349
10857	0.1682538010927346
6633	0.1742168040230245
21111822	0.1270886331999235
7239	0.0436628408902801
6550	0.2382749256340739
26325086	0.2214114575252067
71430	0.2095110740231578
21106173	0.1813945739399525
7765	0.0854585939530602
13859497	0.1825374765057374
6775	0.2976376846367213
11672	0.2964691171716801
11773	0.2073095806151227
12012	0.2481819780416781
7761	0.2481824223501042
8552	0.2787050755879245
62249	0.2666374812082039
7515	0.2612054110156883
7475	0.2614600285412220
29012	0.3015921783002949
11706	0.2612128738376019
7064	0.2617277798641499
11992	0.2614510163633693
10446	0.3020292567606068
7065	0.2640479975419772
11207996	0.4217720755993864
7747	0.3016000050663915
11193	0.2645620971500106
19956441	0.131405196531952
11107	0.2692973779267355
11694	0.2719874228231193
11930	0.2763842365316437
9903	0.0722598376599459
4963	0.2320113605670425
953	0.2668352309657331
21106146	0.2498458030171952
21106144	0.1610756058425098
13863774	0.2489025057101827
73479	0.1389312101329755
58563	0.22936471159686
299166	0.1635990033149387
13875320	0.1318080283167434
13875258	0.1272712455761627
13875392	0.1273153013849834
21112023	0.1696681664306013
13851576	0.0910921209487471
11769	0.1810353426958447
10432	0.1096467153513578
10328	0.1381397668201431
63310	0.2877223493113408
59573	0.2275774908708785
7161	0.1586784447745129
6720	0.1362913625299166
13850142	0.0883465415724434
390927	0.1341373950714049
206493	0.2986983257339923
11667	0.2093265399447921
21106018	0.2111541174413042
12823	0.1029913429652866
55205	0.2474452569037552
69982	0.1456761571738528
10710415	0.2876716547801186
13865426	0.2685468933291152
6780	0.1902500271991916
8098	0.1212836492500460
6658	0.2433489872655628
9970	0.1218910706263484
7528	0.0993411635705745
7530	0.0407758282732238
11489	0.1894006116634395
526	0.1582965818609098
6339	0.1989697936699812
7984	0.0814407926590634
21111817	0.1385734855681046
63906	0.1670287798922571
3350	0.2697192973473683
1446	0.2891389700344260
18	0.2892408250195937
71	0.2669460802480391
7146	0.2670451029347593
11121	0.0496047923292554
555074	0.0433775976986527
7811	0.0270948354648169
8562	0.0568956724526531
7624	0.0892545858100304
8158	0.0842923600290905
6079	0.2668383641331633
434	0.2669097931050587
8071	0.2689614136605802
21105959	0.1078176755242544
13865438	0.1278642470102408
21106135	0.1279340958635454
7391	0.1202690161918491
28982	0.1014802195800152
13839110	0.1295371570397486
13839151	0.1049400807354868
13865680	0.1282995512904556
11604	0.1017485489911025
13839128	0.1280617707305121
13839174	0.1309600696714607
13839105	0.1017925834253994
13839123	0.1295044366132570
11021	0.0728824115827184
20570	0.1250175809071930
7131	0.0841006497376877
5830	0.0702583660696938
24972	0.1403311282026146
10992	0.0730903501265574
553171	0.2869097016147597
13860817	0.2103496134260077
11778	0.2196527675264559
13860720	0.1692646489142616
136966	0.2130482122284333
13848793	0.2663829543017886
30572	0.2759563449362698
7866	0.2588857355313255
19957731	0.1314267064520806
10257	0.1908806721880344
7211	0.2496083524042636
7172	0.1615387834074226
13875356	0.2027151723990184
13875212	0.1477368800721596
13868640	0.1944233233333033
10864	0.1793055967647736
21181	0.1994583241013880
12445	0.2478212815406571
122446	0.2051666186898986
62534	0.3326524215323110
62408	0.3326625340000755
11830	0.0495220200264335
13835836	0.1548243696289601
13835376	0.1196319000239365
127750	0.0719949161632048
13836399	0.0920869792820711
13884973	0.0876608029407612
13839416	0.0697369597452338
21109330	0.1121699361766974
18707	0.1498475940587578
6883	0.2691691410988027
7189	0.1971993024573358
28969	0.2590342138795781
61765	0.1656501472796994
21111781	0.2155088866981774
5915	0.2918535985821771
68568	0.2293594112741444
64699	0.3057534276392716
7140	0.2668308865630178
8070	0.2671087766164945
7190	0.2668207681218691
10181341	0.2594788059644905
221226	0.1650746025097103
10526	0.0507643961862022
120464	0.0682951156529686
7150	0.2693988348536741
12259	0.0771825185762450
13860	0.1298692315096396
11563	0.2668727460139387
7003	0.288610876837353
7662	0.2199538318150216
13862559	0.2105284443338371
13864445	0.1887261148282401
13865630	0.2630356557589262
553642	0.0489423198247129
8876	0.1215174803789835
906	0.1215212075031645
13638	0.0477165835255689
6480	0.0868441055415668
11866	0.1152333720440048
13839109	0.25842890809750
11591	0.2665211582455155
9454	0.2792974842390689
21106148	0.1753869559306583
6781	0.1889603158764519
206561	0.2689652440030322
13803	0.3451002673585276
8560	0.0497995534097178
11094	0.0498043563204255
11023	0.0499236097527756
11055	0.0498640417729832
10786	0.0513933022316773
7619	0.056093614941176
10755	0.05256179699690
11551	0.0513916383419398
221082	0.0437400943336908
7129	0.1431092634695007
8950	0.1302946576521005
15965	0.269438439272567
13868660	0.1672412817667475
7092	0.2179232050653516
924	0.0471852120498556
13860641	0.0759849079831138
21106525	0.1289185700356219
10991	0.0537162344817013
13869434	0.1275297845893784
6630	0.0846873397646139
13840647	0.0865100235308648
13860491	0.0749327712401742
13869462	0.1289945215963992
63903	0.1376309855964104
62530	0.0602256160530574
13856352	0.0277072618866517
551	0.1524818922963228
14627	0.1643077455500356
191	0.2787782004654880
558917	0.0623122357843067
6301	0.0807869931387645
10616	0.2693280017086124
5882	0.2669311092470127
8183	0.2670138714514872
6646	0.1114011609853209
84971	0.1114011609853206
388391	0.1114011609853206
10980	0.2668372799978579
10972	0.2668963341879622
6674	0.2685951810648907
361	0.2670600369368097
13063	0.1304710372601172
10797	0.1377425103443933
28986	0.1326756964180442
7760	0.1296294879652984
7838	0.1197437943891854
230	0.3194387950319911
13842001	0.0818433858635320
18801	0.0437682800532232
21108576	0.1971895985424768
21106518	0.1692762054245909
62466	0.2293673156698871
62485	0.2293577216425971
11460	0.2076829926313442
10254	0.2296307443358791
21169510	0.3531862331008324
880	0.2479297351074729
7397	0.1976533401343946
8674	0.1085972617302059
62517	0.1204482302831961
11651	0.1253975259435022
10437215	0.2500488015219307
60121	0.1363404363070599
21105859	0.2115473508203837
13848467	0.1053848208861630
120548	0.1642238257784068
2923	0.1617318371158220
28947	0.2479659685732701
21105878	0.212457667397155
11625	0.1978642754087996
7815	0.0495179227254078
7827	0.0547177701329260
11761	0.0862442017547244
14998	0.1337449874547205
21168831	0.1289658511043536
15482	0.0497455553251939
10975	0.1757710889059518
10870	0.1928541824055963
10837	0.1926894491188682
9120	0.1890521192981690
1448	0.1911532231420169
22191	0.1402830521397229
15438	0.0549222849603906
14751	0.0548001206991409
8909	0.0473287061711604
10265264	0.0534637359778633
10179173	0.0534637359778633
21800	0.0591434130962009
15765	0.0591434130962009
11699	0.3373133383217467
7810	0.0496105971016934
12069	0.0995124586876092
13839575	0.0740694570462392
1253	0.2884536867951383
7176	0.2691646956474445
10181338	0.3397242185884851
21105848	0.2156207769747125
10892	0.2696264156967441
124	0.2594847157888204
87265	0.1667394686452502
13848808	0.2719532448582177
13860434	0.213206110554211
11629	0.1822837701052978
73390	0.2880019375091583
10437335	0.3038914487104812
38364	0.1848797845973272
27488	0.1740413533451986
14227	0.1972578093599957
13835126	0.1428048094485102
17347	0.2218062557481572
7385	0.0501614391084145
7128	0.1299959019450940
11660	0.0731797396202593
11409	0.0752117774696772
7659	0.073476546591593
6977	0.0733341647679217
10236	0.0752205327472564
11366	0.1889325592977679
21106172	0.1529969135352656
7001	0.1676628833792286
13029	0.1686099055660095
13030	0.1701209309202608
11422351	0.3034009685113646
6665	0.4191913759786471
8341	0.1254593690915286
6739	0.2193091363254354
7208	0.2864955696920123
992	0.2873270120038445
8182	0.2679135995994659
11038	0.1670770421324387
16791	0.0672757842791118
11864	0.1972144937667510
12161	0.4537907313360197
12061	0.1287240618626481
7837	0.0498547183874305
18717	0.0776936313349491
15954	0.0548161217498071
11029	0.0551370265346278
10511	0.0525566298288397
11819	0.0561042799592652
99440	0.0631391422691801
11543	0.0824551123469414
11739	0.0600728811721530
11194	0.0731582080355962
11216	0.0625873704596110
11210	0.0674859327810478
7202	0.1581837340041201
21168813	0.1695972891934263
6881	0.1684094349637386
8186	0.1971872959915277
21105870	0.0871752457141638
21106366	0.1328349035670994
15517	0.2704253062496049
25890	0.0498661245081843
13811	0.2773781742593657
7809	0.0854370584260933
7042	0.2697263820448791
6706	0.2696951769713759
68179	0.3319898280263952
5979	0.3571374335186757
55123	0.2481854719692009
7803	0.2588789418675271
18688	0.2668943454944289
7482	0.2614693703358772
10420	0.2614698345189407
11843	0.3015970735348281
7536	0.2612163606160491
55130	0.2617149778140070
10433	0.2612178849107694
7657	0.2617241315822393
22453	0.2643122690997763
11045	0.2612089173922316
29016	0.3015972727660355
14169248	0.1718807441449195
11632	0.0582250047289654
11265	0.1074436365161608
65763	0.1752819543745287
392447	0.2830651804697912
8097	0.0722720575502356
11585	0.2691746781775016
78467	0.1976643589391784
1906	0.2479405465678168
11488212	0.3636134870945861
14556	0.2695301672390367
7383	0.12878841656523
6642	0.0773596816722749
589165	0.1311517489529981
11961	0.1269022547967615
21111772	0.1608908005483112
11954	0.1902958529181999
21106586	0.2714142947058984
6790	0.1419551278378814
8319	0.151103539873977
21106581	0.1583223591737799
21106145	0.2221423681621190
6023	0.1571803065161725
11588	0.2668357125729982
6675	0.2679381048240611
8883	0.0567212256136882
68503	0.334789052603303
10614293	0.0619229723014853
7833	0.0496213585652898
4516601	0.0434003382689182
4516599	0.0515610837288221
4512361	0.0434003382689182
4512642	0.0515610837288221
7835	0.0496335663349798
15093	0.2792943877770068
11286	0.2924741520484328
5142	0.2430827250124468
96749	0.1510820532655955
61538	0.1048321355316533
10246	0.1020853799197867
12244	0.1050893256829596
10248	0.1076617927795568
9911	0.1048343304424706
16119	0.1079174137145428
13871718	0.0697633140549960
25552	0.0811192542492416
13658	0.1426684970656842
12060	0.1014851591893813
11647	0.2586184113120597
61739	0.1660294540448038
8282	0.2246309591078876
6492	0.1290696835441793
21106571	0.2208736645653809
21106163	0.1676102997257889
21106540	0.1907449133484822
6737	0.1460667927163483
6789	0.2098366681679416
61001	0.3958633767863863
4446445	0.1422570136328649
71628	0.1166100331273761
59577	0.2024274840416715
11875	0.0697506977902029
12010	0.0495309115004045
455353	0.0707799909564921
205483	0.2076332930417091
7278	0.2618194259041995
11576	0.2668347842107484
6897	0.2694260348869242
6035	0.1402004288878108
13835344	0.2220500808643995
10181339	0.258913241122311
11589	0.2668235969595216
30595	0.2694486430036706
7175	0.2691606582460102
7157	0.2691707762594611
8807	0.0750782147521055
11865	0.0507948016763406
20124	0.2346160534755987
17619	0.1578309828626145
2068	0.2853717620984081
5236	0.2828699378431808
4103087	0.1928557516716759
6736	0.0756023064461110
6788	0.0734034158326409
83962	0.3018701032511622
7044	0.2865292455175116
16359	0.2690716029945022
10986	0.2665259519239621
191058	0.2665518919289184
13835630	0.08197688197304
2937774	0.2692258708296108
11708	0.1668215172007239
86394	0.2852686717401441
10411	0.2090696834078088
349	0.0498209888207684
11035	0.0498261149649392
11104	0.0559952458652052
10795	0.0576168752598520
305	0.2921255227203252
10445	0.0619229723014853
71193	0.2200010174338189
67270	0.2430907623515913
6033	0.2430811452747991
21159695	0.1673978979820573
13853758	0.1305107231458230
18724	0.0659347900753455
15427	0.0272566816197563
10996	0.2747912141414408
6296	0.1559457611386127
11776	0.2038375697233192
17868	0.1419746573762871
13867714	0.14481031331528
21105699	0.1417062949037112
376	0.2787826875691508
11586	0.2692590339360362
62472	0.2693414306211145
11584	0.2691655496111325
29026	0.1152401469770051
57726	0.0914796526647332
7802	0.1296355839428567
441	0.2063495633691623
9633	0.0896778595738952
11465	0.207929497126014
10243171	0.197199535240222
11332993	0.1972040206886322
11610	0.2000233960243689
11422	0.2100947957004365
194092	0.2004762619588525
7199	0.1497659098727073
26516	0.1284731948676373
27296	0.1056898829439081
72556	0.1051991619221301
19709	0.1368062915617188
391428	0.0513735987581716
14198	0.0691397784027816
6402	0.0693004305076446
14680	0.0495392993290793
6478	0.0730361830981995
8262	0.1730973926157229
8273	0.1695473298842895
7888	0.2588926192800665
6735	0.2042042943084340
6588	0.2576991362240853
7420	0.1281359531386862
10343	0.1914401448295507
19766	0.1933743974815476
13047	0.1706862370738221
11294	0.219439746592426
75951	0.1968282560008177
72793	0.1409093187070964
7076	0.2883163945238911
10422	0.3373249615475908
11863	0.0496336107084843
13846749	0.2694348273566402
21108577	0.2691828515475082
7406	0.2594898080439253
21106008	0.2132180254555076
65701	0.1971921741491111
21105897	0.2722100890888451
11596	0.2668472639438255
21106900	0.2221609381852521
9965	0.2589191804912465
10410	0.0563517176047591
7419	0.0499241683631966
8356	0.061441924164972
6999	0.0752498605926051
7088	0.0658435373550626
7448	0.0536701519953054
7183	0.0731993983756009
7155	0.2866181983740019
11871	0.0552015497649626
13835351	0.3994817541948116
6773	0.3337037133803692
6852	0.1051357527491120
2157	0.3022526206337318
6604	0.2096455439398520
17880	0.0495747487523773
99681	0.3020759804725143
67460	0.1282143257296471
18920	0.0525803379795850
11841	0.0698777979728677
8569	0.0518502923875528
455420	0.0631947590381915
7533	0.0559825428263049
7434	0.0501431362882078
932	0.0697074818030886
123993	0.0576230924747109
62230	0.0651095707270025
9893	0.1684271200982991
10586285	0.4659797008813792
6688	0.195039437748198
109705	0.4169927869054746
7151	0.175606288419558
9724	0.0593556050524748
10265270	0.0490523248824237
10179239	0.0490523248824237
6586	0.2867441724230364
13872122	0.1281257310123405
11862	0.0854506404599979
440	0.1131299703848030
7694	0.2614728842994449
11716	0.2612123034383038
29005	0.2614733424180703
8568	0.3016019950087912
7538	0.2612197304854065
370	0.2787135311424266
7073	0.2640727796013802
26325090	0.1043030098950035
6898	0.1968768005341736
556589	0.1423360235565733
13854242	0.2694315925704104
7310	0.3378857567409745
11595	0.2668432961661107
6593	0.1050408034177416
2441	0.1393913030865886
56117	0.2281360595919483
68676	0.2692500695446233
6635	0.2321190869234878
62265	0.2871573286723807
20939	0.0513339097703711
6828	0.1325846507787375
6577	0.1879158055611745
13104	0.1059947652095219
21106570	0.1909414237523022
18177	0.266601571795323
15755	0.2212208220207541
67470	0.1470385005348267
15756	0.1470273437296165
15524	0.1460512510318919
14995	0.2118361352058686
14994	0.1461772125698637
15475	0.1487410771641705
15478	0.1658473245933622
15476	0.1600461725799468
15477	0.1704886266921157
62484	0.2691751597450834
29025	0.0496430591184154
7851	0.0496555689749345
7856	0.0502959661788342
454638	0.0530983969610461
1406720	0.0810119049126853
21105998	0.1288431361444651
61411	0.1051235086165613
69177	0.1079729016510529
10244	0.1082269853571704
15855	0.1586455709148821
24535	0.0805069338117023
14678	0.1014927432619506
13846663	0.1251658334998454
69340	0.1281149345439284
63863	0.2274504982856505
63968	0.1632320125098099
70660	0.3383387619794318
62628	0.0697646832169548
123860	0.0722589013281240
4611	0.2588967254347034
13885245	0.2620742111937953
6745	0.2625976716931139
13876103	0.1362607002615321
7279	0.2747649458567714
6592	0.1310285182279769
3756	0.2588960954961613
13850082	0.3023376048813933
1266019	0.3018817785969547
7850	0.0508260513073020
541032	0.1694195144263136
58234	0.0700204135867679
218253	0.1334605735119087
8912	0.0926024891949712
2424	0.2853624820871182
66656	0.1576764594675975
71437	0.1057174987214828
10831	0.0756295849356218
10829	0.0756339935751777
10851	0.0756245457258530
10813	0.0757792193764078
13677	0.1327249112418624
10849	0.0756289198667361
10850	0.0757775196353247
10909	0.0734262093655085
10918	0.0734262482235317
10841	0.0775364483351507
10908	0.0753187583848766
642951	0.2692685035797439
917	0.0948367691730372
9824	0.1490112437377124
1278	0.1694584149552195
10437836	0.3328643681239131
2206	0.2852675615995562
7849	0.0498428571094977
17558	0.0498440972900389
13439	0.0620813900793910
13402	0.0528701837009359
76154	0.2221581639630504
2915	0.1267722425021940
6794	0.0850549352066599
21106519	0.1674075941799171
65750	0.1376588891757265
12637	0.3988743456054233
20198	0.2657589863695261
7302	0.2123300483997001
10903	0.2093501918638011
13839012	0.1338042997782503
6855	0.1972248907481439
7315	0.4070440837660257
13846658	0.1251936689408637
26325182	0.3095716822575080
10025	0.27878737389175
967	0.1932297431842669
28993	0.0497601960878815
15846	0.1152470078270650
29029	0.2063565116378834
7670	0.1332146963759642
9976	0.1327065387362079
12632	0.1911135885026501
6287	0.4538747367951443
23886	0.1485721435829697
33421	0.1347084625238855
67465	0.2479431315091648
15753	0.2479591397808956
79280	0.1081944056924692
28973	0.1056853860185891
7852	0.0447352314034219
72551	0.1968363333644982
24641	0.1410437386853754
18410	0.0498733460637447
8910	0.0473742838072734
4366810	0.3373189956456352
7848	0.0496574464756234
14256731	0.1353669409195594
6907	0.2694472698980504
8860	0.1316914884774066
62310	0.2722224212766369
70988	0.2594936870309935
86435	0.2787527749406781
6840	0.1468638165474094
10801842	0.1071575363855823
11974	0.2175806429498312
15461	0.0674264969199576
10404	0.0499405702562287
89258	0.2673241283877935
192748	0.2693590785585793
6835	0.1213585557880769
11003	0.1692735897452034
10756	0.0964546022357424
2656	0.1370069909157541
13837329	0.2710691980082737
502855	0.3022378240705138
34863	0.1498581529830343
6753	0.1898507712925941
14692	0.1133087211607715
12456	0.0495974856044852
10438331	0.1906553496632008
8574	0.0697207435060936
18336	0.2210169792873311
59482	0.1404376453937720
8935	0.1085670805704551
60886	0.2540408385536123
66675	0.0592818861649401
15488	0.2085396126812468
15489	0.2084415757185746
558878	0.1425293688451552
553578	0.1425293688451552
55084	0.2614857260729249
7509	0.2614767336317321
7800	0.2612231216770848
12954	0.0504828977568377
13229	0.0644493136080531
158870	0.1612584764868423
157093	0.1481876759707002
83374	0.1472081168078269
457144	0.1482145695031038
135925	0.1829833151450171
457145	0.1612203041337779
84188	0.2221210861187498
136000	0.2111466971005523
135983	0.2087034062360433
136001	0.2106584785124108
136002	0.2301282383040885
136003	0.1612416134234881
84235	0.1483836705435438
457140	0.1890688857467162
12674	0.0588089367597958
64155	0.2691827368563205
970	0.1198078780631346
4590	0.2479568187727337
8111	0.1215921162988480
12013	0.2588995949112503
12044	0.1215658443889647
12045	0.1215618620727715
12047	0.1325982556107966
7299	0.1288868209110368
21106140	0.1372099378048722
25677	0.1482223273915029
67991	0.2271782518269199
15803	0.1250865349468872
502245	0.2689399531935426
10227261	0.2157676885228383
44152	0.2852750187115029
12809	0.1133111419141353
15387	0.0496780222484383
8470	0.2747899900733539
5027	0.2654255200618252
21106365	0.0995293779405093
21106091	0.1015052911996826
16804	0.1082601459721219
55443	0.1281266930121915
67653	0.0943760447363522
2185	0.2181368694471424
2991	0.1689144416223846
137720	0.2820945800601032
11919	0.0540505044235485
26010	0.1658756227767105
30600	0.1346997703581583
33455	0.1335553306825117
33934	0.1345737872193453
33932	0.1335803504624907
6600	0.1976933829335220
2121	0.2422364600395838
13849989	0.06226820787778
13849981	0.0807869931387645
7506	0.1200321312141943
18685	0.0697789147733604
3741	0.2271800747971481
8374	0.2694420275127778
247721	0.2612374049792817
15409	0.2615109921315952
79969	0.2668302429719243
13871489	0.2947049442421119
23150	0.1330312438566484
6807	0.1497790211585564
15620	0.0758113543723224
15621	0.0756610622882577
26260	0.0758019462818814
68437	0.0758101022737658
15619	0.0734546437458005
15861	0.0756520316441739
12682	0.0734499695557920
42330	0.2852709356560305
15413	0.3458052581262988
34866	0.1659089652646778
34665	0.1486325725035511
34664	0.1486673702871630
37904	0.1660447160151221
34864	0.1359522953723478
34188	0.1348246031076746
34865	0.1358142429977184
14840	0.0498651712172756
13448	0.0618414828943251
14866	0.1175598935413472
20132	0.1373173290394255
10400	0.2022724687566023
13835294	0.2328542929002840
67360	0.115253956125355
12218	0.1911216702986798
55075	0.1708390031924447
9873	0.1781035764197484
14349	0.0447563993636064
6842	0.1726106940631023
6066	0.2759272841946838
512621	0.1092592819453867
13090	0.1844085837091105
15702	0.3962635749759927
11369	0.1744536240546253
12219	0.0496817856666244
56793	0.1660795752747937
454495	0.1659465885015643
40191	0.1499269477647370
56791	0.1508751308883212
35581	0.1624387308937387
15495	0.2722259373640986
466305	0.26685517985001
65785	0.2864432319329637
6916	0.2694508964546163
70652	0.2589078746155527
12133	0.2747421043274072
17131	0.3191495903999405
13487	0.0499648448119891
7170	0.0599643329787380
553649	0.1418777459623568
8816	0.1350007075523039
15473	0.2085590232971336
17099	0.1658560873947079
17098	0.2085589280345340
33933	0.2188250025533167
15474	0.2084609152416068
82755	0.1613820289034749
82712	0.1624515564627036
157094	0.1613655434402687
103011	0.1493326758716347
102798	0.1963769107541096
82762	0.1624081765108379
27793	0.1910922865424320
82754	0.1890930033698871
457138	0.1890896402701198
102897	0.1890907432837897
457139	0.1891617632482709
102947	0.2234938474697297
97173	0.2221847377652509
102720	0.2221401714687318
102801	0.2221877114872646
102833	0.1659733751685518
102721	0.2213135155373689
102856	0.2119380185684467
102933	0.1625200987706139
103066	0.2190055080121746
97172	0.1486728774619773
106355	0.1711349848568303
15486	0.0550931002702181
12220	0.0511504959794010
7882	0.0499387026755905
63518	0.1404438214561658
707	0.1465254269374782
8067	0.1926238592069387
6827	0.0566129506693267
5807	0.2838560570947041
8800	0.1329580009316778
29153	0.1330869119924516
70682	0.0854795137711146
11439687	0.2270986810041551
56774	0.1661189688306147
82765	0.1482823644820784
7511	0.261480146368813
7872	0.3016119227692314
14846	0.2612265351393873
2863	0.2588891660338334
7600	0.1200499464288469
12699	0.1327869312250109
8058	0.2728800163379036
3918	0.2684342253515999
24326358	0.1566295659697968
3008	0.2747841447155263
13835706	0.3322176866692242
66655	0.1333810819257235
34868	0.1659055489098445
37905	0.1890755194300811
34869	0.1659053302395335
37918	0.1677636313824384
37915	0.1347959638972648
34867	0.1348214012000855
25605	0.1674886673289166
26011	0.1346953499931174
34870	0.1658889256630311
34666	0.1482149365452933
21924	0.1346704528641831
29117	0.2040769646047345
8241	0.2713619801287925
69371	0.0886058333977030
70806	0.1332641792243509
1710	0.2796244910573083
12635	0.0496879237594306
8576	0.0497009386255414
25472	0.2747773900202033
2169	0.2654295179612219
453675	0.1281392072478660
40130	0.2767667561522216
2297441	0.2810178251191196
34095	0.0697933988707642
8329	0.2075319826788954
60858	0.2340868533127738
6610	0.2112788202918805
34874	0.1659846141659343
36972	0.1890989342076437
56788	0.1659423732460708
533188	0.1677968457578066
35579	0.1659402762813028
16182	0.1496575017772383
46262	0.1675208811128283
35580	0.1612919438991788
82818	0.1660758285737592
56790	0.1545952662731790
56795	0.1660755931678083
33458	0.1679814435802485
82777	0.136069129784246
35584	0.1659259512875679
56785	0.1493537483488109
56792	0.1359318306543512
34189	0.1613261992591018
2283071	0.0756846621214538
4932499	0.0775866630498178
6453	0.1546670833066673
13249	0.2589066642702263
4450907	0.1410009161489915
7964	0.1712436745448486
13619	0.0498879445940481
13303	0.2118280355278724
13302	0.2118327619691119
5004	0.2787968393062232
15853	0.1152609935412823
12972	0.1327191202315568
7871	0.1911298201670720
36973	0.1661581533480510
37744	0.1547534815531952
46894	0.1891245075850737
45444	0.1661143240076402
56769	0.1680178151832727
56780	0.1678342181947112
34847	0.1661121567094676
39406	0.165984340561291
35081	0.1509452592094041
56781	0.1675572656483719
56771	0.1624902301934728
56232	0.0619003096166463
27749	0.2747838516730369
8030	0.2632210056551935
8093	0.1693972610782990
13856959	0.269473691024567
8577	0.0496067307991464
71876	0.2883257864762649
34667	0.1658858243265769
34871	0.2188430456438831
34873	0.1658856150877636
56784	0.1887985588989779
34872	0.2188429629308031
14620	0.2747459335986495
102741	0.223513857899681
97055	0.1636989462237405
97198	0.2222525212644688
102834	0.1911859046516351
102722	0.1911147858604077
154865	0.1891317201142705
96948	0.1891167210269152
102743	0.1891866937180429
102857	0.1891284001057041
154866	0.1891844319634457
106356	0.1892023436793447
102787	0.2235692907259201
97240	0.2235612994815257
102742	0.2222161021405850
68328	0.1309784874953498
4268	0.2949494517560156
4599	0.2852842454271866
33416	0.0928874977307624
13492	0.0499897052983729
13837303	0.2713440669200820
34859	0.1662041587722689
84346	0.1548851987951368
56760	0.1661582694404788
56755	0.1680588281849444
33666	0.1501700015294881
6838	0.1875938970616247
6270	0.4548316136240238
7892	0.0499679125830082
66887	0.1404499489930781
89076	0.181310729307901
5026	0.2233463027033681
36975	0.1891383550215262
56778	0.1678698228057719
56787	0.1890966487824749
35583	0.1659766693481846
82807	0.1677934915573871
56794	0.1659389693598631
33386	0.1890965223706492
33457	0.1576195130235030
47912	0.1677932772967094
82817	0.1675185842290249
46893	0.1482790441980575
33280	0.1659200256097302
35582	0.1483083018024196
33304	0.1675183763009683
46263	0.1888208830397899
67594	0.1643527292375367
3513	0.2452317481144173
220998	0.0498944994514144
17339596	0.3172245166835241
8060	0.2722573109347135
5233	0.3009888962952596
14916	0.1692649417344789
7891	0.1133378283878282
10452	0.2315823385446899
61266	0.2367095623868487
20848	0.2654336156006660
4768	0.2654338058658334
43354	0.1891218220689993
37779	0.1578024016629423
45445	0.1678300891650105
36974	0.1678280635548654
35585	0.1660190828014495
34848	0.1675542081667738
84344	0.1549330309284895
34850	0.1661496104414768
82819	0.1680139253730505
56772	0.1661105868130845
82820	0.1546376103023581
16415	0.1599256138504912
56779	0.1680136828538141
56768	0.1659634408209614
56777	0.1494271685996262
84345	0.1888453409063013
34668	0.1675521611876052
28552	0.2653407811018734
3544	0.2623470973812971
21361761	0.2023433485857336
1262	0.2623598835780366
4333	0.3962788504455407
4575	0.2852782832333095
2079	0.2852777635165344
6193	0.1719503612767549
82783	0.1695370713939338
34852	0.1891659403020964
37000	0.1680971561896765
37019	0.167913011010078
56765	0.1548771114395076
39198	0.189149507421595
82740	0.160114356811964
56761	0.1579452564264181
56756	0.1547998383580402
56766	0.1680540183357552
83413	0.1678716668609979
34851	0.1661939732957060
36976	0.1680518288232038
56767	0.1675948246799356
56763	0.1888703878447413
7890	0.0499111912225732
12705	0.2119445909682994
26325183	0.2297081307953698
16387	0.3115396242126416
6514	0.1508645829487287
2457	0.2951342796932969
15789876	0.2158165401319452
3841535	0.2492604334762097
16177	0.1152681217872068
33281	0.1659565274201107
56786	0.1888197140765420
56789	0.1659190317705555
33456	0.2188622184342968
46264	0.1888195977913242
13300034	0.2140315221817724
21153	0.1911380389643925
10106	0.4539086146960764
1361549	0.1454946696808625
32555	0.2877137631118598
97257	0.1912269992433409
97224	0.1912093519093301
102923	0.1912139630986714
96868	0.1911531181490923
96864	0.1891885194419662
97234	0.1892284825407524
97233	0.1892303177232926
154062	0.1892582371648806
97142	0.2236382655994269
5739	0.1347949906151635
8817	0.1328377633688845
56782	0.1714274380560798
36977	0.1681446350313223
83414	0.1550811644580230
84348	0.1602782679764738
82823	0.1680996770136305
33617	0.2747498550904038
4759	0.2747497890186617
30881	0.2747494714747901
3277	0.2623682790514019
11632871	0.0925869167523518
15747	0.0500151035643196
4444100	0.1712612628297016
10033	0.2589138292519119
33282	0.1891347833367731
46285	0.1579484558742947
46284	0.1678623489046824
82806	0.1891195882102181
56776	0.1678267545793102
47913	0.15768427493252
32952	0.1675878877993171
45446	0.1675519243480926
43353	0.1888438122206701
56773	0.1888427543478436
7901	0.0499977608678776
66895	0.1404561455461410
199342	0.1226621683007435
6371	0.1252932741826752
86007	0.2732501947559652
12549	0.1655545780306634
7757	0.2614870394860445
7875	0.3016219654496909
59483	0.1389376949053462
34853	0.1891948495244262
37745	0.1696233735293785
36978	0.1891631601192471
34190	0.1679082155613844
34191	0.1579363886515351
36771	0.1578690128826353
36710	0.1679041751305309
56757	0.1551786056131599
549017	0.1603290544020606
84347	0.1550751347639436
56764	0.1680886907983987
56758	0.1888869074749212
47914	0.1680501431111255
56762	0.1600124418334854
33984	0.18916192793586
33983	0.1676287925236636
91432	0.3167137130073029
2700	0.2500250301793093
16180	0.0497346677768203
12933	0.3122566208436345
7340	0.0503459659758480
4445317	0.2094648435940588
204209	0.2023036809413066
4444102	0.1713128259212940
72056	0.0698231515903657
4437893	0.2857111973633811
34860	0.1714894290586387
82738	0.1697091217702965
36982	0.1892120481773434
36979	0.1681390582266971
47915	0.1602663019799290
56783	0.1581248178694517
36981	0.1550310939557912
37004	0.1602003796145530
36980	0.1681345930615554
5139	0.2220620093410433
56775	0.1888580021043559
56770	0.1888426875117535
11882	0.0499349256443306
96965	0.1912827390765318
33198	0.1912582454798286
12874	0.2120708458982302
4760	0.2120520006216455
11434292	N/A
8804	0.133024788509617
2246	0.1331575384762590
8799	0.135041574668989
8788	0.1330250753705293
26286843	0.334116580036799
11884	0.1152753426192901
33407	0.1734914532509868
36985	0.1717880917211152
35205	0.1716525725670572
15637	0.1682459708953116
82821	0.1604706697582710
13328	0.2296642575192081
2654	0.21176235753513
3463	0.2604431292048183
16388	0.3115772640948042
9797	0.3185921569856986
34854	0.1581928002938054
46136	0.1891908720124442
82736	0.1580776568499395
56759	0.1888852808692986
36984	0.1888840699901766
4745	0.2695017343089727
3693	0.2817608041864024
64016	0.267319906788417
559096	0.0305248365297854
4624	0.1464190897842621
7915	0.0500282674844214
10292746	0.2295137617688063
21782117	0.2295440036541993
33986	0.1716757198282372
36983	0.1716030258614276
36986	0.1697986437059272
45447	0.1699599509057105
35566	0.1606235219056937
47916	0.1567462035111630
46137	0.1604876233283063
550258	0.1889331847766471
33985	0.1581317623648944
10801109	0.3571829283573063
2003	0.2601111878791844
4744	0.2079579851202551
2925	0.2595814759998875
75956	0.2339791342692493
62060	0.26728270249405
13622	0.0497587808139084
2975965	0.1410231358942375
36990	0.1719905461396210
35912	0.1735438264685058
45448	0.1701417415233759
36987	0.1717227716622920
36988	0.1605034034965996
26563	0.0932470582407916
12071	0.2589210918024572
11671339	0.2299230378237753
69914	0.2525762535241340
2927	0.2086639921595276
69569	0.2274776709040259
33316	0.1889144678100487
3548	0.2147524683203957
12586	0.0832459964292095
15827	0.1913550620500459
4575338	0.1410009161489914
10169	0.1309679592536019
2908	0.2246077672545072
62964	0.1589229510775695
82751	0.1738281721690768
36989	0.1720375437372053
11883	0.0499591629869139
13850879	0.2947373469285040
16736498	0.3049011824308384
23977588	0.3049038961367356
29282	0.2119736434229207
18941	0.2120705748862080
8763	0.1220321994148606
65234	0.1493003528897970
23101	0.2269726700170960
26325085	0.2102706322660078
26325087	0.1192701213084432
26325088	0.0956045280587067
35108	0.159167380240831
78998	0.1152900692940463
6057	0.1987292801722664
3322	0.2686551065823734
9187483	0.1323842510125767
16736486	0.2295594044825526
21429023	0.2295905143237511
34192	0.1720228303579107
82822	0.1615202674887122
5198	0.2545692801092134
11283	0.1238354591520127
9053802	0.0558942377082738
7917	0.0500594531820516
10035	0.2589247602886602
12730	0.2119851610217707
36029	0.2096134596365484
4777	0.1149128114195886
3210	0.0623892709963765
7913	0.3016321250506974
5660	0.1389803812102253
35206	0.172371988045108
8101973	0.3167244029591735
4471584	0.2283308352384396
24142	0.0497834084402276
5376	0.2276594890060688
122090	0.2479437183513301
5678	0.1349981124302748
6528	0.2714036391698841
5554	0.1255496882108161
15484	0.1743812721409646
4447447	0.1413955047376911
2928	0.3002731673817699
9219586	0.2589389339908985
10652594	0.3130462370582888
5768	0.2245081525863185
2271976	0.2677871303264379
106796	0.2180797757082805
62632	0.1152975788809214
4911	0.2902154492674883
14688	0.0619792431091319
4444107	0.2270827223567050
8243	0.2713893889322815
5553	0.1021357736205149
14299946	0.3245237254101319
4380	0.2949719655931620
13837319	0.2713753722304283
6524	0.2713857251416509
11891	0.0500913395431710
3534	0.2677842581515032
78828	0.2276903026932889
5557	0.270401753436943
4444553	0.2475849935211936
10696	0.2316434251268204
10540	0.0500092100509910
509179	0.1377358560552206
5791	0.2066856384819573
76894	0.2394509895875097
2075	0.1197239554914445
2625	0.1442418969156365
5113	0.2546754550150974
2581	0.0501239490230177
66896	0.1404816440044386
8103122	0.1975470283184149
960	0.2787484131339973
5145918	0.181105096133801
13849665	0.2638482621365078
2041618	0.3977390485082658
8124942	0.316734860851269
9088156	0.2295105748964228
4228778	0.1376876963252732
6013	0.2782530315358209
2699	0.1047486155874776
3584	0.2794564481878791
5162	0.2176751911685639
31006	0.2782589317805408
26325089	0.1443122820858444
133166	0.2485654804166258
14348	0.0501573049916731
67414	0.1890688400767813
1043	0.3279025464496471
10784857	0.3140766194398827
26824	0.3438290036670048
8520	0.2293077574483161
83191	0.2583402202309214
5932	0.2067538056334951
6002	0.2067620255099726
11917	0.1330746235825782
5633	0.1623223125536362
24722	0.2340690406799647
56559	0.0560045938652709
7928	0.0501914317783567
3216	0.2920560112258357
3652	0.2922185203210299
5091	0.2589174482073938
20545	0.2589176857257784
10756390	0.2313381368612019
197564	0.2068596528842821
5550	0.2067669477087692
15016	0.0499027620062499
193441	0.1899776537857516
5552	0.1900184104529332
68224	0.2526442220480117
3438	0.1810909527589260
5551	0.2068741653157831
5774	0.2612235162872926
10162	0.2655006481703863
72522	0.0502263547181483
11557190	0.1805030571560009
5541	0.1903406865451247
4343	0.2920864696872316
7929	0.0501160770412581
10451	0.2317084988162111
92494	0.2614931428197914
11898	0.0502621002012751
2760	0.3018146986721566
11897	0.0501443141660356
5542	0.3018084033816968
92468	0.2615071167060616
11899	0.0501732001904857
19232037	0.2613786867093041
18019	0.4518337266629677
8521	0.1826583616046303
4444479	0.1931730186451017
48085	0.2656333703683504
4067	0.1560021479781535
9786472	0.2616545912395688
12017	0.0502027570473736
75995	0.2341388460210963
54833	0.2771013811999957
10733068	0.2316484138421170
14021447	0.1828318045482150
49179	0.2678714405484135
108106	0.1902376267757633
15520	0.2763225135473828
12072	0.0502330076357923
5775	0.0694748577202458
10449	0.2317779490069197
19232038	0.2616626052574968
21106059	0.3383563550371569
196288	0.2616731174785245
4470736	0.2925954242263599
11900	0.0502639758729511
18547147	0.2616669265838426
75662	0.1616096126002116
29400	0.1897713945704752
11901	0.0502956867491782
21105591	0.2271431013649823
10481872	0.3383777095306573
65272	0.0758923716733052
58496	0.2655220115652696
139025	0.2616816175642561
11146	0.0503281663863650
21587143	0.2616753363180046
4444362	0.2020530890524554
21105594	0.2185917391694416
21106058	0.2271204603149647
26325080	0.1842948104619172
11902	0.0503614421000893
21486195	0.3379327528121942
21106077	0.2188746168604172
4927801	0.1914568852021894
10542	0.0505030976304199
26325081	0.1856733397436751
11906	0.0506600348045034
26325082	0.1870309494133901
6045	0.2865059937802249
26325083	0.1883903801479191
26325084	0.1897625868237692