Compound Id	VABC
937	17.346685401361
127983	25.706986908728
217	19.553218908967
692	32.006211326428
763	26.136912101922
748	31.576286133233
23208	32.290680101683
291	25.852443326667
11148	31.920002176973
391	27.0654827584
274	38.159979326189
923	34.067288416095
6105	37.987561027280
21106179	44.055119877586
6086	37.875510550933
864	34.642670027228
8960	30.549979117133
22814	28.3837121088
6153	50.122678727892
518	N/A
278	40.796438026989
1087	42.009477458722
16641	40.918054679161
6085	40.511969251733
6089	36.849203534833
4514529	23.767526471233
22408	30.476536379167
9642	55.1714951768
13571291	63.531796684167
693	43.002971534594
6087	41.0635110971
11153	47.131069947406
6084	43.148427952533
6102	48.8722707591
7568	64.083338529533
172	49.302195952295
6132	53.198628797713
9243	49.215986802840
2275	63.031948577922
12066	65.668407278722
10205670	64.159981503162
10441	69.234639278961
4937830	63.961721877361
6111	48.0879538776
6135	51.793198235156
6083	45.136062304233
6128	55.283545653146
6123	71.441172786567
9484	61.351104503453
6095	55.1714951768
7956	51.938654653095
682	51.938654653095
1019	63.490327541934
9990	72.467479802667
4514586	27.840077678367
12577	67.418663353759
9286	67.418663353759
11727	57.662497459661
16425	68.743753261838
7577	58.092422652856
171	58.092422652856
1143	53.999731742761
6098	55.723037022167
9256	73.486222204065
9994	56.878180578161
7954	57.8079538776
6101	54.1451881607
654	54.1451881607
6108	57.597574040267
6104	56.274578867533
8900	57.191103124234
6191	79.553781054372
21106169	70.141331204014
21112738	70.382562947233
7559	63.961721877361
4481813	60.298956160461
28994	60.298956160461
173	60.298956160461
6088	51.129244996932
13835235	60.728881353656
6130	62.342137717840
6097	58.359495722967
6314	81.257706503228
11228	86.530623904828
13836713	76.3169779352
6151	68.409696568146
6094	60.4444125784
70850	88.737157412433
11811	88.737157412433
6145	88.737157412433
6310	88.737157412433
773	53.908556892334
7738	58.001247802428
5978	79.237905411256
12197	69.831021101867
7566	66.168255384967
6093	60.347130074667
512	66.598180578161
13872989	66.598180578161
175	66.598180578161
2018165	70.494613423580
6148	70.494613423580
12640	80.7863121678
8902	68.5680828174
13835336	62.935414861261
6103	61.657452010133
1039	61.657452010133
7030	71.822175278483
6333	72.751948577922
71390	66.414688924973
6338	69.089182861022
6092	62.4320469301
2005981	63.7185290998
21106015	67.149722423528
19475	85.955242293695
23730	88.591700994495
7736	60.207781310034
12442	68.499605780407
16841	82.629731124192
7557	72.467479802667
7558	72.467479802667
10772140	73.303490423289
11154	66.340312767366
13835977	68.804714085767
1004	69.234639278961
3644	69.234639278961
13835550	65.141948368867
13835316	70.9341047926
553742	70.9341047926
558928	70.9341047926
1577	68.1878633324
7790	74.458633979283
2916	64.4196812818
8899	61.420820741767
6190	88.697289974499
7734	75.388407278722
1005	75.388407278722
6335	75.388407278722
5894	71.295716368628
13836674	73.019021648033
659	70.447678710695
29008	76.380698711634
11749	103.826608530695
11910	101.190149829895
7012	101.190149829895
11065	101.190149829895
6164	103.826608530695
11239	103.826608530695
5977	71.485646637967
7330	77.407005727734
62827	90.782206829932
7546	74.174165204028
7737	74.174165204028
11756	77.879409561583
4514549	33.833260371066
3102535	84.975763286061
363458	102.466910038061
7556	75.103938503467
56442	75.103938503467
4449912	75.103938503467
7957	75.103938503467
7564	71.441172786567
1114	71.441172786567
7777	106.0331420383
7606	106.0331420383
8904	68.5680828174
8903	68.5680828174
6149	77.553205488273
6125	73.5705634934
29040	86.702282331326
454215	86.702282331326
7029	80.327933203789
7739	67.720045159467
9391	87.437315829880
7733	81.257706503228
394562	81.257706503228
6322	81.257706503228
60524	77.594940786328
6330	77.594940786328
6334	77.594940786328
5993	77.594940786328
6100	68.425229622799
13837190	78.024865979522
13835224	78.024865979522
7728	78.024865979522
13839553	78.024865979522
558020	74.635641667707
62808	74.635641667707
124968	74.635641667707
14829	79.638122343706
21111820	85.016029785334
10437	75.655480348833
6121	75.655480348833
558875	79.079207206867
8544	80.043464428534
7553	77.091572855167
11526	84.178633979283
592	84.178633979283
10771217	88.514558193722
10498	81.3793231554
6119	75.5581978451
81815	83.131858032722
14694	85.705681194013
30713	85.705681194013
7555	77.740397204267
6120	77.740397204267
24043	103.251226919561
19476	103.251226919561
6177	109.980376530456
8012	109.980376530456
12957	105.887685620361
13875283	104.530075128973
1020	74.8673072351
10340	75.297232428295
12225	80.7863121678
1348	71.2045415182
844	90.332401979044
29015	82.964391904589
10018	82.964391904589
7717	83.464240010833
6311	83.464240010833
7732	83.894165204028
6321	83.894165204028
13871721	83.894165204028
62597	83.894165204028
6313	83.894165204028
256	83.894165204028
9016	91.773240044319
9254	91.773240044319
14441700	87.790598049446
61213	87.790598049446
7727	80.231399487128
13836021	80.231399487128
8733	80.231399487128
13863629	81.451000428056
9363	80.934866085407
61111	80.934866085407
7560	78.9534366360
11729	78.9534366360
10606755	105.6399923808
38403	105.6399923808
7636	89.118159904350
374462	87.3774589198
3951	90.047933203789
7616	90.047933203789
552744	90.047933203789
8896	82.679923129334
7615	86.385167486889
387	86.385167486889
5439	86.385167486889
13837650	73.5705634934
13853215	97.840798894626
9392	97.840798894626
7552	79.728031555967
6118	79.728031555967
733	86.815092680083
454209	89.875514904880
66565	87.002424935713
7817	118.486134455761
7081	118.486134455761
11809	84.445707049394
13837280	86.145172563033
236	81.1665316528
11731	80.166476067733
8141	88.833691129095
29036	79.630749052233
13837537	85.170925412195
2340753	89.778232401146
10325184	89.778232401146
107412	99.925715750059
11099	89.763464428534
6309	89.763464428534
558883	89.763464428534
56020	89.763464428534
11806	89.763464428534
1095	83.892962561067
8351654	90.603855382883
3168	86.530623904828
10709	86.530623904828
6312	86.530623904828
258	86.530623904828
6320	86.530623904828
6146	86.530623904828
415	82.437932994734
4444456	88.230089418467
12229	83.657533935661
9614	87.234090503107
5730	86.6967144084
7551	81.715665907667
2282428	95.845791251453
9251	95.845791251453
3441	95.845791251453
9461	102.096841754947
8329688	91.863149256580
61346	105.993274600365
9095782	102.010632605492
21171407	83.084755547866
7782	92.684391904589
11755	92.684391904589
10653	92.684391904589
8525	92.684391904589
6341	92.684391904589
259	92.684391904589
23621376	88.591700994495
7021	88.591700994495
11244	88.591700994495
1141	97.048536218522
21111806	93.301649353413
21108550	93.301649353413
9325	93.301649353413
7961	97.571857964394
10251740	90.241227128617
66021	83.779150587834
10437074	83.779150587834
66996	83.779150587834
6042	88.781631263833
6326	88.781631263833
10325078	101.913350101759
11117	94.7029903536
2062437	97.930708106886
13867413	98.408234711156
10675065	108.078191455799
7630	98.838159904350
7026	91.470149829895
8554	91.470149829895
7028	91.470149829895
13835459	87.3774589198
29004	126.346587856883
13634	106.822817786034
6106	76.406046667198
10765	92.399923129334
7713	92.399923129334
4483639	92.399923129334
4483638	92.399923129334
10113	92.399923129334
7469	127.276361156322
7472	127.276361156322
6649	127.276361156322
21943	123.183670246228
84036	123.183670246228
68152	123.183670246228
25889	123.183670246228
7018	93.235933749956
7716	88.737157412433
23255	88.737157412433
11230	88.737157412433
7730	88.737157412433
13838404	83.703300259367
971	89.956758353361
10008	85.864067443267
7688	85.864067443267
1664	85.864067443267
71089	85.864067443267
8543	90.866548119267
6316	90.866548119267
62826	103.998266957192
10197150	104.991927904111
10488	97.623917829656
21168808	85.016029785334
13647	125.916662663689
221117	134.567877006934
7220	113.122042203734
10364	110.485583502934
7672	119.259526732767
59674	98.553691129095
11752	94.890925412195
13816	94.890925412195
29107	94.890925412195
61707	94.890925412195
10464	94.890925412195
65936	91.587910249834
2038738	91.587910249834
31029	85.721214248666
6122	85.721214248666
13836589	95.320850605389
13836591	95.320850605389
10948	95.320850605389
13835209	95.320850605389
13861343	97.426401546456
4489	107.010526353122
11351244	99.642516278667
577	100.573299076528
9360	96.024317203668
9350	96.024317203668
9326	96.024317203668
9253	100.916748964446
83734	100.916748964446
71312	99.918342458586
2293678	99.918342458586
23055	96.934106969573
10054	92.9514649747
7714	92.9514649747
6315	92.9514649747
13299573	110.065825807499
7689	90.078375005533
11784	90.078375005533
11785	90.078375005533
9411	110.887068455508
3631	114.783501300926
7788	97.3394490544
21105795	113.406510978989
7791	93.6766833375
13866746	111.504325904332
70714	87.851701794967
70715	87.851701794967
7514	135.782119081628
11036	138.418577782428
472932	90.846072008989
105291	90.846072008989
5976	105.838762919084
6188	106.984307814753
99596	103.001665819879
7712	95.036381830134
6308	95.036381830134
9646	95.036381830134
2056044	126.280868006718
61149	126.280868006718
5889	92.163291860967
21106520	92.163291860967
13874733	92.163291860967
13839199	92.163291860967
1078	107.628386604911
13836549	117.571884754639
1015	81.9646704580
7770	100.7602246367
11525	101.190149829895
12626	101.190149829895
7772	101.190149829895
10777	101.190149829895
7016	101.190149829895
7607	101.190149829895
73583	109.069224670186
7241	97.887134667534
7225	97.887134667534
78	97.887134667534
60329	97.527384112995
1609	97.527384112995
13854944	97.527384112995
13835861	97.527384112995
24099	97.527384112995
12816	98.317059860728
9943	98.317059860728
10772050	103.725625964156
13837760	98.746985053922
4878	98.746985053922
17443	94.654294143828
120489	94.654294143828
9349	98.230850711273
11600	98.746985053922
764	98.746985053922
21106535	99.656774819828
7721	96.249421261867
9233	96.249421261867
18607	96.249421261867
13837281	101.356240333467
66567	122.935977006666
7676	96.377599423233
156255	104.673443545667
9547	119.474069829295
6406	107.343917829656
13862665	107.343917829656
29001	107.343917829656
7024	99.9759077552
7787	99.9759077552
15077490	104.989300171579
63054	114.226993754587
11799	103.681152112756
7466	103.681152112756
10053	97.024016181834
6307	97.024016181834
7711	97.024016181833
18971812	111.154141525619
10781	146.924335707734
11783	94.150926212667
7685	94.150926212667
13630	94.150926212667
63889	98.868601706095
9228	102.445158273540
1108	98.462516278667
10534	109.362516278667
7679	106.129675754961
12643	106.129675754961
7684	102.466910038061
12499	120.294552604893
24590970	107.074217027013
6950	97.8456655253
56144	121.204342370799
11110	107.0594490544
12209	107.0594490544
10124	107.0594490544
24041	140.479654872095
25886	135.206737470495
19477	140.479654872095
17784	140.479654872095
3973	111.791892520441
7224	104.186359085234
11833	103.826608530695
29000	103.826608530695
8398	103.826608530695
6040	103.826608530695
14672	103.826608530695
21011	103.826608530695
10947	103.826608530695
6165	103.826608530695
13837702	99.7339176206
235	104.616284278428
55091	105.932159471761
66809	100.953518561528
62489	100.953518561528
11080	100.953518561528
5596	100.953518561528
392	100.953518561528
13257	100.953518561528
12231	111.853518561528
2606	106.362084664955
8528	96.860827651434
8878	104.915433680267
19231	108.620678037822
7681	99.6755557104
11911	103.992699034267
6342	103.992699034267
18219	98.675500125333
7248	130.4180268296
11661	130.4180268296
7710	99.011650533533
768	102.973126508961
11125	109.980376530456
10492	109.980376530456
7463	109.980376530456
7706	109.980376530456
11680	109.980376530456
7701	109.980376530456
10001	109.980376530456
7627	109.980376530456
10571	109.980376530456
5708	105.887685620361
19953955	105.887685620361
13848341	142.220355856645
76394	106.677361368095
13835604	106.317610813556
7138	107.107286561289
7443	107.107286561289
913	107.107286561289
5709	107.107286561289
7673	100.450150630367
13875432	105.167826123795
13875219	105.167826123795
13837686	105.167826123795
7013	106.0776158897
92731	119.209334727626
13874867	116.134144530217
71787	112.041453620122
7745	112.041453620122
7678	108.766134455761
13255	108.766134455761
59447	104.673443545667
48024	104.673443545667
8868	98.655810203495
5593	94.5631192934
13835932	112.901304006511
28981	153.078103707495
4510484	150.441645006695
7534	153.078103707495
215929	153.078103707495
13662	109.598288844150
123207	102.941152913228
7090	116.665192829586
12201	109.6959077552
11109	109.6959077552
12446	109.6959077552
7769	106.0331420383
63631	106.0331420383
24263	154.166928857067
6364	154.166928857067
7221	106.822817786034
7240	106.822817786034
6186	116.127816734879
6187	116.127816734879
7238	107.252742979228
13835772	107.252742979228
13839082	107.252742979228
21105871	107.252742979228
13860335	107.252742979228
24533	103.160052069134
28992	103.160052069134
20843	103.160052069134
21106032	108.162532745133
6156	113.249241329867
789	122.287912529978
13836520	114.919902455522
10628694	97.054121576261
185	92.961430666167
21106036	119.242404261902
4444608	115.849675754961
13837797	115.849675754961
7794	157.9210959159
11795	112.186910038061
120621	112.186910038061
20119	112.186910038061
26765	112.186910038061
192642	112.186910038061
12821	112.976585785795
12478	112.976585785795
7389	112.976585785795
10497	103.017198874532
109838	112.616835231256
16778	112.616835231256
7705	112.616835231256
13835293	112.616835231256
13839441	112.616835231256
13863618	113.406510978989
28682	109.313820068895
238	113.406510978989
123	113.406510978989
63908	109.743745262089
9581	113.320301829534
13875196	113.320301829534
2018460	117.214327084453
10512	110.247449600567
55090	110.247449600567
456015	104.373091500867
13869451	107.3743596314
13854248	107.3743596314
13869339	107.3743596314
1151	99.545123859122
9574	119.474069829295
11086	114.635433680267
11857	114.635433680267
7677	110.972667963367
11788	110.972667963367
62589	110.972667963367
7686	110.972667963367
776	100.8623437111
7478	118.770603231017
15802	164.2203203336
17976	164.2203203336
9579	119.474069829295
10664	115.897513261850
955	115.897513261850
13837787	115.897513261850
1266393	112.9700242766
13875441	109.240377330928
13842573	109.240377330928
6974	109.240377330928
10437239	108.142056634856
7767	112.3323664560
7604	112.3323664560
7010	112.3323664560
6163	112.3323664560
6340	112.3323664560
7234	109.459276486834
13854136	109.459276486834
13835151	109.459276486834
13860692	109.459276486834
21105905	109.459276486834
21106560	109.459276486834
7242	109.459276486834
11077	109.459276486834
11042	109.459276486834
10940	109.459276486834
10937	109.459276486834
13842613	109.459276486834
21132380	109.459276486834
7223	109.459276486834
11582	130.127113993722
6774	142.129181006217
9218	138.976587962768
7236	117.126435963128
7480	117.126435963128
499714	117.126435963128
13857694	111.588667193667
13866817	111.588667193667
13837988	111.588667193667
12228	N/A
83866	117.556361156322
83850	117.556361156322
6621	118.346036904056
7671	161.868330408056
7074	159.231871707256
62467	130.824112257028
30516	157.775639497961
10487	115.186975525633
11846	118.056209262567
7098	125.455419530147
61191	125.455419530147
73412	112.235083952267
6176	118.486134455761
10791	118.486134455761
10788	118.486134455761
7621	118.486134455761
11025	118.486134455761
11095	118.486134455761
5949	118.486134455761
63156	118.486134455761
10101	115.432572788644
68156	114.823368738861
9377	118.399925306307
5026296	165.593614258428
13648	115.613044486595
2241	115.613044486595
13644	115.613044486595
13856009	115.613044486595
11087	106.443333323066
8657	116.042969679789
8665	116.042969679789
9564	116.042969679789
447	116.042969679789
2039535	111.950278769695
10384035	111.950278769695
4962	116.042969679789
10437135	111.950278769695
7776	113.545405887733
7180	163.886928857067
7182	163.886928857067
10669	163.886928857067
8531	150.350470156267
8335	150.350470156267
10253	150.350470156267
10979	163.886928857067
7181	163.886928857067
13875160	113.6735840491
13875281	113.6735840491
13875230	113.6735840491
13840690	113.6735840491
4449	121.969428171534
744	112.651657366728
68832	124.639902455522
7674	117.271892381067
8908	117.271892381067
191367	120.977136738622
11695	120.977136738622
7766	114.3200008077
61487	114.3200008077
331	122.196737679550
7142	122.196737679550
132	122.196737679550
7145	118.104046769456
13846959	118.104046769456
13853943	118.104046769456
222538	118.104046769456
65523	118.104046769456
2849146	118.104046769456
10437210	118.104046769456
21108548	112.510892173372
21106019	119.827352048861
21106014	119.827352048861
16159	120.737141814767
7786	114.758445319467
7219	115.758500904534
7521	115.758500904534
7641	115.758500904534
6967	115.758500904534
9874	147.998480230722
13054	143.905789320628
15443	123.425660380828
10939	123.425660380828
6179	119.2037668047
21106470	109.222645218467
8855	109.222645218467
11861	173.010547034161
11845	124.355433680267
13839308	121.4823437111
10536	165.433359765334
7823	121.122593156561
7812	121.122593156561
11793	121.122593156561
7622	121.122593156561
7459	121.122593156561
11024	121.122593156561
11794	121.122593156561
11678	121.122593156561
10787	121.122593156561
7626	121.122593156561
11996	121.122593156561
55188	121.122593156561
11732	121.122593156561
10790	121.122593156561
11056	121.122593156561
11180	121.122593156561
13866593	117.029902246467
7703	117.029902246467
21106020	122.318354331722
13853953	122.318354331722
21106013	122.318354331722
256210	124.312096336728
7518	115.6612184008
13876539	121.912268904295
7132	121.912268904295
21106524	121.912268904295
21168826	121.912268904295
13865424	121.912268904295
71433	127.908767254934
455090	114.1568122773
503239	114.1568122773
13860775	118.249503187395
13869480	118.249503187395
13869414	118.249503187395
11849	121.122593156561
11083	120.378893894228
6988	120.378893894228
8140	120.378893894228
65	120.378893894228
10857	120.378893894228
6633	120.378893894228
21111822	116.971540336267
7239	116.971540336267
6550	126.706338411422
26325086	126.346587856883
71430	126.346587856884
21106173	126.346587856883
7765	116.3076351594
13859497	127.136263604617
6775	127.206186517667
11672	127.206186517667
11773	127.206186517667
12012	127.276361156322
7761	127.276361156322
8552	127.276361156322
62249	127.276361156322
7515	127.276361156322
7475	127.276361156322
29012	127.276361156322
11706	127.276361156322
7064	127.276361156322
11992	127.276361156322
10446	127.276361156322
7065	127.276361156322
11207996	125.958131805922
7747	127.276361156322
11193	127.276361156322
19956441	123.183670246228
11107	123.183670246228
11694	123.183670246228
11930	123.183670246228
9903	120.6980268296
4963	124.403271187156
953	124.403271187156
21106146	124.403271187156
21106144	124.403271187156
13863774	124.403271187156
73479	124.403271187156
58563	124.403271187156
299166	124.403271187156
13875320	117.746135256234
13875258	117.746135256234
13875392	117.746135256234
21112023	127.979827754601
13851576	117.746135256234
11769	115.233560023627
10432	115.233560023627
10328	115.233560023627
63310	131.640505470256
59573	130.829694730989
7161	170.040696856828
6720	175.313614258428
13850142	175.313614258428
390927	175.313614258428
206493	132.773897261729
11667	122.463810749661
21106018	122.463810749661
12823	122.463810749661
55205	129.482894663928
69982	164.213876272978
10710415	133.430129156083
13865426	133.430129156083
6780	115.521869636167
8098	115.521869636167
6658	145.548753945556
9970	126.062119081628
7528	121.969428171534
7530	121.969428171534
11489	121.440874568867
526	130.557039186917
6339	120.2829038628
7984	130.197288632378
21111817	123.899903255995
63906	123.899903255995
3350	130.986964380111
1446	130.986964380111
18	130.986964380111
71	130.986964380111
7146	130.986964380111
11121	126.991892381067
555074	126.991892381067
7811	123.329126664167
8562	123.329126664167
7624	123.329126664167
8158	123.329126664167
6079	128.617578749422
434	128.617578749422
8071	128.617578749422
21105959	124.548727605095
13865438	124.548727605095
21106135	124.548727605095
7391	124.548727605095
28982	124.548727605095
13839110	124.548727605095
13839151	124.548727605095
13865680	124.548727605095
11604	124.548727605095
13839128	124.548727605095
13839174	124.548727605095
13839105	124.548727605095
13839123	124.548727605095
11021	124.548727605095
20570	120.4560366950
7131	124.548727605095
5830	124.548727605095
24972	120.4560366950
10992	124.548727605095
553171	139.583897155845
13860817	122.585427401833
11778	122.585427401833
13860720	122.585427401833
136966	122.585427401834
13848793	133.005562829122
30572	135.921131438945
7866	179.164315033923
19957731	175.071624123828
10257	133.048041469778
7211	133.048041469778
7172	133.048041469778
13875356	119.733769607934
13875212	119.733769607934
13868640	119.733769607934
10864	126.390905538856
21181	129.482894663928
12445	129.482894663928
122446	129.482894663928
62534	130.272570411661
62408	130.272570411661
11830	120.313183500399
13835836	129.912819857122
13835376	129.912819857122
127750	129.912819857122
13836399	129.912819857122
13884973	129.912819857122
13839416	129.912819857122
21109330	129.912819857122
18707	124.451445101361
6883	130.702495604856
7189	130.702495604856
28969	130.702495604856
61765	130.702495604856
21111781	130.702495604856
5915	126.609804694761
68568	126.609804694761
64699	132.018370798189
7140	130.702495604856
8070	130.702495604856
7190	130.702495604856
10181341	130.702495604856
221226	127.039729887956
10526	127.543434226433
120464	127.543434226433
7150	157.073175706539
12259	167.646454782134
13860	125.761767036828
11563	138.683312649255
7003	139.299428380589
7662	126.7997349641
13862559	126.7997349641
13864445	126.7997349641
13865630	176.812325108378
553642	131.931418306134
8876	121.821094053867
906	121.821094053867
13638	128.268652589234
6480	127.740098986567
11866	135.352193888434
13839109	136.066587856883
11591	136.856263604617
9454	136.770054455162
21106148	133.193497887717
6781	133.193497887717
206561	133.193497887717
13803	139.619921431550
8560	129.628351081867
11094	129.628351081867
11023	129.628351081867
11055	129.628351081867
10786	129.628351081867
7619	129.628351081867
10755	129.628351081867
11551	129.628351081867
221082	130.4180268296
7129	130.4180268296
8950	130.4180268296
15965	165.294464856589
13868660	121.654401093499
7092	128.252769319689
924	126.7552611127
13860641	126.7552611127
21106525	126.7552611127
10991	126.7552611127
13869434	126.7552611127
6630	126.7552611127
13840647	126.7552611127
13860491	126.7552611127
13869462	126.7552611127
63903	126.7552611127
62530	126.7552611127
13856352	126.7552611127
551	139.310372604561
14627	124.312096336728
191	142.220355856645
558917	185.033614258428
6301	185.033614258428
10616	139.347265887478
5882	139.347265887478
8183	139.347265887478
6646	138.987515332939
84971	138.987515332939
388391	138.987515332939
10980	132.690129956556
10972	132.690129956556
6674	132.690129956556
361	139.777191080672
13063	156.4130633056
10797	135.782119081628
28986	135.782119081628
7760	135.782119081628
7838	135.782119081628
230	147.444350556967
13842001	132.119353364728
18801	132.119353364728
21108576	132.909029112461
21106518	132.909029112461
62466	132.909029112461
62485	132.909029112461
11460	132.909029112461
10254	132.909029112461
21169510	138.317595215889
880	132.909029112461
7397	132.909029112461
8674	133.338954305656
62517	133.338954305656
11651	133.338954305656
10437215	129.246263395561
60121	133.338954305656
21105859	133.338954305656
13848467	133.338954305656
120548	129.246263395561
2923	134.6084946261
28947	158.849784020950
21105878	133.338954305656
11625	152.192648090028
7815	130.8413905136
7827	130.8413905136
11761	130.8413905136
14998	139.335452656295
21168831	130.969568674967
15482	192.513065167634
10975	141.838268170339
10870	141.838268170339
10837	141.838268170339
9120	141.838268170339
1448	141.838268170339
22191	141.935887081389
15438	134.567877006934
14751	134.567877006934
8909	134.567877006934
10265264	134.567877006934
10179173	134.567877006934
21800	134.567877006934
15765	134.567877006934
11699	138.273121364489
7810	131.615985433567
12069	138.273121364489
13839575	138.703046557683
1253	139.492722305417
7176	139.492722305417
10181338	139.492722305417
21105848	139.492722305417
10892	139.492722305417
124	139.492722305417
87265	129.893085948694
13848808	139.492722305417
13860434	139.492722305417
11629	139.492722305417
73390	135.400031395322
10437335	135.400031395322
38364	130.872286171234
27488	130.872286171234
14227	137.123336674728
13835126	137.123336674728
17347	134.551993737389
7385	133.0544855304
7128	133.0544855304
11660	133.0544855304
11409	133.0544855304
7659	133.0544855304
6977	133.0544855304
10236	133.0544855304
11366	135.589961664661
21106172	135.589961664661
7001	135.589961664661
13029	135.589961664661
13030	135.589961664661
11422351	162.844738571423
6665	151.396174438636
8341	130.611320754428
6739	130.611320754428
7208	145.646490305178
992	145.646490305178
8182	145.646490305178
11038	125.726952300632
16791	141.651418306134
11864	141.651418306134
12161	148.410148132111
12061	138.778328336967
7837	138.418577782428
18717	138.418577782428
15954	138.418577782428
11029	138.418577782428
10511	138.418577782428
11819	138.418577782428
99440	138.418577782428
11543	138.418577782428
11739	138.418577782428
11194	138.418577782428
11216	138.418577782428
11210	138.418577782428
7202	139.614338957589
21168813	139.208253530161
6881	139.208253530161
8186	139.208253530161
21105870	139.208253530161
21106366	139.208253530161
15517	144.002323037289
25890	192.367608749695
13811	192.367608749695
7809	133.603619785267
7042	148.137492588039
6706	141.480356657117
68179	144.142420588995
5979	134.414834575133
55123	144.572345782189
7803	144.572345782189
18688	144.572345782189
7482	144.572345782189
10420	144.572345782189
11843	144.572345782189
7536	144.572345782189
55130	144.572345782189
10433	144.572345782189
7657	144.572345782189
22453	144.572345782189
11045	144.572345782189
29016	144.572345782189
14169248	140.479654872095
11632	140.479654872095
11265	140.479654872095
65763	145.768106957350
392447	145.362021529922
8097	137.994011455467
11585	141.699255813022
78467	141.699255813022
1906	141.699255813022
11488212	140.381026462622
14556	141.699255813022
7383	135.0421198821
6642	184.9424394080
589165	136.3286020518
11961	137.796495172267
21111772	137.796495172267
11954	137.796495172267
21106586	150.726113781950
6790	132.817854262034
8319	132.817854262034
21106581	147.853023812784
21106145	147.853023812784
6023	141.195887881861
11588	138.683312649255
6675	138.683312649255
8883	144.446928857067
68503	154.279447356617
10614293	146.924335707734
7833	144.287877006934
4516601	144.287877006934
4516599	144.287877006934
4512361	144.287877006934
4512642	144.287877006934
7835	140.625111290034
15093	145.913563375289
11286	152.647093319911
5142	139.249529527856
96749	162.437267958567
61538	141.844712230961
10246	141.844712230961
12244	141.844712230961
10248	141.844712230961
9911	141.844712230961
16119	141.844712230961
13871718	141.844712230961
25552	137.752021320867
13658	137.752021320867
12060	141.844712230961
11647	149.511871707256
61739	139.401547454989
8282	139.401547454989
6492	139.401547454989
21106571	142.010802734533
21106163	142.010802734533
21106540	142.010802734533
6737	137.0321618243
6789	137.0321618243
61001	157.410930081081
4446445	150.441645006695
71628	146.3489540966
59577	146.778879289795
11875	147.208804482989
12010	137.609168126266
455353	147.208804482989
205483	143.905789320628
7278	147.998480230722
11576	147.998480230723
6897	147.998480230722
6035	147.998480230723
13835344	147.998480230722
10181339	147.998480230722
11589	147.998480230723
30595	147.998480230722
7175	147.998480230722
7157	147.998480230722
8807	141.4201459040
11865	144.8394188523
20124	134.805488613734
17619	N/A
2068	145.037093110856
5236	145.037093110856
4103087	152.835028378506
6736	139.117078679734
6788	139.117078679734
83962	206.339351509923
7044	154.558333657911
16359	154.558333657911
10986	154.152248230484
191058	154.152248230484
13835630	149.699806765850
2937774	150.489482513584
11708	131.720134993331
86394	157.726716796684
10411	148.120096882895
349	146.924335707734
11035	146.924335707734
11104	146.924335707734
10795	146.924335707734
305	165.954577257528
10445	146.924335707734
71193	145.548753945556
67270	145.548753945556
6033	145.548753945556
21159695	144.051245738567
13853758	144.051245738567
18724	144.051245738567
15427	144.051245738567
10996	176.412841716928
6296	155.381170931761
11776	139.0173885855
17868	141.1781557694
13867714	141.1781557694
21105699	141.1781557694
376	159.516340482511
11586	156.643250513345
62472	156.643250513345
11584	149.986114582422
29026	152.6481785143
57726	153.237155557628
7802	153.078103707495
441	153.078103707495
9633	152.991894558040
11465	150.205013738328
10243171	150.205013738328
11332993	150.205013738328
11610	150.205013738328
11422	150.205013738328
194092	150.205013738328
7199	150.205013738328
26516	141.035302574799
27296	150.634938931523
72556	150.634938931523
19709	150.634938931523
391428	154.166928857067
14198	154.166928857067
6402	154.166928857067
14680	148.137375139467
6478	144.0566046048
8262	147.761848962356
8273	147.761848962356
7888	213.756284285656
6735	141.104713031434
6588	147.761848962356
7420	148.265553300834
10343	159.134252796206
19766	150.801029435095
13047	150.801029435095
11294	145.822388524861
75951	159.231871707256
72793	159.231871707256
7076	159.231871707256
10422	155.569105990356
11863	148.911970059434
13846749	156.788706931284
21108577	156.788706931284
7406	156.788706931284
21106008	156.788706931284
65701	147.189070574560
21105897	156.788706931284
11596	156.788706931284
21106900	156.788706931284
9965	156.788706931284
10410	150.350470156267
7419	150.350470156267
8356	150.350470156267
6999	150.350470156267
7088	150.350470156267
7448	150.350470156267
7183	150.350470156267
7155	165.288020795967
11871	149.3504145712
13835351	162.082624544656
6773	162.082624544656
6852	147.907305380295
2157	162.942474931045
6604	145.944005177034
17880	158.9474029320
99681	216.059351509923
67460	156.074312962834
18920	155.714562408295
11841	155.714562408295
8569	155.714562408295
455420	155.714562408295
7533	155.714562408295
7434	155.714562408295
932	155.714562408295
123993	155.714562408295
62230	155.714562408295
9893	156.504238156028
10586285	159.810757513514
6688	167.779023078828
109705	187.662515183158
7151	154.464751216984
9724	156.803387557867
10265270	156.803387557867
10179239	156.803387557867
6586	154.061073380056
13872122	152.338104507967
11862	150.899604411134
440	165.073726659367
7694	161.868330408056
11716	161.868330408056
29005	161.868330408056
8568	161.868330408056
7538	161.868330408056
370	161.868330408056
7073	161.868330408056
26325090	157.775639497961
6898	162.658006155789
556589	162.658006155789
13854242	158.995240438889
7310	158.995240438889
11595	158.995240438889
6593	141.516906112167
2441	162.957155557628
56117	165.421663982722
68676	161.124631145722
6635	163.733886425267
62265	171.587245213667
20939	163.886928857067
6828	153.7766046048
6577	181.923893020895
13104	219.542645225695
21106570	157.221870504967
18177	165.149008438650
15755	152.243229594734
67470	152.243229594734
15756	152.243229594734
15524	152.243229594734
14995	152.243229594734
14994	152.243229594734
15475	152.243229594734
15478	152.243229594734
15476	152.243229594734
15477	152.243229594734
62484	155.979297275121
29025	161.5838616328
7851	157.9210959159
7856	157.9210959159
454638	228.290393285601
1406720	228.290393285601
21105998	159.140696856828
61411	159.140696856828
69177	159.140696856828
10244	159.140696856828
15855	170.040696856828
24535	155.048005946734
14678	159.140696856828
13846663	159.140696856828
69340	159.140696856828
63863	175.128765557150
63968	156.267606887661
70660	170.513100690678
62628	164.504789108856
123860	164.504789108856
4611	165.294464856589
13885245	165.294464856589
6745	165.294464856589
13876103	165.294464856589
7279	161.201773946495
6592	158.716130529867
3756	231.052268911523
13850082	225.779351509923
1266019	225.779351509923
7850	162.135403478167
541032	156.597841986622
58234	165.593614258428
218253	168.987672375234
8912	169.728783809178
2424	162.333077736723
66656	N/A
71437	163.730547834634
10831	156.4130633056
10829	156.4130633056
10851	156.4130633056
10813	156.4130633056
13677	156.4130633056
10849	156.4130633056
10850	156.4130633056
10909	156.4130633056
10918	156.4130633056
10841	156.4130633056
10908	156.4130633056
642951	171.854318283778
917	159.9875318718
9824	164.869898529628
1278	149.877207619534
10437836	160.030010512456
2206	175.022701422550
7849	164.2203203336
17558	164.2203203336
13439	164.2203203336
13402	164.2203203336
76154	162.844738571422
2915	149.0291699616
6794	161.347230364434
21106519	161.347230364434
65750	161.347230364434
12637	175.952474721989
20198	199.047835659311
7302	162.566831305361
10903	162.566831305361
13839012	162.566831305362
6855	162.566831305362
7315	194.806810631550
13846658	162.566831305362
26325182	190.080585640535
10025	176.812325108378
967	166.012097205528
28993	173.606928857067
15846	169.944163140167
29029	170.374088333361
7670	170.374088333361
9976	170.374088333361
12632	170.374088333361
6287	167.320526666245
23886	184.198740145667
33421	184.198740145667
67465	167.500998364195
15753	167.500998364195
79280	167.930923557389
28973	167.930923557389
7852	165.433359765334
72551	176.527856333123
24641	176.527856333122
18410	169.159846258667
8910	169.159846258667
4366810	172.865090616223
7848	166.2079546853
14256731	217.273593584617
6907	174.084691557150
8860	156.176432037234
62310	174.084691557150
70988	174.084691557150
86435	174.084691557150
6840	167.506357230428
10801842	167.4944368550
11974	158.301007563067
15461	167.646454782134
10404	167.646454782134
89258	182.584005421834
192748	182.584005421834
6835	164.773364812967
11003	164.773364812967
10756	175.313614258428
2656	165.593614258428
13837329	180.238459556911
502855	180.238459556911
34863	199.4098079161
6753	173.660125230189
14692	176.243387557867
12456	176.243387557867
10438331	167.045467939923
8574	173.010547034161
18336	175.297730988884
59482	173.800222781895
8935	170.137457064995
60886	170.361564856318
66675	183.3500547072
15488	168.987672375234
15489	168.987672375234
558878	182.397155557628
553578	182.397155557628
55084	179.164315033923
7509	179.164315033923
7800	179.164315033923
12954	175.071624123828
13229	175.071624123828
158870	167.454297365167
157093	167.454297365167
83374	167.454297365167
457144	167.454297365167
135925	167.454297365167
457145	167.454297365167
84188	167.454297365167
136000	167.454297365167
135983	167.454297365167
136001	167.454297365167
136002	167.454297365167
136003	167.454297365167
84235	167.454297365167
457140	167.454297365167
12674	172.5859807072
64155	176.291225064756
970	162.475656454934
4590	176.291225064756
8111	162.475656454934
12013	248.348253537389
12044	171.072589230667
12045	171.072589230667
12047	171.072589230667
7299	171.072589230667
21106140	182.590449482456
25677	214.620875686534
67991	187.970447696895
15803	177.950072959228
502245	182.444993064517
10227261	240.723346210245
44152	189.682227347617
12809	178.879846258667
15387	175.217080541767
8470	176.412841716928
5027	168.657385089934
21106365	170.925930169767
21106091	176.436681482695
16804	176.436681482695
55443	176.436681482695
67653	177.3464712486
2185	173.133666320334
2991	177.226357230428
137720	214.739253958217
11919	182.433179833334
26010	184.198740145667
30600	184.198740145667
33455	184.198740145667
33934	184.198740145667
33932	184.198740145667
6600	173.563591513528
2121	180.800825796628
13849989	185.033614258428
13849981	185.033614258428
7506	185.033614258428
18685	181.800773734723
3741	187.2945873089
8374	182.590449482456
247721	182.590449482456
15409	182.590449482456
79969	182.590449482456
13871489	194.3927785095
23150	192.140281407761
6807	177.777899075795
15620	173.709047931467
15621	173.709047931467
26260	173.709047931467
68437	173.709047931467
15619	173.709047931467
15861	173.709047931467
12682	173.709047931467
42330	192.318686048417
15413	191.507875309150
34866	199.4098079161
34665	199.4098079161
34664	199.4098079161
37904	199.4098079161
34864	199.4098079161
34188	199.4098079161
34865	199.4098079161
14840	181.516304959467
13448	181.516304959467
14866	182.305980707201
20132	216.515862272628
10400	179.432890738034
13835294	188.319651155256
67360	187.240147766034
12218	187.670072959228
55075	175.881460964189
9873	183.378922587228
14349	182.7293443912
6842	178.4381940192
6066	178.691052497189
512621	N/A
13090	181.075855362961
15702	196.700435123281
11369	165.787163364158
12219	183.503939311167
56793	214.620875686534
454495	214.620875686534
40191	214.620875686534
56791	214.620875686534
35581	214.620875686534
15495	191.380676183017
466305	191.380676183017
65785	191.380676183017
6916	191.380676183017
70652	191.380676183017
12133	179.532528645928
17131	194.934009757684
13487	184.9424394080
7170	184.9424394080
553649	185.732115155734
8816	203.130218856001
15473	184.198740145667
17099	184.198740145667
17098	184.198740145667
33933	184.198740145667
15474	184.198740145667
82755	182.6653651356
82712	182.6653651356
157094	182.6653651356
103011	182.6653651356
102798	182.6653651356
82762	182.6653651356
27793	182.6653651356
82754	182.6653651356
457138	182.6653651356
102897	182.6653651356
457139	182.6653651356
102947	182.6653651356
97173	182.6653651356
102720	182.6653651356
102801	182.6653651356
102833	182.6653651356
102721	182.6653651356
102856	182.6653651356
102933	182.6653651356
103066	182.6653651356
97172	182.6653651356
106355	182.6653651356
15486	190.306531660028
12220	190.306531660028
7882	190.306531660028
63518	191.096207407761
707	191.2423143778
8067	172.4329382754
6827	191.3953568096
5807	206.3329074493
8800	171.174708305067
29153	171.174708305067
70682	185.491573662867
11439687	195.372054570995
56774	229.831943456967
82765	229.831943456967
7511	196.460299659789
7872	196.460299659789
14846	196.460299659789
2863	196.460299659789
7600	196.460299659789
12699	179.771641080801
8058	194.806810631550
3918	250.414689493289
24326358	189.465549893961
3008	191.623909487361
13835706	209.052304434567
66655	206.799807332828
34868	199.4098079161
37905	199.4098079161
34869	199.4098079161
37918	199.4098079161
37915	199.4098079161
34867	199.4098079161
25605	199.4098079161
26011	199.4098079161
34870	199.4098079161
34666	199.4098079161
21924	199.4098079161
29117	189.866082063523
8241	249.422398060378
69371	201.8590787648
70806	185.925409080562
1710	227.609156197456
12635	196.175830884534
8576	192.513065167634
25472	193.708826342795
2169	185.9533697158
453675	193.732666108562
40130	202.467408598650
2297441	188.675944391834
34095	199.096758360589
8329	200.676109856056
60858	197.013344139156
6610	197.013344139156
34874	214.620875686534
36972	214.620875686534
56788	214.620875686534
533188	214.620875686534
35579	214.620875686534
16182	214.620875686534
46262	214.620875686534
35580	214.620875686534
82818	214.620875686534
56790	214.620875686534
56795	214.620875686534
33458	214.620875686534
82777	214.620875686534
35584	214.620875686534
56785	214.620875686534
56792	214.620875686534
34189	214.620875686534
2283071	191.005032557334
4932499	191.005032557334
6453	203.530718925689
13249	282.940222789123
4450907	256.727509343184
7964	201.807305999311
13619	198.812289585334
13303	189.251326002967
13302	189.251326002967
5004	211.404294360111
15853	204.5361323919
12972	204.966057585095
7871	204.966057585095
36973	229.831943456967
37744	229.831943456967
46894	229.831943456967
45444	229.831943456967
56769	229.831943456967
56780	229.831943456967
34847	229.831943456967
39406	229.831943456967
35081	229.831943456967
56781	229.831943456967
56771	229.831943456967
56232	201.303291868195
27749	202.499053043356
8030	203.312568556856
8093	203.312568556856
13856959	203.312568556856
8577	200.025329017067
71876	211.119825584856
34667	199.4098079161
34871	199.4098079161
34873	199.4098079161
56784	199.4098079161
34872	199.4098079161
14620	196.828513271795
102741	197.876432906034
97055	197.876432906033
97198	197.876432906034
102834	197.876432906034
102722	197.876432906034
154865	197.876432906034
96948	197.876432906034
102743	197.876432906034
102857	197.876432906034
154866	197.876432906034
106356	197.876432906033
102787	197.876432906033
97240	197.876432906034
102742	197.876432906034
68328	221.459333257895
4268	213.040805122817
4599	213.040805122817
33416	213.110979761473
13492	202.238424033867
13837303	214.830428808645
34859	245.0430112274
84346	245.0430112274
56760	245.0430112274
56755	245.0430112274
33666	245.0430112274
6838	196.922169288728
6270	217.594086635578
7892	207.602516285895
66887	208.392192033628
89076	205.519102064462
5026	199.261153644456
36975	229.831943456967
56778	229.831943456967
56787	214.620875686534
35583	214.620875686534
82807	214.620875686534
56794	214.620875686534
33386	214.620875686534
33457	214.620875686534
47912	214.620875686534
82817	214.620875686534
46893	214.620875686534
33280	214.620875686534
35582	214.620875686534
33304	214.620875686534
46263	214.620875686534
67594	199.690069339228
3513	206.486360890245
220998	209.663593375561
17339596	220.5859818208
8060	212.102795257417
5233	224.134099047645
14916	214.163872347084
7891	213.4718155104
10452	232.873120233684
61266	214.452193107864
20848	203.249354341667
4768	203.249354341667
43354	229.831943456967
37779	229.831943456967
45445	229.831943456967
36974	229.831943456967
35585	229.831943456967
34848	229.831943456967
84344	229.831943456967
34850	229.831943456967
82819	229.831943456967
56772	229.831943456967
82820	229.831943456967
16415	229.831943456967
56779	229.831943456967
56768	229.831943456967
56777	229.831943456967
84345	229.831943456967
34668	229.831943456967
28552	208.973197148234
3544	217.182418734189
21361761	214.309328765023
1262	214.739253958217
4333	226.212780898242
4575	226.910655300150
2079	226.910655300150
6193	219.103290625178
82783	245.0430112274
34852	245.0430112274
37000	245.0430112274
37019	245.0430112274
56765	245.0430112274
39198	245.0430112274
82740	245.0430112274
56761	245.0430112274
56756	245.0430112274
56766	245.0430112274
83413	245.0430112274
34851	245.0430112274
36976	245.0430112274
56767	245.0430112274
56763	245.0430112274
7890	216.108274211201
12705	206.547310628834
26325183	229.257706180123
16387	231.323839261206
6514	222.911620406989
2457	218.818929496895
15789876	298.765068087606
3841535	222.954099047645
16177	221.832117017767
33281	214.620875686534
56786	214.620875686534
56789	214.620875686534
33456	214.620875686534
46264	214.620875686534
13300034	228.157334387334
21153	222.262042210962
10106	219.208480543845
1361549	223.051717958695
32555	233.765801896945
97257	213.087500676467
97224	213.087500676467
102923	213.087500676467
96868	213.087500676467
96864	213.087500676467
97234	213.087500676467
97233	213.087500676467
154062	213.087500676467
97142	213.087500676467
5739	203.130218856001
8817	203.130218856001
56782	260.254078997834
36977	260.254078997834
83414	260.254078997834
84348	260.254078997834
82823	260.254078997834
33617	214.124497897662
4759	214.124497897662
30881	214.124497897662
3277	226.676112033029
11632871	230.406964387339
15747	219.534408659734
4444100	231.986315882806
10033	317.532192040856
33282	229.831943456967
46285	229.831943456967
46284	229.831943456967
82806	229.831943456967
56776	229.831943456967
47913	229.831943456967
32952	229.831943456967
45446	229.831943456967
43353	229.831943456967
56773	229.831943456967
7901	224.898500911762
66895	225.688176659495
199342	225.688176659495
6371	223.245011883523
86007	245.947340910567
12549	255.004157665362
7757	231.052268911523
7875	231.052268911523
59483	239.4927207565
34853	245.0430112274
37745	245.0430112274
36978	245.0430112274
34190	245.0430112274
34191	245.0430112274
36771	245.0430112274
36710	245.0430112274
56757	245.0430112274
549017	245.0430112274
84347	245.0430112274
56764	245.0430112274
56758	245.0430112274
47914	245.0430112274
56762	245.0430112274
33984	245.0430112274
33983	245.0430112274
91432	241.430083673512
2700	259.970752175817
16180	230.767800136267
12933	237.096604769050
7340	227.105034419367
4445317	221.928650734428
204209	225.021620197934
4444102	240.776542583367
72056	233.688727612323
4437893	235.268079107789
34860	260.254078997834
82738	260.254078997834
36982	260.254078997834
36979	260.254078997834
47915	260.254078997834
56783	260.254078997834
36981	260.254078997834
37004	260.254078997834
36980	260.254078997834
5139	225.347364970884
56775	229.831943456967
56770	229.831943456967
11882	233.404258837067
96965	228.2985684469
33198	228.2985684469
12874	223.843295254701
4760	223.843295254701
11434292	N/A
8804	211.829270706134
2246	211.829270706134
8799	211.829270706134
8788	211.829270706134
26286843	240.250083673512
11884	239.128101643634
33407	275.465146768267
36985	275.465146768267
35205	275.465146768267
15637	275.465146768267
82821	275.465146768267
13328	244.721712549061
2654	239.148908710867
3463	245.6514858485
16388	255.703365186273
9797	243.128532508912
34854	245.0430112274
46136	245.0430112274
82736	245.0430112274
56759	245.0430112274
36984	245.0430112274
4745	239.175939150523
3693	244.058305808351
64016	244.058305808351
559096	240.563913701934
4624	246.979233284406
7915	242.194485537628
10292746	251.746155329561
21782117	251.746155329561
33986	260.254078997834
36983	260.254078997834
36986	260.254078997834
45447	260.254078997834
35566	260.254078997834
47916	260.254078997834
46137	260.254078997834
550258	260.254078997834
33985	260.254078997834
10801109	249.119671993317
2003	252.6759286290
4744	241.382472658128
2925	244.731464305889
75956	251.129083461739
62060	259.885068087606
13622	248.063784762134
2975965	247.179987948095
36990	275.465146768267
35912	275.465146768267
45448	275.465146768267
36987	275.465146768267
36988	275.465146768267
26563	256.493175713767
12071	352.124161292590
11671339	276.851698008884
69914	276.851698008884
2927	246.576386237467
69569	266.861487774789
33316	245.0430112274
3548	247.681697075828
12586	244.725754319762
15827	243.509636217333
4575338	256.727509343184
10169	243.682662182667
2908	251.325981893195
62964	254.265390268784
82751	290.6762145387
36989	290.6762145387
11883	250.700243462934
13850879	269.730485012728
16736498	260.660596312284
23977588	260.660596312284
29282	241.139279880567
18941	241.139279880567
8763	220.528322556268
65234	260.708985910034
23101	271.031321485656
26325085	252.972346589889
26325087	252.972346589889
26325088	252.972346589889
35108	260.254078997834
78998	273.720070895367
6057	249.212844938267
3322	253.441350351973
9187483	245.670296534367
16736486	263.499012319733
21429023	263.499012319734
34192	275.465146768267
82822	275.465146768267
5198	260.116208593756
11283	246.213930964801
9053802	259.490470163495
7917	259.490470163495
10035	369.420145918456
12730	249.929506581128
36029	254.150375652590
4777	254.174215418356
3210	268.877078686962
7913	265.644238163256
5660	266.592965761123
35206	290.6762145387
8101973	276.022052925245
4471584	261.248907371012
24142	265.359769388001
5376	258.726294790884
122090	285.690847410723
5678	243.784781257067
6528	353.198305815579
5554	269.229424461923
15484	305.887282309134
4447447	274.023493969051
2928	264.4239127087
9219586	255.302641508856
10652594	N/A
5768	288.087850515773
2271976	277.874194744545
106796	261.304391581484
62632	291.016055521234
4911	276.297082491578
14688	270.487230371662
4444107	274.695393864345
8243	318.606336563845
5553	278.019651162484
14299946	303.258402386273
4380	286.932603983957
13837319	284.014367312112
6524	284.014367312112
11891	276.786454789362
3534	281.440426744784
78828	300.350373335789
5557	287.594194744545
4444553	278.544891996878
10696	311.764160311578
10540	285.292212714667
509179	294.511279414034
5791	300.061867788590
76894	N/A
2075	288.148324418301
2625	283.613681277701
5113	300.768605251856
2581	294.082439415228
66896	294.872115162962
8103122	305.020955161767
960	300.236207414989
5145918	309.388955707934
13849665	312.828212189767
2041618	N/A
8124942	310.614022176979
9088156	316.620050945556
4228778	306.867738114834
6013	308.164295891812
2699	299.696626471834
3584	305.051396963512
5162	308.497687368345
31006	316.954522592373
26325089	387.389589032901
133166	323.511620414217
14348	311.378424041095
67414	336.649027988884
1043	332.892011368568
10784857	N/A
26824	349.922361563551
8520	349.922361563551
83191	340.807605040084
5932	340.807605040084
6002	340.807605040084
11917	316.292735134668
5633	355.751599740406
24722	332.529383114301
56559	328.674408666962
7928	328.674408666962
3216	342.395856210479
3652	334.160535010773
5091	334.828176666723
20545	334.828176666723
10756390	370.402264011845
197564	349.597831740645
5550	349.597831740645
15016	330.880942174567
193441	355.751599740406
5552	355.751599740407
68224	370.402264011845
3438	344.303389066030
5551	358.388058441206
5774	358.103589665951
10162	357.352429664756
72522	345.970393292829
11557190	379.241413413684
5541	379.115143216580
4343	372.506444829834
7929	354.476151218134
10451	390.655200389473
92494	375.399574291818
11898	363.266377918695
2760	396.497336991901
11897	371.772135844001
5542	399.133795692701
92468	392.695558917684
11899	389.068120469868
19232037	416.429780318568
18019	428.813401641445
8521	428.813401641445
4444479	421.369306243634
48085	419.996012318807
4067	405.835475797101
9786472	431.089306243635
12017	406.364105095734
75995	419.293775018890
54833	418.462378403318
10733068	463.952830014806
14021447	458.132453491579
49179	437.291996944673
108106	450.132037318512
15520	425.912772738742
12072	423.660089721601
5775	432.275976795762
10449	469.546240467368
19232038	451.021749570301
21106059	432.996916840907
196288	465.681275495368
4470736	462.649133676068
11900	440.956074347468
18547147	468.317734196168
75662	469.773107702579
29400	475.926875702340
11901	458.252058973334
21105591	457.006158006524
10481872	472.812880792962
65272	480.597698673124
58496	486.751466672885
139025	500.273244747101
11146	475.548043599201
21587143	502.909703447901
4444362	511.517707697779
21105594	474.495436557218
21106058	488.171992809724
26325080	537.023493569473
11902	492.844028225068
21486195	508.764548537329
21106077	512.871788178024
4927801	563.615046648140
10542	562.027966728535
26325081	615.914533647368
11906	631.211905232002
26325082	694.805573725262
6045	727.84018846063
26325083	773.696613803157
26325084	852.587653881052