Compound Id	Wiener index
1	144
2	680
3	240
4	152
5	16
7	553
8	140
9	84
10	20
11	218
12	42
13	168
14	825
15	58
16	860
17	16
18	603
19	956
20	9
21	42
22	474
23	166
24	109
25	18
26	29
27	29
28	98
29	848
30	1350
31	322
32	503
33	442
34	671
35	912
36	2598
37	406
38	82
39	174
40	110
41	144
42	183
43	114
44	114
45	486
46	86
47	745
48	409
49	899
50	109
51	109
52	144
53	440
54	2420
55	252
56	279
57	188
58	60
59	84
60	84
61	84
62	84
63	111
64	31
65	31
66	1464
67	193
68	114
69	148
70	240
71	252
72	88
73	88
74	117
75	120
76	552
77	329
78	264
79	495
80	138
81	188
82	436
83	94
84	126
85	125
86	62
87	62
88	10
89	66
90	84
91	84
92	42
93	42
94	42
95	20
96	15
97	11559
98	27
99	108
100	56
101	56
102	120
103	120
104	286
105	540
106	744
107	343
108	2388
109	236
110	174
111	1432
112	307
113	2125
114	1002
115	540
116	264
117	211
118	84
119	39
120	910
121	616
122	29
123	392
124	442
125	219
126	226
127	654
128	364
129	424
130	356
131	971
132	694
133	216
134	127
135	4131
136	321
137	720
138	1248
139	7362
140	988
141	220
142	752
143	109
144	109
145	61
146	42
147	876
148	64
149	121
150	286
151	1512
152	179
153	84
154	234
155	86
156	150
157	127
158	84
159	111
161	142
162	88
163	620
164	74
165	326
166	472
167	230
168	573
169	88
170	322
171	111
172	271
173	328
174	318
176	1596
178	240
179	343
180	62
181	126
182	571
183	117
184	482
185	176
186	1697
187	272
188	150
189	154
190	899
191	696
192	308
193	844
194	271
195	1140
196	102
197	1818
198	88
199	5730
200	536
201	189
202	8694
203	540
204	374
205	230
206	1928
207	176
208	468
209	690
210	121
211	216
212	152
213	1179
214	319
215	8768
216	15558
217	894
218	368
219	525
220	254
221	126
222	1065
223	1771
224	162
225	287
226	483
227	860
228	907
229	160
230	760
231	112
232	196
233	1031
234	263
235	212
236	390
237	4140
239	444
240	196
241	408
242	524
243	402
244	298
245	412
246	454
247	408
248	4050
249	1002
250	403
251	2011
252	25683
253	234
254	467
255	1581
256	618
257	3082
258	481
259	329
260	609
261	1250
264	657
265	150
266	1225
267	651
268	226
269	567
270	341
271	339
272	993
273	41
274	5454
275	1884
276	335
277	537
278	44
279	3276
280	3758
281	10
282	2556
283	564
284	554
285	218
286	288
287	964
288	1203
289	364
290	384
291	1341
292	552
293	233
294	3429
295	1766
296	3100
297	1384
298	151
299	30600
300	809
301	179
302	706
303	673
304	1748
305	555
306	636
307	1695
308	2231
309	1498
310	276
312	1141
313	3340
314	1417
315	1241
316	1221
317	2094
318	1158
319	1314
320	472
321	1473
322	1234
323	604
324	1661
325	293
326	184
327	268
328	1688
329	816
330	425
331	458
332	1818
333	337
334	352
335	148
336	4014
337	333
339	1829
340	944
342	993
343	555
344	1098
345	365
346	684
347	296
348	282
349	572
350	394
351	434
352	1385
353	284
354	456
355	2820
356	1350
357	532
358	400
359	959
360	1515
361	337
362	936
363	448
364	59
365	382
366	1066
367	335
368	326
369	204
370	691
371	380
372	1093
373	312
374	797
375	2024
376	3860
377	914
378	714
379	396
380	248
381	122
382	586
383	280
384	542
385	1261
386	968
387	2272
388	585
389	666
390	715
391	1895
392	624
393	293
394	1791
395	1050
396	298
398	633
399	352
400	213
401	630
402	1442
403	802
405	818
406	612
407	559
408	1767
409	459
410	86
411	2244
412	20
413	376
414	1585
415	1078
416	318
417	3416
418	792
419	1064
420	2463
421	422
422	950
423	1001
424	269
425	380
426	1293
427	660
428	1000
429	520
430	1630
431	1436
432	1584
433	1268
434	4426
435	2214
436	507
437	2356
438	262
439	1272
440	2154
441	932
442	1770
443	473
444	1139
445	626
446	1358
447	345
448	1
449	4
450	220
451	2011
452	802
453	735
454	1238
455	18
456	1966
457	2494
458	2126
459	790
460	1348
461	1797
462	268
463	1412
464	1915
465	2165
466	384
467	2115
468	334
469	378
471	2502
472	728
473	782
474	240
475	2205
476	316
477	266
478	266
479	386
480	1693
481	1290
482	532
483	1350
484	1203
485	46
486	318
487	220
488	181
489	182
490	148
491	120
492	148
494	1028
495	879
496	1139
497	374
498	500
499	79
500	3020
502	117
504	661
505	26
506	280
507	9
508	9
509	18
510	4
511	4
512	4
513	9
514	16
515	42
516	42
518	2221
519	29
520	774
522	442
523	689
524	166
525	543
526	326
527	1340
528	364
529	219
530	121
531	174
532	408
533	148
534	518
535	240
536	284
537	833
538	315
539	60
540	60
541	60
542	84
543	84
544	287
545	342
546	152
547	88
548	120
549	120
550	162
551	206
552	206
553	64
554	64
555	64
556	404
557	138
558	594
559	90
560	62
561	62
562	62
563	10
564	61
565	61
566	100
567	42
568	15
569	56
570	286
571	88
572	452
573	628
574	110
575	279
576	114
577	1086
578	378
579	279
580	84
581	48
582	738
583	197
584	270
585	260
586	27
587	120
588	44
589	420
590	362
591	452
592	528
593	219
594	3869
595	121
596	120
597	116
598	96
599	189
600	32
601	42
602	175
603	79
604	42
605	82
606	436
607	61
608	42
609	680
610	84
611	117
612	156
614	82
615	156
616	84
617	61
618	412
619	234
620	593
621	42
622	560
623	110
624	701
625	31
626	90
628	165
629	140
630	182
631	322
632	690
633	442
634	1096
635	495
637	1082
638	120
639	1864
640	2981
641	238
642	315
643	966
644	182
645	176
646	428
647	426
648	231
649	150
650	258
651	2141
652	625
653	10299
654	466
655	242
656	1747
657	332
658	358
659	430
660	314
661	44
662	253
663	1363
664	211
665	826
666	569
667	1796
668	20207
669	80
670	362
671	15535
672	184
673	334
674	206
675	2850
676	534
677	536
678	537
679	433
680	440
681	414
682	293
683	573
684	486
685	174
686	419
687	419
688	704
689	109
690	384
691	450
692	552
693	152
694	627
696	4529
697	457
698	2430
699	461
700	1343
701	135
703	585
704	300
705	222
706	667
707	212
708	312
709	4160
710	1786
711	139
712	963
713	3548
714	1705
715	527
716	1028
717	753
718	840
719	1270
720	539
721	2079
722	3376
723	1687
724	412
727	1049
728	1333
729	18
730	559
731	386
732	2512
733	400
734	1685
735	1296
736	1386
737	832
738	148
739	2067
740	2233
741	876
742	1082
743	962
744	380
745	457
746	206
747	650
748	378
749	952
750	1189
751	680
752	876
753	1945
754	192
755	1679
756	473
757	622
758	448
759	724
760	860
761	1020
762	721
763	2662
764	332
765	747
766	2278
767	1089
768	504
769	656
770	2244
771	599
772	1945
773	596
774	84
775	1822
776	1148
777	880
778	1112
779	174
780	1140
781	90
782	942
783	684
784	362
785	234
786	9
787	1414
788	1237
789	615
790	1795
791	2661
792	46
793	1212
794	1313
795	2982
796	2425
797	372
798	3560
799	316
800	664
801	852
802	1753
803	98
804	616
805	708
806	1386
807	1591
809	638
810	1103
811	436
812	1387
813	2276
814	2490
815	452
816	6000
818	198
819	767
820	424
821	188
822	61
823	88
825	1930
826	678
827	457
828	58
829	9
830	16
831	730
832	132
833	2560
834	18
835	876
836	516
837	326
838	292
839	174
840	150
841	144
842	158
843	60
844	84
845	84
846	26
847	114
848	197
849	160
850	120
851	1116
852	62
853	61
854	61
855	27
856	109
857	440
858	116
859	896
860	1744
861	546
862	127
863	166
864	394
865	110
866	182
867	336
868	140
869	188
870	342
871	84
872	125
873	109
874	82
875	552
876	121
877	84
878	752
879	301
880	218
881	392
882	88
883	286
884	315
885	378
886	928
887	354
888	1472
889	228
890	188
891	1718
892	505
893	504
894	417
895	464
896	144
897	480
898	542
899	544
900	308
901	2659
903	219
904	197
905	1204
906	28
907	449
908	84
909	672
910	1017
911	112
912	1034
913	738
914	518
915	3136
916	280
917	411
918	802
919	1838
920	172
921	434
922	427
923	459
924	754
925	1252
926	434
927	1565
928	1510
929	88
930	279
931	181
932	971
933	58
934	58
935	18
936	271
937	146
938	82
939	114
940	114
941	188
942	117
943	60
944	111
945	31
946	520
947	117
948	152
949	264
950	84
951	84
952	42
953	27
954	148
955	84
956	240
957	88
958	140
959	307
960	668
961	513
962	545
963	494
964	1136
965	204
966	2411
967	61
968	184
969	84
970	121
971	109
972	110
973	111
974	326
975	471
976	2088
977	84
978	319
979	148
980	612
981	1108
982	388
983	148
984	111
985	538
986	561
987	291
988	470
989	5876
990	2242
991	502
992	412
993	488
994	472
995	146
996	146
997	470
998	496
999	510
1000	558
1001	474
1002	1623
1003	188
1004	1575
1005	316
1006	405
1007	1255
1008	1118
1009	219
1010	226
1011	326
1012	422
1013	425
1014	1300
1015	375
1016	794
1017	976
1018	4892
1019	375
1020	915
1021	926
1022	571
1023	1421
1024	1896
1025	201
1026	940
1027	896
1028	458
1029	388
1030	18
1031	885
1032	2240
1033	1346
1034	575
1035	1144
1036	84