0.00
0.45
0.79
-0.17
-0.10
0.17
-0.32
-0.28
1.36
-0.48
1.4
0.86
-0.55
-0.04
-0.04
0.07
0.10
-2.00
-0.74
0.37
0.05
-2.76
-0.35
0.83
1.37
-1.64
-4.00
-0.89
-2.70
-0.36
-0.94
-2.47
1.02
0.63
0.12
0.78
1.13
-4.00
-4.00
-4.00
-4.00
-4.00
-4.00
-4.00
-4.00
-4.00
-4.00
-4.00
-4.00
-4.00
-4.00
-4.00
-4.00
0.75
0.55
0.34
0.96
0.28
0.66
0.79
0.18
-0.09
-0.77
0.28
0.32
1.32
0.67
-0.04
0.43
0.50
0.78
0.06
0.52
0.10
-0.07
-0.03
0.28
0.70
-0.55
0.75
-1.00
0.40
0.84
0.58
-1.70
-0.62
-0.57
-2.39
-0.89
0.16
1.40
0.74
0.11
-0.17
0.92
-2.37
-1.13
-0.60
-0.15
-1.27
-0.26
-0.80
-0.86
-0.91
-0.67
-2.17
-2.29
-2.26
-2.26
0.02
0.16
-0.20
-0.04
-0.16
0.02
0.34
0.70
0.00
-0.04
1.03
0.43
0.05
1.46
0.17
1.47
0.11
-4.00
-4.00
-4.00
-0.51
-0.32
-0.09
0.33
0.65
1.06
1.10
0.37
0.72
0.20
-0.87
0.33
-0.39
0.75
0.40
0.58
-0.59
0.27
-0.81
0.23
-0.60
-0.04
0.32
0.38
0.17
0.14
-0.90
-0.47
-1.80
-1.80
0.34
0.21
0.16
-0.36
-0.12
0.41
0.19
-1.08
0.78
-4.00
0.23
-1.20
-4.00
-0.96
-0.79
-0.64
-3.30
-4.00
0.15
0.10
