Compound Id	AutocorrelationMass [ATSm3]
291	0.0
6084	0.0
11148	0.0
855	0.0
864	0.0
6089	0.0
6088	0.0
6094	1.0
6085	0.0
6103	2.670
7956	1.0
682	1.332
6100	10.566
6087	0.0
654	1.0
6101	1.166
6086	0.0
7954	1.0
6097	2.952
7555	2.0
1004	2.332
172	1.332
6092	6.653
7560	3.670
11729	3.670
31029	11.566
6102	1.166
5834	3.836
10046	12.322
7556	2.0
9644	3.556
11151	6.653
7712	3.0
6111	0.0
10437	3.952
3168	3.664
7721	4.670
6114	0.0
13837190	3.774
9233	6.340
7577	2.774
21171407	11.566
7566	2.166
258	3.332
13835977	2.166
6093	19.637
7728	3.664
512	2.332
21106015	4.284
7716	3.166
9990	2.0
13836021	3.498
6106	111.639
7713	3.0
21106179	7.506
13836674	3.952
6124	6.340
11835	4.664
7714	4.952
7553	7.653
1114	3.0
7732	3.664
11833	4.332
7711	8.653
6138	2.332
7717	3.166
7557	2.0
11807	3.0
7786	10.679
11834	5.670
256	3.332
7767	4.0
8894	2.0
3644	3.664
7559	2.332
11830	13.566
7567	2.166
7734	4.107
6040	4.332
7776	5.670
12977	3.332
13865015	5.340
9354	2.914
12450	3.332
693	1.553
278	1.774
13835550	2.332
13835336	2.498
10694	4.113
9480	1.360
11723	21.132
6308	4.0
64095	3.0
11099	3.0
7957	3.0
11109	4.0
12209	4.0
6121	6.904
6108	7.128
7737	5.664
7827	8.340
14512	7.340
8543	6.904
7770	4.166
1095	8.340
6104	8.713
12011	8.340
175	3.664
8896	5.0
7782	5.107
7772	4.332
8560	5.0
31016	4.0
6310	4.166
7738	5.664
7815	6.670
12010	14.566
9630	6.439
2916	44.258
7739	8.340
13839553	3.664
7736	5.332
7811	5.166
171	4.439
659	3.664
11728	2.720
173	4.052
2006126	6.949
11167	2.0
10765	4.0
7604	5.0
221079	5.0
7024	7.0
11110	4.0
10730	6.904
10766	4.0
8544	5.0
10113	4.0
68268	5.0
11121	5.0
6307	9.653
29000	5.332
13854808	6.439
6127	8.216
62433	8.340
6125	14.616
11125	6.107
72268	4.952
62241	4.0
10340	7.996
6321	4.664
11871	12.679
7810	10.653
11846	5.166
13836399	6.996
6311	4.166
6313	4.332
21168808	12.009
5993	4.553
13837112	5.284
349	6.0
19100	15.566
8554	6.664
10018	7.439
1020	6.332
13837650	5.904
7837	6.332
2275	5.439
1005	5.439
7835	6.166
13854130	9.604
7791	6.332
13837537	6.997
6336	5.771
236	6.0
11832	23.132
7787	6.0
7551	13.305
29015	7.328
13835209	4.664
8903	6.692
6334	5.052
13837702	4.332
8904	6.665
11229	5.881
7790	8.323
60524	4.664
13420	5.218
121383	4.0
6330	5.052
10951	8.385
1913	5.384
13835459	6.665
10020	12.679
6134	334.916
3530	5.799
6153	15.012
11232	4.0
14893	7.0
12201	5.0
6309	4.0
14686	8.0
12446	5.0
81237	15.305
12430	5.0
7674	8.0
14966	16.305
11551	6.0
11094	6.0
8158	6.499
11222	4.0
9484	12.251
122546	5.0
7605	6.952
76541	6.0
7788	6.0
15221	6.0
7833	6.0
8569	7.664
1108	8.0
21106561	5.332
10653	6.439
11128	8.340
8525	6.771
10536	10.340
7607	5.664
13839107	8.660
11865	7.952
13839199	8.499
13839575	8.328
11866	6.166
5977	26.139
7856	7.332
7715	10.604
11863	11.653
6305	20.958
7849	7.0
10498	5.118
7852	8.670
11874	16.566
6323	6.616
7838	6.332
7016	5.664
10733	34.698
13835401	5.665
29101	4.166
7710	14.305
7688	8.831
119963	6.998
21106520	8.332
7677	8.332
13839441	5.664
9646	6.0
932	7.332
13835180	6.328
259	6.439
7851	7.166
6147	11.009
11526	7.323
13874733	8.332
11750	6.771
6333	5.439
6146	6.996
13835604	5.997
67424	8.692
13884495	3.332
68156	5.498
61471	7.665
5439	7.213
10772140	7.390
72718	7.048
6331	5.052
4200	10.704
10464	6.052
1143	4.467
11787	8.997
62181	9.219
1664	8.665
234	6.605
61632	5.677
6148	17.956
84221	6.0
67620	8.0
6340	6.0
18792	6.0
121154	6.0
11086	8.0
121113	8.0
15438	9.0
454272	6.0
121640	5.0
14751	9.0
14672	7.996
11106	7.0
21073	6.0
6163	7.0
7219	9.0
7706	7.771
126201	6.0
21106560	9.332
2803	7.332
29025	7.0
10465	11.971
21105905	9.332
7022	6.439
7463	7.771
7244	10.163
7242	9.499
55123	8.107
7850	8.952
11095	6.664
11025	6.664
13840	4.664
11838	6.0
29026	7.166
7878	8.996
11029	7.664
21106032	7.904
7238	9.664
30349	6.439
6326	17.568
7701	7.439
13872667	8.390
14840	8.0
13851383	10.670
59607	64.216
10054	11.855
6967	10.0
12814	10.218
14349	9.670
7026	7.664
7765	15.305
10053	22.958
6165	7.996
69736	9.499
8574	8.332
6170	8.328
8909	8.0
733	6.328
60839	6.025
21997	9.499
15117	13.343
13835861	7.831
13835772	10.664
14608	10.859
13835579	6.332
10328	29.796
13839416	6.664
69525	7.218
6164	7.332
10988	9.664
21106481	4.332
18801	6.498
61810	6.439
737	5.771
5050	15.005
4418329	11.140
773	5.692
2070	13.423
3596	14.618
11795	7.052
13220	9.320
10775	6.0
10755	8.0
16689	6.0
11055	8.0
7619	7.0
10737	7.0
69505	9.0
11056	8.996
7385	10.0
14752	10.0
7475	8.771
7761	8.107
10777	6.664
63026	9.0
7626	8.328
17558	8.0
12924	7.0
7515	8.771
10776	6.0
55090	12.855
21106526	8.904
7027	19.172
8490	7.771
14679	10.0
12809	8.0
13864773	9.103
7387	10.499
11998	15.679
11763	10.328
6119	47.987
21170543	10.332
8141	7.664
12810	12.340
21106016	9.568
6341	7.439
13860641	11.332
10364	9.0
21106583	10.993
9614	9.164
16268	9.952
7514	7.664
13875281	13.904
15846	8.166
11170	21.520
8157	8.024
11087	27.132
7391	10.996
13875320	21.305
13619	9.0
7465	9.723
6248	8.996
55085	7.439
29036	83.532
15480	18.566
5889	8.332
8552	8.439
55110	11.495
21106133	7.996
13860775	11.997
7882	9.332
13838404	132.774
8576	9.166
11909	7.166
11875	7.664
19231	10.550
7678	8.664
11530	8.218
361265	11.329
62737	7.332
447	12.328
15443	9.332
66464	10.996
6728	11.332
971	8.664
62577	85.889
66754	15.589
10301338	11.091
12640	7.859
21069	7.439
10008	8.859
177126	11.899
21111768	8.665
87514	17.231
10989	9.664
2016737	11.919
7225	9.499
8524	16.005
1013221	21.357
11107	8.633
21349	15.355
2005898	19.191
8537	9.218
5978	8.103
1477	9.163
11694	8.799
6332	7.004
2005963	14.805
7690	9.412
7683	8.997
13835293	8.664
61707	7.052
2005897	12.116
12225	8.025
66578	6.799
11244	7.467
1414905	23.636
60308	17.869
26072	11.0
12444	8.0
17801	8.0
10759	9.0
15794	7.0
11064	9.0
11370	8.0
18604	10.0
6149	40.146
66568	9.0
6156	6.0
7334	9.499
10420	9.771
13400	9.0
7419	11.0
25609	9.0
10571	8.439
14729	10.0
7621	7.664
21111805	14.904
10534	7.0
70705	8.0
14753	11.0
12807	9.0
7627	9.103
11410	11.0
21111882	22.305
21132380	10.499
13839109	10.435
13471	12.0
7672	19.305
7641	10.0
7689	12.726
7676	11.904
21106169	13.584
13863629	9.328
11062	11.0
13248	10.952
6042	34.994
8335	12.0
7673	19.305
13860692	10.332
10001	8.439
7881	14.653
11655	11.996
11783	19.638
11765	29.132
13856579	8.937
28777	9.499
7802	8.664
67360	9.166
13860335	9.332
11210	9.996
7890	10.0
11077	10.332
7803	9.439
7229	9.664
13842613	10.665
13835895	9.993
7883	9.332
630	7.328
9349	11.496
11862	17.305
21106134	12.952
13876621	6.332
13881329	22.970
9917	8.771
21105871	10.664
1031	8.103
7521	10.0
7235	9.499
6726	16.653
1071	8.665
11063	11.996
287294	8.439
60121	13.660
59438	10.997
12150	23.813
12144	9.218
61553	11.664
7611	8.390
14991	11.025
59556	9.664
13835151	10.332
9350	11.828
13844	8.664
96573	9.664
11066	12.091
62628	8.664
9357	6.605
66996	13.577
14609	10.859
10432	29.796
1479	10.859
7610	6.218
11708	48.264
10467	8.052
8882	12.997
7651	11.578
764	11.328
653	8.605
392	10.997
24633	18.869
9611	6.440
5705	10.997
11757	7.0
69826	11.0
13450	9.0
7747	9.771
11603	11.0
7628	9.103
7694	10.771
7065	9.771
13837280	17.568
16383	13.216
8568	10.771
7794	9.332
24634	11.0
21105900	11.499
8514	9.771
14205	14.904
11660	11.0
19110	12.0
15432	22.305
11741	10.996
21896	10.0
13875230	13.904
6406	8.439
13840690	10.952
11041	10.664
17474	30.004
13875392	21.305
7891	10.0
12067	9.439
13402	10.0
16486	9.886
6252	15.986
6135	4.439
10236	12.0
9228	15.067
5730	52.278
8160	11.0
13673	12.996
13875180	22.469
7013	12.807
7224	9.166
11180	9.996
12221	15.653
7392	10.831
7903	12.670
63871	9.439
11882	11.0
21106525	11.332
13851576	14.653
7893	10.332
7894	10.332
19108	20.566
13869480	11.997
924	11.332
13840647	12.332
13875160	13.904
6409	12.799
6654	15.674
11057	10.612
6630	12.332
62314	31.132
59426	11.166
370	10.439
7007	27.611
17221	10.831
14890	6.439
7901	11.332
78543	11.996
13875258	21.305
7241	9.665
13849	11.660
9563	13.496
15708	13.004
13875432	14.568
21111781	12.996
14436	12.664
13875219	14.568
7795	10.661
21106513	9.568
28982	11.664
18685	9.664
13839174	12.664
78	9.499
13860491	12.332
62877	30.796
13868660	33.035
8665	12.328
13869414	11.997
11021	11.332
7519	21.638
13842573	21.970
11242	11.342
333	13.328
7480	10.218
13869339	14.236
62226	13.442
13839151	12.664
59439	24.645
7236	9.664
11038	40.437
6991	12.665
16257	11.744
13646	11.665
11350	13.328
7634	11.877
9849	12.103
10955	11.103
6983	13.328
10251740	12.435
6652	14.778
1131173	13.919
9546	15.554
7632	10.716
1013196	11.919
23718	7.0
11179	9.0
10795	9.0
10445	10.0
10742	10.0
7657	10.771
6338	5.605
8659	12.020
7248	11.0
8531	12.0
11818	8.0
61026	164.344
10428	11.771
10253	13.0
11911	37.946
11790	11.771
13040	13.0
7509	11.771
13473	12.0
12829	13.0
21242799	14.904
13451	10.0
14888	13.0
6176	9.664
8013	20.055
13032	13.0
21106562	22.305
7448	12.0
21168731	30.295
13875381	15.904
61200	12.164
7879	13.232
11607	11.166
13839308	10.166
7129	11.0
16887	13.0
8579	16.653
7900	12.952
7744	9.328
11879	8.332
6628	16.236
21106155	13.329
21111850	12.952
11883	12.0
7866	11.439
13881571	22.970
9360	11.828
14787	13.048
12451	8.0
13856009	11.997
13848467	12.328
8138	22.621
9326	11.828
13644	11.997
6677	13.664
70682	19.305
72625	16.573
7132	11.664
13835630	10.495
12060	12.664
66344	11.332
6990	16.236
21105859	12.996
6985	16.236
66551	12.664
8098	14.332
74169	23.638
191427	32.128
21106167	11.166
7135	12.439
11091	10.103
6277	12.996
207215	12.993
7915	12.332
6177	10.439
13861	12.330
21168837	48.264
15526	14.091
13033	14.993
67466	15.993
7388	10.886
14165	16.568
10649	10.877
13866817	17.807
7635	11.877
14163	16.568
21111896	15.904
4642	12.664
11500	29.464
25942	13.997
21105878	13.328
5704	16.077
8911	12.0
25757	18.630
65689	23.970
13836283	10.665
16011	23.970
6253	15.442
24133	16.523
16237	18.139
60497	8.997
11651	13.660
7518	25.209
21106018	16.568
60662	19.453
73531	13.830
63882	13.103
12823	15.236
34095	10.664
56234	11.664
63307	22.637
87265	30.464
21844	23.638
12821	11.830
11181	11.435
521915	24.843
22006	16.236
12822	11.499
13868640	32.611
63180	14.993
9964	12.996
8852	14.665
10471	11.103
16931	14.328
13837582	10.665
13837760	11.328
5975	9.997
4878	11.328
12478	11.830
123	11.996
11022	12.664
8528	11.385
11080	10.997
68939	30.298
68309	10.270
63658	11.218
14346	12.384
68282	17.243
5408	12.830
5596	10.997
11489	16.357
62546	10.519
1017	12.883
13421	10.0
26065	11.0
21998	8.0
26066	11.0
7581	10.0
17976	11.0
26068	11.0
7580	10.0
15532	16.904
9478	9.664
13231	16.737
21106102	11.877
63017	15.216
9903	13.0
73565	10.831
7511	12.771
21106174	12.665
7659	12.0
6977	12.0
13865426	11.435
6794	13.665
20521	14.0
5931	18.651
21106522	13.996
21111905	19.807
6883	13.439
13622	12.0
13869451	14.236
11073	40.437
9328	14.660
6143	85.050
21111798	15.491
7908	13.657
13870160	16.665
12061	11.166
11930	10.467
21105937	12.996
21171406	33.035
17428	34.950
61765	12.996
6974	21.970
31931	19.807
11511	34.611
13438	11.439
15431	22.305
11517	13.877
13837686	14.568
13854818	16.499
10935	40.437
21106578	12.332
11885	13.0
37466	85.174
67735	11.664
17383	11.103
60103	12.886
7871	11.664
23643	12.332
13869434	12.332
12972	11.664
11432	16.499
26091	18.232
13860633	21.638
81759	15.328
6881	12.664
7961	36.326
13839123	12.664
21168833	13.948
29080	15.442
7437	16.855
9910	18.679
21111816	21.638
8873	14.550
6951	18.009
13875441	21.970
2863	12.439
13626	16.991
6788	16.0
11485	14.767
19037	15.091
11433	16.499
477171	17.091
7917	13.332
72054	15.328
21111785	13.771
17163	14.783
69446	12.499
13254	8.831
10790335	27.397
21106019	15.236
8319	16.332
63447	11.191
126037	31.298
20151	17.9
21159424	17.9
6774	15.993
10857	20.471
69896	11.877
21112332	12.830
61802	27.958
13839110	12.664
2005824	15.919
9564	13.328
6988	20.471
6633	20.471
24729	12.830
100	11.996
26031	14.850
13839128	12.664
75563	21.136
10181341	13.439
6160	154.064
11460	13.052
15420	15.993
60129	17.9
4962	11.996
9908	12.665
96816	30.464
11663	15.070
72534	11.664
12173	18.668
8876	14.0
8070	14.439
13839080	13.328
6790	16.332
11662	22.472
56139	15.660
880	13.384
5242	16.945
10250	16.448
4963	14.716
10254	14.052
589165	16.919
12480	13.745
1013337	22.076
3635	13.550
20732	16.061
61354	13.717
60191	12.239
352	13.993
9612	11.685
6191	24.503
14830	26.197
18688	12.771
13038	13.0
11919	15.353
7507	12.771
7183	13.0
10355	13.0
7088	14.0
6287	22.380
13850405	14.771
21106521	12.496
6342	29.233
13861934	36.160
17481	14.0
6998	13.541
3973	26.828
60340	16.216
8097	14.0
13857694	17.807
73564	10.937
13875377	25.209
13837988	17.807
10239201	16.690
6780	14.499
12230	25.209
13848808	16.103
13063	17.0
9844	14.0
24142	13.0
6949	13.0
13861158	16.212
16377	15.269
7916	18.653
21105936	14.328
13875212	32.611
62402	15.103
21171515	23.305
61797	18.649
67462	15.993
21105889	14.328
10540	14.0
13848341	12.877
21153	12.664
29031	13.332
25119	14.664
13858096	15.771
11650	14.446
14507	15.609
75479	19.343
10648	21.471
7888	13.439
1072	12.997
21106470	14.997
211145	16.070
60136	16.236
15310	21.471
61428	24.019
11556	14.996
21168838	15.904
81705	15.332
12465	11.328
21105848	15.660
21109330	13.993
13837787	15.435
4209	14.270
9327	17.399
11891	14.332
21111804	16.993
8855	14.859
25968	23.472
13013	11.163
65745	11.499
10333	12.328
21111842	11.499
21394	15.664
13864445	23.711
70868	19.453
14390	15.664
221355	30.464
62582	12.664
7185	13.664
124526	14.162
62368	12.664
28973	15.660
16094	18.630
26799	15.236
21111774	15.993
61036	16.303
6852	17.664
62581	23.305
6999	14.0
17687	13.214
65682	22.637
10831	18.0
13860434	15.660
72056	12.664
7143	13.997
70511	15.495
16095	19.121
61585	21.118
32002	12.664
11413	11.830
72416	13.768
10892	16.103
11185	12.0
59433	12.498
10004	11.328
8867	14.025
21105795	11.996
1668	17.232
97850	15.602
10298354	15.384
21105699	16.665
4489	11.328
11673	12.664
238	12.439
2241	12.052
7951	14.716
911	12.384
13262	13.993
993	12.937
6995	16.9
21125563	23.305
6674	25.744
69983	16.9
8066	14.325
2015070	14.239
62423	12.436
58489	15.329
1078	10.877
70865	13.103
11477	16.048
11672	12.332
913	12.771
3268	15.848
10796	9.0
26070	12.0
12199	25.503
387	7.771
7073	12.771
15468	14.0
13439	13.0
7670	11.664
21105987	15.771
6656	22.584
13885245	15.771
13837281	29.233
7876	14.166
13882337	22.616
21106517	19.807
11412	16.855
26801	15.0
21159680	16.904
9078	17.164
83703	13.0
13876103	16.328
59482	14.664
6657	16.664
12044	18.0
21105867	15.664
11889	14.0
21106014	15.236
21106112	17.103
21111819	15.236
21108245	16.771
67835	16.110
17019	16.670
60586	17.435
21111817	22.637
21171496	38.939
11892	15.0
10800462	22.394
10771160	13.439
61434	15.328
21105932	14.332
69057	70.473
16685	15.661
6862	18.996
63909	15.439
11510	35.275
85185	14.991
21865	22.472
6479	15.664
64147	19.649
21106008	16.660
8140	20.471
3756	14.439
62236	17.442
20548	16.495
12818	15.070
15622	18.349
71784	22.137
13869655	20.139
18707	27.873
4611	15.439
11778	20.139
69628	34.943
13873600	24.638
15440	22.472
9900	18.435
68896	38.939
10772050	39.433
65	20.471
15317	25.751
6954	15.665
13667	16.664
11970	15.665
60848	15.0
13860817	20.139
12229	8.997
12675	17.0
11083	20.471
10881	16.831
97904	11.830
6481	21.139
13875161	25.305
6621	16.771
11327	19.384
1847	17.163
14836	14.664
8154	16.993
11509	34.943
13869661	15.661
63459	15.499
65701	32.796
10322	19.288
71655	40.087
62466	14.052
6739	16.664
6480	15.499
723	11.877
21106518	13.997
64111	14.660
7189	14.328
11417	16.831
7140	14.439
67879	25.302
11263	12.877
21106017	18.568
10895	16.831
8341	16.664
63931	16.665
7589	12.550
13835557	13.993
6943	14.660
62682	14.439
7797	12.541
29129	17.007
62532	14.546
3708	15.657
8438	14.660
64644	15.215
58563	14.716
62485	14.052
7190	14.439
68568	14.384
953	14.771
6787	19.048
132	15.103
571424	19.971
58968	22.2
9128	14.910
11588	33.570
452568	12.0
7090	20.251
21171506	13.767
10245	14.0
13865630	15.541
11246	40.433
7430	17.0
13448	14.0
21111758	15.328
12831	18.216
14942	17.0
6735	27.305
62359	14.664
21108549	18.654
7847	15.439
12674	16.0
62938	19.0
20140	14.664
10273	16.664
15644	24.970
11824	14.877
61196	19.379
21723	15.0
66365	16.070
62618	15.541
73658	17.329
7921	20.653
13867055	18.432
11304	20.0
13835126	17.568
69792	26.365
21111776	16.070
13881395	31.112
78722	26.634
21170125	31.112
33137	23.472
11145	16.0
6574	19.664
73537	19.232
14309	31.112
7175	15.439
13859497	18.435
14956	21.139
1306	20.661
13835344	15.328
13258	10.997
17720	23.305
33621	21.471
66385	27.638
11507	45.916
12013	15.439
6023	18.317
7186	24.970
776	13.499
21111723	16.993
62471	34.570
10303	14.616
14348	16.332
258907	21.722
10894	27.305
21159611	17.269
14918	21.139
12690	14.664
61763	16.831
19669	17.332
60464	17.993
60093	17.495
7662	23.711
53706	19.448
11332993	15.384
21106121	18.328
13868642	21.807
6828	16.0
70309	16.859
13867714	16.997
10248	14.664
79453	16.103
12669	19.329
59562	36.611
6878	28.958
7199	14.664
21112367	12.498
39404	21.139
9454	16.602
9218	16.548
11781	13.877
17347	19.442
11638	15.213
7740	15.993
217532	15.439
70512	18.269
12244	14.664
60032	23.305
62536	14.332
72274	17.402
6950	14.357
18107	15.435
11971	17.9
8998	21.306
1928	14.657
10977	16.103
91446	12.498
11585	15.771
11589	15.439
62484	34.570
63310	16.685
11776	45.916
23422	77.087
10380	14.965
7176	16.103
8382	23.259
88942	15.716
638258	18.085
13036	23.895
6724	16.993
11289	16.439
11626	16.048
13846959	15.103
10396	14.633
10243171	15.384
124	16.103
191	12.877
9225	16.548
81061	25.357
10972	25.744
11369	72.060
11773	12.332
10297844	15.716
6482	17.103
11576	16.439
10256859	15.716
73183	18.997
68122	16.771
5593	14.025
11587	17.955
608157	29.027
68837	15.771
5878	23.367
10181338	16.103
13257	10.997
62884	25.357
75095	18.778
1446	17.767
20160	15.550
62307	19.329
2005830	18.690
6079	18.342
10980	25.744
13866746	21.818
61190	23.415
31082	16.0
58333	18.216
6942	22.759
7301	17.665
21112244	25.305
63002	15.541
12045	18.0
15603	17.332
7300	17.499
8187	22.119
15410	19.0
67145	17.665
63057	16.332
7925	16.0
21111810	20.139
62633	16.0
7302	18.328
11372	12.822
67268	15.493
16913	18.670
67803	20.161
11573	26.744
11895	17.0
21278	18.568
21159579	26.970
6585	17.166
65704	16.660
6957	24.621
55242	15.664
11353	20.139
124512	19.166
61790	29.521
21106584	13.664
10966	16.664
13669	19.342
21106577	21.139
73763	16.660
59691	25.970
12047	18.0
21108577	17.103
6748	18.332
21105998	15.664
510851	19.690
10621	17.993
60092	16.660
62483	20.317
11003	17.665
6835	18.332
72918	18.332
15016	17.166
12259	16.0
63503	22.653
10539	16.439
11354	35.275
11488	15.664
62656	22.893
21111840	21.139
13029	26.375
66663	14.830
13839012	18.664
7928	17.332
60259	18.778
5966	17.332
73125	20.973
32882	21.139
11450	17.166
12586	20.733
13668	16.499
77230	19.665
7001	26.375
31264	47.916
14948	17.103
62390	16.660
12830	21.139
14690	19.993
60900	19.164
2972	17.929
11009	19.288
11584	26.744
8381	16.357
58331	13.830
13854242	17.103
10897	16.831
72141	16.882
3637837	15.439
63495	17.993
73626	16.435
72466	14.830
13846663	16.664
72148	17.993
68265	13.877
73512	16.962
61199	18.598
62698	16.052
15093	19.342
376	13.877
15244	16.163
10298355	14.384
11484	16.025
21106900	17.993
1583	14.384
50	14.541
8127	17.435
67229	26.744
13846749	17.435
61279	15.215
15663	18.767
9574	15.602
9547	15.602
284794	16.384
5622	17.048
9965	17.103
7805	17.217
6175	157.171
7279	16.799
11628	17.435
63512	17.435
121262	16.439
13476	15.439
222	14.771
6032	16.217
63328	18.767
6658	22.051
331	15.103
6675	33.570
14560	20.477
20861	26.523
7399	26.689
7141	14.771
79400	16.163
6246	17.017
10411	19.288
15753	17.384
11563	33.570
62357	17.163
7142	15.103
8155	18.767
68899	15.218
21185	21.091
11591	15.771
12055	18.767
61257	28.667
6270	25.329
7170	16.0
452969	15.0
452968	15.0
7116	26.155
6179	49.611
72051	19.0
13835108	17.541
11424	19.0
4436353	15.541
6296	15.664
15494	29.305
9425	19.379
14530	17.0
21159425	18.435
20124	27.804
15488	21.904
21171393	27.305
29024	17.439
64152	18.993
7926	22.653
77127	33.392
83365	26.978
8277	18.166
62583	14.332
21106529	23.471
7929	18.0
11434	20.893
62453	14.877
61418	17.660
1346	18.332
63533	18.996
60462	16.997
63208	18.993
12697	23.009
1688	18.664
60937	16.602
68404	20.661
21106540	29.614
70085	22.006
10237273	21.163
14340	16.328
7114	16.664
68709	19.332
21106585	16.665
55806	33.943
2973	38.586
13249	17.439
7364	18.0
6855	19.664
13272	17.163
6898	16.328
66847	27.305
15886	16.439
12840	18.665
38364	31.112
14559	16.771
12861	28.019
6620	27.375
1615	11.043
63956	16.605
27488	31.112
61381	18.665
71213	21.675
71964	22.112
15435	18.993
13848793	18.103
10446934	14.780
61542	15.328
6906	18.103
6864	20.328
15489	21.904
13490	20.328
61594	19.997
23083	18.878
70988	18.435
78578	19.402
11449	19.664
14413	23.665
6478	20.0
15418	19.980
54970	15.772
61599	24.220
6907	18.435
25276	21.139
21170959	20.519
6222	18.882
11446	22.0
7174	31.622
63319	24.287
8333	19.325
79481	22.328
60631	23.135
61749	18.103
1278	22.997
91500	18.766
8861	24.657
28829	23.133
8282	19.328
11624	16.103
15517	21.048
18799	18.892
68816	18.766
11399	16.439
4590	18.380
62467	17.955
8071	18.342
62328	17.955
1675	19.767
10025	14.877
84565	22.006
11476	16.103
13048	15.882
29091	16.328
62795	16.025
71934	21.328
7092	20.051
6707	17.103
531832	23.328
434	18.342
66572	16.716
70021	25.357
24438	21.338
6824	19.328
14869	26.923
72291	22.804
9929	16.439
5584	17.103
6854	19.767
61739	19.328
66716	18.766
2632	23.781
655	18.025
34195	16.550
8055	18.997
8111	22.0
84452	19.328
5027	23.737
5237	27.473
13846015	28.167
7069	15.877
67479	17.877
13882366	42.994
7098	22.916
2656	21.993
61311	23.584
21105876	19.664
7097	22.584
10287	19.0
21159574	17.664
22012	29.521
29023	18.771
66369	20.0
7091	26.594
13835351	17.772
71995	17.439
83338	19.332
17879	18.0
20971	41.811
21112533	20.987
76852	20.996
61383	21.665
16951	25.246
11897	19.0
9571	23.574
7325	22.693
12691	22.103
11373	17.058
61273	22.916
10407	22.340
70450	17.831
10425	17.664
10609	20.446
2388	19.103
70652	19.103
21159598	20.767
6716	21.568
9961	18.0
14582	19.996
960	18.439
11898	19.332
11421	16.103
21106172	26.375
6575	24.831
6916	19.435
71926	17.997
73945	18.952
9089	19.164
10289059	25.959
6825	20.103
11961	26.043
19862	22.270
15092	19.342
12524	24.0
12667	18.439
21168862	33.445
71672	20.996
70048	16.768
7311	18.048
62914	27.683
8807	20.0
15105	20.159
21111772	26.043
16208	19.342
6872	20.767
2915	27.679
8099	15.771
67953	16.163
62933	22.328
60263	19.547
19739	16.877
59146	23.165
60357	20.571
2179	15.877
25604	16.665
14585	37.132
19331	20.325
69970	83.778
15998	19.0
10363	17.439
72174	19.121
61561	19.852
63211	20.325
21106171	48.248
6823	19.049
532	18.767
6552	19.877
6033	22.051
2923	20.973
65785	19.435
454393	26.523
73131	25.246
5142	22.384
13846658	18.664
18708	21.006
10256	19.657
9075	21.006
65715	15.218
11580	15.771
6705	19.823
12114	10.665
15308	25.290
68579	20.675
15088	15.605
4444774	20.767
6928	21.541
6550	19.103
11595	17.771
616466	20.252
1103	14.685
19099	24.556
29090	28.380
21168888	23.818
7100	18.0
6655	26.155
12941	28.167
4445872	18.439
13837329	20.877
62501	19.0
7138	12.771
11437	20.0
6781	16.435
7914	22.216
66675	20.030
21169500	26.281
7889	19.439
205386	19.771
21733	17.328
12515	22.0
21170956	20.661
62372	16.103
11899	20.0
5374	19.929
67895	24.418
29002	15.772
21168556	18.993
8836	22.499
16109	18.664
61759	21.541
21106571	29.614
7103	19.328
60596	23.674
8862	30.008
10033	19.439
14414	24.831
11969	22.206
66759	16.0
66460	20.155
6770	19.664
6901	22.103
7119	28.594
61388	17.795
8662	26.679
21111849	20.329
63350	24.103
68350	23.471
70962	18.664
21106124	20.329
12291	19.996
59892	40.611
12696	20.993
19526	50.580
21159439	19.664
8434	20.661
7121	47.726
6757	38.607
70660	19.483
62756	22.153
16096	30.928
6834	29.305
4775	22.874
16644	20.236
7427	21.993
3581	16.831
970	22.0
6840	23.328
13493	21.328
3915	21.328
8860	22.665
11013	21.338
6592	21.0
11447	20.0
5004	16.877
5820	17.878
21106163	29.614
12274	20.877
5899	23.546
60188	25.955
78873	18.379
11475	21.338
6235	13.601
10801689	24.246
10582	23.664
11398	39.049
745600	22.451
9413	18.766
6586	20.439
64143	18.997
328957	18.766
13699	20.997
11974	59.221
17097	38.607
6856	20.439
13693	19.767
21106365	29.344
5606	24.246
12275	19.163
18	17.767
67788	20.052
5612	24.246
10986	18.103
12236	14.990
61560	18.657
61352	13.017
6845	21.328
8182	18.877
21171396	25.482
11472	22.099
24499	21.660
61101	23.418
21106146	14.771
6768	22.904
60012	28.023
7284	31.634
13856885	15.935
19816	21.0
6386	26.661
68220	23.328
28952	19.993
8058	24.767
6771	20.163
21159597	20.767
2991	19.664
12017	21.0
67790	24.216
72806	19.427
7120	32.498
13863774	14.771
74935	19.767
12307	19.664
62631	19.664
16896	17.214
10235	17.831
69150	19.332
6746	25.665
23472	20.103
5091	20.439
13090	26.343
24905	19.997
12100	21.332
7118	39.899
7355	21.163
7296	21.665
10664	15.435
123905	19.795
454604	21.929
61717	24.099
9886	23.665
955	15.435
7145	15.103
12864	30.621
8793	27.0
1118	17.665
65703	18.103
63555	24.239
453633	21.929
6601	21.439
2980	16.990
165975	21.103
453910	21.929
512092	20.937
2372	21.380
9779	18.439
16612	29.008
66916	23.664
61264	21.506
11614	22.328
71166	29.305
8470	22.703
2169	25.903
11982	33.903
200562	16.665
70280	15.630
10778469	20.767
15983	20.541
67282	22.431
9838	16.831
5816	17.384
27057	25.930
7268	22.572
10289	22.431
63453	15.183
56797	17.744
1061203	18.303
14760	19.877
8310	57.367
11443	24.332
18177	19.823
24341	15.435
9109	32.059
59462	24.432
7758	21.541
13836549	24.981
6420	16.771
59526	21.660
8463	22.665
61280	17.935
7162	16.771
67007	20.877
62931	25.916
68907	24.418
12499	24.482
12249	16.487
21170967	16.435
8045	22.328
7909	21.439
21171999	22.099
61475	20.439
8118	25.568
12072	22.0
21111786	26.076
9554	20.664
61569	25.767
7275	25.755
14360	20.877
12071	21.439
6576	20.166
74932	42.611
7207	26.432
61399	20.952
9824	23.664
21106020	18.675
64618	24.665
13073	21.436
11290	17.103
62486	16.103
10824	17.103
10034	19.771
10833	23.431
15216	34.305
81679	24.332
7166	17.103
63538	22.439
284177	21.460
6846	21.664
64166	22.206
65903	22.435
21171513	26.076
66547	19.103
453123	21.656
12213	18.877
7163	17.103
1441	27.242
3542441	17.436
13863300	20.877
5555	24.246
9856	23.431
15474	27.807
2016563	26.757
7203	16.103
15796	27.785
6751	24.664
6857	21.103
11516	23.135
5532	27.876
6900	21.384
6642	18.0
7125	20.439
70500	19.439
5562	24.246
8054	23.431
67230	21.099
67257	26.303
15359	23.859
2063	20.989
9572	26.690
6797	22.852
9946	27.756
6593	21.665
9826	20.937
66528	15.935
61789	15.771
3229	40.733
13856959	22.771
76286	16.677
7201	15.771
15636	48.898
13927	25.664
483123	27.551
21105887	21.664
7830	22.771
10408	20.025
9535	25.150
6484	20.675
21106127	33.903
6709	20.675
75176	20.675
12523	23.269
68247	23.664
62332	33.903
11900	23.0
70915	18.435
62289	20.657
7214	17.767
15471	44.939
62361	23.328
11468	24.103
7202	17.723
13853943	15.103
10035	22.439
12681	25.316
7292	24.329
74171	28.076
75956	26.985
7315	24.652
105768	27.690
15161	24.431
306959	24.103
58578	39.698
18227	17.270
70806	25.332
16310	23.435
3924	22.427
9219	27.636
66512	22.218
526	16.103
13925	28.904
7167	18.768
65693	25.993
27749	26.367
1484	23.332
2356	31.499
8057	28.824
6610	24.048
7060	18.768
8030	23.439
11593	15.937
61517	23.099
7313	22.745
60933	29.930
610932	26.252
525531	26.578
10274392	23.384
3008	28.606
6546	31.149
4029	19.488
8459	25.796
13924	25.166
12670	22.401
2621	28.970
4233	24.103
63515	31.684
1540	22.663
15683	24.664
2359	43.773
6837	23.103
9073	26.910
17440	41.714
4959	28.773
17704	26.910
15113	56.514
61086	19.098
61785	22.665
63077	24.984
6725	16.771
21106036	19.098
8567	23.103
13865683	26.432
62479	16.103
3395	23.0
13853953	18.675
9549	18.599
8086	17.435
21106095	24.578
10864	26.076
7171	26.432
11972	23.541
21106013	18.675
61281	17.935
12263	17.435
6508	26.0
11901	24.0
10834	35.305
13721	39.826
3005	42.714
60006	20.099
11249	24.664
11429	16.103
7148	16.771
120011	18.599
25605	33.711
10378	40.559
11641	25.657
28714	25.338
9130	30.437
61087	18.267
13422	21.926
62928	20.099
9569	26.690
2066	25.714
9515	26.690
13887609	20.431
13697	34.305
2384	28.643
61672	16.937
13075	21.665
2695	27.003
9442	18.599
13707	21.997
15724	36.831
2661194	17.768
6229	24.570
8106	24.665
10181821	33.286
14688	18.162
2848685	17.768
2673	25.431
5739	30.0
5561	30.149
12680	25.439
2745027	18.099
6753	25.993
62668	21.874
13105	23.665
5686	28.384
14810	30.418
4286892	17.436
9873	31.343
523754	22.052
60090	22.439
14584	22.332
2424	26.903
6468	25.328
1909	38.037
70071	25.881
4740	26.463
12329	21.0
59885	24.541
7274	26.397
72680	23.312
29135	24.664
11397	20.874
10630	16.103
11581	17.723
11427	17.723
59403	17.657
7169	16.103
69973	21.424
11146	25.0
21168823	18.103
25097	19.990
10426	23.664
6838	26.882
8331	25.568
61014	27.690
7923	24.439
63718	32.970
6858	34.594
61148	32.152
6763	32.970
10848	28.922
59487	25.568
10633	31.980
6714	21.339
63567	26.328
10619	20.155
11279086	18.989
13323	28.9
62363	23.664
11967	21.007
9206	25.991
11577	21.339
11428	15.937
67597	19.217
63320	28.409
11582	15.937
6713	21.007
21272	21.007
58568	22.664
60158	18.768
29117	30.782
8366	24.767
12355	27.436
8254	24.993
57727	26.550
18409	24.767
4596	28.328
2468	29.206
3214	25.427
7260	38.805
3215	23.439
7210	18.103
10618	26.316
967	38.182
2272143	32.640
61540	23.983
5129	29.105
12057	19.593
6213	24.570
6438	27.877
84451	24.329
13837584	25.541
62340	21.542
21106035	24.578
21106576	22.771
5399	32.589
67212	27.216
12504	32.594
21111865	24.578
6588	20.771
11902	26.0
11567	24.578
4471	25.993
12722	33.133
86040	26.568
6783	27.768
20311	29.922
70990	20.099
528656	24.987
21106145	18.435
21106581	18.435
11267	18.099
11395	16.937
59164	28.593
69450	39.382
11337	21.270
64012	27.662
10284	24.997
226885	25.665
8329	23.328
12339	27.9
10230	27.993
9805	29.0
12874	29.412
8800	28.0
62303	21.103
61150	28.536
60173	18.767
3613	21.937
8104	27.993
17162	18.767
69027	30.112
6220	27.435
305	22.312
3300	28.328
71976	26.439
8816	30.0
11594	18.823
6848	26.0
4819	31.008
5882	19.210
2068	24.903
13835294	27.328
6639	85.832
2911	35.649
21106178	34.380
60889	22.262
85490	25.541
6899	25.877
69290	17.657
7037	24.664
11903	27.0
8188	22.987
59546	28.435
62472	20.210
11283	36.473
62389	27.0
6381	33.053
10169	27.0
11586	20.210
13066	21.841
63522	21.925
11277	28.257
14613	30.332
8298	22.937
9192	36.312
6554	26.103
4575	26.570
13133	26.052
12858	23.436
6221	25.570
6767	31.471
62751	27.870
62493	29.442
28947	20.155
6371	27.328
9002	57.699
2079	26.570
15702	31.051
6515	29.328
65700	46.275
5145	33.912
77916	38.532
31144	40.385
6505	27.328
8846	29.0
2951	31.430
7407	20.155
58587	33.384
20277	21.210
11359	75.191
56177	27.603
10243	37.850
15403	29.409
5026	34.466
59971	28.464
9394	36.349
86894	29.767
9438	27.023
70319	29.651
21106111	21.542
26691	30.482
5363	38.703
7177	21.542
21106574	24.578
2607	29.007
12018	28.0
11308	39.926
2181	54.220
74123	26.074
25957	35.173
13959	26.495
11276	26.771
60100	30.103
6514	30.328
142204	25.556
11618	25.004
2387	26.570
17967090	30.187
8183	19.210
11202219	18.823
120096	25.328
6080	29.329
10616	19.210
14952	31.329
8799	36.0
16359	25.113
4599	29.570
11178542	18.823
7044	25.113
62381	32.0
2457	30.132
2075	31.166
6447	31.661
6927	20.796
2283	27.328
8067	41.421
13909	32.394
9832	21.876
9522	36.069
8181	22.987
7289	26.772
149513	26.113
46739	32.704
59020	32.733
62963	33.916
3345	27.435
59928	31.471
60047	29.665
10490	27.664
85216	83.193
63738	32.070
21106506	27.665
3871	35.166
6369	36.686
55194	28.763
65061	31.163
15089	20.210
3009396	19.989
224468	33.657
2626	36.258
5304	33.354
5507	29.025
194210	23.542
9189	33.687
9697	28.661
11338	27.771
62252	34.782
5138	35.908
10871	30.657
5632	29.570
2849	35.447
1611	38.0
3218	28.103
7152	26.910
62362	26.103
5376	33.931
8253	30.321
4268	29.460
7042	21.874
62477	21.874
62098	38.953
6454	29.661
7108	27.023
7259	39.052
9894	21.883
6389	32.657
2629	53.812
15596	22.771
10542	30.0
79719	30.482
27183	30.482
22739	30.499
12310	25.206
69703	35.009
10257	19.542
62663	26.0
4735	33.495
68030	26.877
62525	31.993
16358	25.113
7168	25.113
4024	32.617
4317	31.101
7975	30.570
6453	33.232
6215	30.996
3762	37.964
1991	24.726
6442	31.664
10081	30.570
2246	36.0
21360	26.822
2117	29.993
65974	27.996
8105	33.329
1998	33.635
8235	33.232
8274	31.103
8804	36.0
9795	28.877
5134	36.632
8788	36.0
70514	36.648
63117	35.030
18924	27.664
62965	33.916
10452	40.712
455964	38.030
642951	26.113
67593	29.664
6214	35.855
48119	35.260
62966	33.916
8252	32.321
7258	32.077
6373	42.589
9190	39.462
11200	46.958
27486	40.515
12549	40.469
2297301	28.690
10554	38.876
13985	37.799
4444448	35.653
8151	32.926
13329	28.899
3987	39.164
7370	31.541
5786	38.056
4582	45.341
12336	27.328
6057	45.424
66909	35.329
11274	28.771
11297	35.993
24722	39.313
525308	32.206
7211	19.542
5571	33.520
5163	43.271
18716	25.113
4742	37.162
6433	32.657
62265	25.648
6517	29.468
11269	37.328
19663	25.113
29150	31.993
62754	32.508
4444926	33.321
15020	33.325
8163	33.365
11320	21.542
8150	21.542
64045	35.993
59976	30.830
63122	33.206
13777	32.763
28425	33.649
63119	39.026
4453	35.487
6764	30.329
14285	31.103
11286	25.874
8023	43.491
7358	31.541
66396	35.482
7988	44.376
11906	34.0
60886	39.309
7172	19.542
6216	43.885
64830	38.598
69366	27.328
13352	42.473
58910	37.595
62338	25.648
3208	43.719
49895	36.690
5302	40.019
60518	33.767
3765	33.883
63757	38.188
2034	42.452
21106037	22.706
11390	21.542
15010	36.906
2447	39.325
4617	37.433
64003	26.435
77934	32.352
4518	40.155
5740	23.934
11571	21.874
5131	40.545
5165	36.716
7045	21.874
5531	36.671
10442628	43.258
4444935	35.985
10085	41.574
13868426	25.446
6520	38.206
3228	37.215
6830	30.471
3508	45.673
2928	65.801
60108	38.206
63575	28.874
6464	42.289
2710	44.094
2839	44.491
14916	28.768
65648	42.997
8353	36.0
10009	35.664
11917	38.0
21106505	37.541
191496	39.541
60919	25.869
18983	38.0
21242790	25.446
4586	53.743
2810	35.332
11325	27.542
11271	27.542
1912	42.185
61577	39.329
14430	42.0
3521	55.716
9815	36.357
7970	69.798
67509	57.281
14979	35.180
17987	27.778
38123	45.517
3322	44.888
4478521	40.649
62645	38.0
64377	42.989
4433	46.413
10259	25.981
11387	25.981
4355	25.594
10442653	49.298
7155	25.981
11310	27.542
10248513	38.091
59493	48.707
73276	56.788
15209	28.612
66498	51.831
29343	50.204
3472	57.750
48922	48.065
4600	43.763
29156	36.099
6232	45.550
10696	54.283
61266	47.636
21965	42.0
62468	28.313
59489	49.970
3438	46.226
5437	46.205
3584	46.723
15968	50.092
11309	30.206
13153	31.207
11380	28.645
62217	47.763
31872	57.104
64024	41.561
14960	47.764
5075	49.569
9426	39.697
2562	56.798
8177	28.721
8073	28.313
6688	28.977
4514715	54.570
15521	47.790
3039	58.164
2160	56.570
68961	52.097
24584	62.503
68224	63.636
15484	75.035
13842838	25.914
1904	53.494
3618	55.153
13764	151.382
9180	75.665
3368	63.306
258050	65.776
7974	84.264
29054	57.763
9018	83.478
30913	44.458
5423	59.618
9028	50.651
2867	53.248
10581	98.317
10674	64.644
5515	77.814
6208	94.264