Compound Id	BCUT [BCUTp-1h]
291	2.612
6084	3.97950
11148	2.54115
855	5.64758
864	3.11158
6089	3.75174
6088	8.03515
6094	5.14569
6085	4.111
6103	6.88778
7956	3.99557
682	4.35178
6100	9.28243
6087	4.58815
654	4.79222
6101	4.97396
6086	3.4485
7954	5.182
6097	5.83543
7555	5.76851
1004	5.36225
172	4.01851
6092	6.99243
7560	7.51379
11729	7.50475
31029	9.90915
6102	4.11730
5834	7.43033
10046	8.19183
7556	5.93615
9644	5.47643
11151	7.04184
7712	6.38451
6111	4.84002
10437	6.46215
3168	5.29994
7721	7.82722
6114	3.97737
13837190	4.81051
9233	7.82543
7577	4.10201
21171407	10.07749
7566	5.30650
258	5.99101
13835977	5.76685
6093	7.68665
7728	5.20401
512	5.276
21106015	6.06075
7716	6.30076
9990	5.04928
13836021	5.82351
6106	13.42168
7713	6.55326
21106179	2.36259
13836674	6.63049
6124	8.14083
11835	5.91190
7714	6.77582
7553	7.78749
1114	6.03476
7732	5.37958
11833	6.30538
7711	7.93280
6138	5.22025
7717	5.93526
7557	5.99730
11807	5.81214
7786	9.81088
11834	8.44788
256	5.90477
7767	6.69989
8894	5.56554
3644	5.60483
7559	5.30750
11830	10.37966
7567	5.338
7734	5.04326
6040	6.50213
7776	7.98401
12977	5.733
13865015	8.38623
9354	4.30654
12450	5.26002
693	3.78726
278	3.11864
13835550	5.51555
13835336	5.20746
10694	6.84834
9480	3.90243
11723	11.97894
6308	7.01325
64095	6.63674
11099	6.72201
7957	6.43870
11109	6.86764
12209	6.56989
6121	7.08956
6108	8.42678
7737	5.82152
7827	8.60608
14512	8.76225
8543	7.08302
7770	6.47426
1095	7.95140
6104	6.53173
12011	8.76226
175	5.15539
8896	6.29106
7782	5.71390
7772	6.45901
8560	7.01327
31016	6.44088
6310	6.92950
7738	5.55989
7815	8.06242
12010	10.45811
9630	5.43929
2916	8.84365
7739	7.86655
13839553	5.59751
7736	5.14086
7811	6.97139
171	4.35788
659	7.28339
11728	4.76431
173	4.98122
2006126	8.01901
11167	6.00876
10765	7.18928
7604	7.33460
221079	7.36224
7024	7.46403
11110	6.95301
10730	7.13359
10766	7.06514
8544	6.43555
10113	7.06514
68268	6.59807
11121	7.09765
6307	8.24656
29000	7.13088
13854808	6.068
6127	5.84088
62433	9.391
6125	7.78702
11125	6.34263
72268	6.97552
62241	6.76359
10340	6.41202
6321	5.91676
11871	10.28245
7810	8.16811
11846	6.78865
13836399	6.49198
6311	6.564
6313	6.53350
21168808	9.12801
5993	6.17250
13837112	6.49601
349	7.17146
19100	10.49734
8554	6.39892
10018	5.76677
1020	6.27402
13837650	6.81075
7837	7.07208
2275	5.23301
1005	5.52325
7835	7.14956
13854130	7.96050
7791	6.59315
13837537	6.09442
6336	4.57926
236	6.39343
11832	10.89716
7787	6.65383
7551	8.54525
29015	5.41628
13835209	6.10963
8903	6.02390
6334	5.59231
13837702	6.57426
8904	5.84792
11229	4.82522
7790	4.82599
60524	6.20170
13420	5.50851
121383	5.71089
6330	5.83301
10951	6.51162
1913	5.19876
13835459	6.35230
10020	9.18957
6134	18.82302
3530	5.03126
6153	2.27377
11232	6.73144
14893	7.57797
12201	7.41201
6309	7.22550
14686	8.08774
12446	7.37870
81237	8.91225
12430	7.68550
7674	7.82678
14966	9.49750
11551	8.27075
11094	7.48482
8158	7.90975
11222	6.94027
9484	3.73301
122546	7.19863
7605	7.50226
76541	6.91245
7788	6.78891
15221	6.67769
7833	7.25485
8569	6.58151
1108	7.53483
21106561	6.90053
10653	5.83763
11128	8.81701
8525	5.37166
10536	8.99904
7607	6.54551
13839107	6.04880
11865	7.34510
13839199	7.19389
13839575	5.97119
11866	7.05814
5977	8.48476
7856	7.08258
7715	8.10707
11863	8.20734
6305	9.80112
7849	7.32766
10498	6.54401
7852	8.12123
11874	10.51695
6323	6.62276
7838	7.05052
7016	6.38852
10733	11.79240
13835401	6.58501
29101	6.60750
7710	8.39599
7688	7.02992
119963	4.26132
21106520	7.36148
7677	7.66153
13839441	6.61976
9646	7.64839
932	7.22930
13835180	5.57821
259	6.15201
7851	7.30672
6147	9.39631
11526	4.81452
13874733	7.44781
11750	5.36501
6333	5.55476
6146	6.86031
13835604	6.25879
67424	7.19769
13884495	5.486
68156	6.77464
61471	6.83028
5439	5.32179
10772140	6.22175
72718	5.35030
6331	5.86452
4200	7.41978
10464	6.46176
1143	4.81612
11787	6.63632
62181	6.92352
1664	7.25641
234	6.06826
61632	4.64909
6148	5.64914
84221	7.89009
67620	8.13298
6340	7.64857
18792	8.43950
121154	7.42032
11086	7.87432
121113	8.13298
15438	8.40064
454272	7.234
121640	7.44851
14751	8.45049
14672	7.48375
11106	7.56343
21073	7.52837
6163	8.27624
7219	8.15291
7706	5.99239
126201	7.35582
21106560	8.06773
2803	7.28709
29025	7.36986
10465	5.99624
21105905	7.98280
7022	5.91208
7463	5.99483
7244	7.89271
7242	7.81559
55123	6.99233
7850	7.42380
11095	6.85989
11025	6.85989
13840	5.62754
11838	6.92976
29026	7.21537
7878	7.06701
11029	7.48376
21106032	7.22377
7238	7.38091
30349	6.32076
6326	8.76402
7701	6.58264
13872667	6.54382
14840	7.40727
13851383	9.02024
59607	11.652
10054	8.34540
6967	8.13571
12814	7.24851
14349	8.13104
7026	6.66706
7765	8.32136
10053	9.50240
6165	7.48842
69736	7.96251
8574	7.35707
6170	7.09025
8909	7.198
733	6.068
60839	5.50226
21997	8.31438
15117	9.98732
13835861	7.71524
13835772	7.73613
14608	7.87913
13835579	7.10865
10328	11.88163
13839416	6.87633
69525	6.73426
6164	7.87725
10988	7.65276
21106481	6.02601
18801	7.03021
61810	5.42101
737	4.74615
5050	9.67730
4418329	9.22113
773	5.73077
2070	8.60522
3596	9.98621
11795	6.77616
13220	3.82883
10775	7.82276
10755	8.89950
16689	7.52832
11055	8.58513
7619	7.64878
10737	8.43950
69505	8.48469
11056	7.80253
7385	8.46409
14752	8.76339
7475	6.62357
7761	7.30669
10777	7.17425
63026	8.13905
7626	6.86321
17558	7.60275
12924	8.01275
7515	6.14961
10776	7.70453
55090	8.97360
21106526	7.36254
7027	9.80388
8490	6.08471
14679	8.71391
12809	7.44849
13864773	5.91326
7387	8.29818
11998	9.42060
11763	6.70904
6119	9.64176
21170543	8.07476
8141	6.35307
12810	9.19553
21106016	6.66215
6341	6.78075
13860641	8.67463
10364	7.89839
21106583	6.16771
9614	6.23230
16268	7.49361
7514	7.17426
13875281	8.83273
15846	7.35010
11170	9.04329
8157	4.45876
11087	11.65160
7391	7.68752
13875320	9.98973
13619	7.48489
7465	6.70065
6248	8.11250
55085	6.75138
29036	10.79788
15480	10.53166
5889	7.33964
8552	6.89702
55110	7.99988
21106133	7.23066
13860775	7.88920
7882	7.43572
13838404	11.95427
8576	7.47441
11909	7.82150
11875	7.13090
19231	7.40251
7678	7.02939
11530	6.26840
361265	8.15476
62737	7.28578
447	7.57788
15443	7.97420
66464	7.92331
6728	8.36489
971	6.71959
62577	14.60125
66754	8.91933
10301338	7.38730
12640	6.76802
21069	6.33746
10008	7.00673
177126	4.57001
21111768	7.17318
87514	8.92079
10989	7.22045
2016737	9.73225
7225	7.59701
8524	10.09938
1013221	10.83553
11107	6.88439
21349	10.062
2005898	10.82650
8537	6.38659
5978	7.73584
1477	7.945
11694	6.68227
6332	6.53921
2005963	8.72226
7690	6.67395
7683	6.55307
13835293	8.11250
61707	7.09050
2005897	8.92255
12225	6.70031
66578	5.88601
11244	6.72950
1414905	10.66890
60308	8.92552
26072	9.34109
12444	8.66950
17801	9.06825
10759	9.21388
15794	7.82277
11064	8.74232
11370	8.89950
18604	8.71391
6149	8.39244
66568	8.52417
6156	6.58439
7334	8.85288
10420	6.93795
13400	9.52825
7419	8.61998
25609	8.58513
10571	7.09513
14729	8.50130
7621	7.40813
21111805	9.14687
10534	7.35269
70705	7.74418
14753	8.91999
12807	7.62244
7627	6.62113
11410	8.92713
21111882	10.30384
21132380	7.73189
13839109	6.07047
13471	9.07276
7672	9.67149
7641	7.82181
7689	7.87150
7676	8.20460
21106169	4.21611
13863629	6.53451
11062	9.07666
13248	7.53312
6042	9.74132
8335	9.07376
7673	9.36160
13860692	7.77339
10001	7.21859
7881	8.24167
11655	7.84187
11783	9.19504
11765	11.96564
13856579	6.17433
28777	7.87913
7802	7.25098
67360	7.42878
13860335	7.73613
11210	8.74501
7890	7.52521
11077	7.65535
7803	7.11234
7229	7.56938
13842613	7.48891
13835895	6.07918
7883	7.42498
630	5.93459
9349	7.32201
11862	8.26540
21106134	9.10763
13876621	6.83451
13881329	9.91067
9917	5.99002
21105871	7.61851
1031	5.54486
7521	7.66490
7235	7.87838
6726	9.68613
1071	7.20735
11063	8.28580
287294	6.53995
60121	7.89226
59438	7.50908
12150	6.80437
12144	6.71357
61553	8.19489
7611	6.65238
14991	7.43989
59556	8.74125
13835151	7.63714
9350	6.70252
13844	7.25376
96573	7.96276
11066	7.80938
62628	7.25969
9357	5.70275
66996	7.53847
14609	7.47039
10432	11.71034
1479	7.69001
7610	6.01251
11708	12.32654
10467	7.36626
8882	7.90455
7651	7.35651
764	6.77853
653	6.85038
392	7.39220
24633	9.50251
9611	6.34689
5705	7.79502
11757	7.82288
69826	8.71391
13450	7.64941
7747	7.13157
11603	8.44401
7628	6.66463
7694	6.74148
7065	7.25944
13837280	8.803
16383	7.44497
8568	7.07243
7794	7.56499
24634	9.16103
21105900	8.12007
8514	6.60252
14205	9.27640
11660	8.28682
19110	8.99832
15432	10.38815
11741	8.03391
21896	7.63872
13875230	8.51864
6406	7.13863
13840690	8.47888
11041	7.86804
17474	10.29288
13875392	9.67564
7891	7.54537
12067	7.42670
13402	10.157
16486	7.59926
6252	7.40251
6135	3.81717
10236	8.76350
9228	8.19324
5730	10.43944
8160	8.23027
13673	7.91923
13875180	9.35023
7013	9.039
7224	7.68038
11180	8.11667
12221	8.24412
7392	7.91376
7903	8.13962
63871	7.19671
11882	7.56356
21106525	8.26588
13851576	9.05738
7893	7.52071
7894	7.49420
19108	10.53534
13869480	7.61578
924	8.60975
13840647	8.67463
13875160	8.36162
6409	7.48603
6654	9.90947
11057	8.656
6630	8.59089
62314	12.90798
59426	8.20307
370	7.26954
7007	11.353
17221	8.19663
14890	6.39375
7901	7.53902
78543	8.29379
13875258	9.51861
7241	7.34688
13849	7.19347
9563	7.59164
15708	9.53906
13875432	8.31701
21111781	8.19951
14436	7.87723
13875219	8.26335
7795	6.98367
21106513	7.111
28982	8.18844
18685	7.38648
13839174	8.05671
78	7.51363
13860491	8.40214
62877	11.78885
13868660	11.89584
8665	7.40145
13869414	7.47934
11021	7.89333
7519	9.49770
13842573	9.41519
11242	7.52910
333	7.85376
7480	6.99687
13869339	8.34070
62226	8.97651
13839151	8.37046
59439	9.73703
7236	7.61651
11038	12.04032
6991	8.23465
16257	7.64662
13646	8.52516
11350	7.97138
7634	6.04001
9849	7.16150
10955	6.34978
6983	7.85376
10251740	6.80335
6652	8.67089
1131173	9.36489
9546	8.68314
7632	7.06076
1013196	8.42757
23718	8.32626
11179	9.08489
10795	8.89951
10445	8.90431
10742	9.52825
7657	7.45390
6338	5.07450
8659	5.40189
7248	8.61276
8531	8.64490
11818	7.91415
61026	11.86331
10428	6.93511
10253	9.38713
11911	10.71881
11790	7.17421
13040	8.60669
7509	7.290
13473	8.62448
12829	8.91557
21242799	8.43521
13451	7.64985
14888	9.07276
6176	8.43704
8013	8.49688
13032	9.07777
21106562	9.59216
7448	8.36642
21168731	11.60615
13875381	9.45688
61200	8.28701
7879	6.64359
11607	7.99476
13839308	8.21938
7129	8.95562
16887	9.38713
8579	8.24535
7900	7.58799
7744	6.94139
11879	7.23878
6628	9.10064
21106155	7.79326
21111850	8.63607
11883	7.58427
7866	7.37721
13881571	9.49885
9360	6.69687
14787	8.05290
12451	7.86131
13856009	8.14249
13848467	7.71582
8138	10.61401
9326	6.66839
13644	8.22722
6677	8.99363
70682	8.25141
72625	9.24863
7132	8.31216
13835630	8.26263
12060	8.50282
66344	8.43463
6990	8.63385
21105859	7.87354
6985	9.10063
66551	7.57969
8098	8.78239
74169	10.25763
191427	11.82811
21106167	7.83758
7135	8.21943
11091	6.74363
6277	8.65631
207215	6.97240
7915	7.57094
6177	8.03825
13861	7.66901
21168837	13.00142
15526	8.13235
13033	7.69551
67466	8.36482
7388	8.03663
14165	8.57740
10649	5.68439
13866817	8.47342
7635	6.07152
14163	8.94576
21111896	9.59763
4642	8.35413
11500	12.19605
25942	8.24390
21105878	7.48105
5704	8.12852
8911	7.60619
25757	8.27714
65689	10.04394
13836283	7.61192
16011	9.73440
6253	8.91335
24133	8.66513
16237	8.52673
60497	7.49382
11651	7.71582
7518	9.60584
21106018	8.88694
60662	7.94935
73531	8.76901
63882	7.40951
12823	8.391
34095	7.45139
56234	8.37989
63307	9.54799
87265	11.82722
21844	10.12138
12821	7.82595
11181	7.25614
521915	8.59887
22006	8.96438
12822	7.81664
13868640	9.76454
63180	7.69551
9964	8.30607
8852	8.61664
10471	6.38132
16931	8.42369
13837582	7.88406
13837760	6.95473
5975	7.15265
4878	6.83726
12478	7.73920
123	7.74190
11022	7.92374
8528	7.27892
11080	7.45709
68939	11.83103
68309	6.61802
63658	7.16288
14346	8.12350
68282	8.28949
5408	8.48253
5596	7.56863
11489	8.24201
62546	6.57614
1017	7.72686
13421	9.52825
26065	9.84263
21998	8.64063
26066	9.52825
7581	9.07425
17976	8.90431
26068	9.53276
7580	8.99460
15532	9.73638
9478	7.63408
13231	8.23445
21106102	6.54826
63017	7.54362
9903	8.574
73565	9.16725
7511	7.38747
21106174	8.04626
7659	8.13595
6977	8.44401
13865426	6.78457
6794	9.23462
20521	9.05707
5931	8.03126
21106522	8.17138
21111905	9.31713
6883	8.23386
13622	7.59396
13869451	8.47188
11073	12.42463
9328	7.28286
6143	11.59644
21111798	6.14329
7908	6.20449
13870160	8.85630
12061	8.48888
11930	7.36540
21105937	7.78730
21171406	12.62869
17428	11.53908
61765	8.42866
6974	9.59660
31931	9.80613
11511	10.37426
13438	8.46888
15431	9.61820
11517	7.34001
13837686	8.43960
13854818	9.32776
10935	13.20679
21106578	8.09391
11885	7.60304
37466	14.466
67735	7.52674
17383	6.97756
60103	8.68368
7871	7.50504
23643	7.56823
13869434	8.27652
12972	7.60756
11432	9.01338
26091	8.53788
13860633	9.62888
81759	8.32532
6881	8.62376
7961	9.97275
13839123	8.05051
21168833	7.90151
29080	8.78303
7437	8.72339
9910	11.06751
21111816	9.90605
8873	7.79664
6951	10.48119
13875441	9.474
2863	7.45582
13626	8.32440
6788	9.18014
11485	7.27098
19037	8.19284
11433	8.85630
477171	8.22655
7917	7.59084
72054	8.60013
21111785	8.06399
17163	9.49320
69446	8.35563
13254	7.15401
10790335	9.89828
21106019	8.38022
8319	9.43908
63447	7.61463
126037	11.89833
20151	9.02594
21159424	8.61045
6774	7.85375
10857	9.41264
69896	6.66451
21112332	7.81779
61802	9.71299
13839110	7.98573
2005824	10.20382
9564	7.67732
6988	9.29924
6633	8.92464
24729	8.27819
100	7.85376
26031	6.17575
13839128	7.89334
75563	9.39768
10181341	8.34892
6160	13.44375
11460	8.54068
15420	8.00990
60129	8.61409
4962	7.97138
9908	8.19277
96816	12.39725
11663	8.38403
72534	8.00863
12173	8.49226
8876	8.86676
8070	8.52588
13839080	7.73613
6790	9.13826
11662	9.54103
56139	8.06977
880	8.35701
5242	8.12207
10250	9.49775
4963	8.44213
10254	8.83563
589165	9.42410
12480	7.67769
1013337	10.907
3635	8.41445
20732	9.80750
61354	7.67089
60191	6.71389
352	6.95501
9612	6.22367
6191	3.47151
14830	9.23601
18688	8.51502
13038	8.75839
11919	9.093
7507	7.45248
7183	8.91557
10355	9.07276
7088	9.54070
6287	5.86189
13850405	8.26991
21106521	7.60438
6342	9.74158
13861934	9.92071
17481	9.70385
6998	6.15596
3973	8.24013
60340	7.57328
8097	8.93675
13857694	8.69332
73564	7.47532
13875377	9.84538
13837988	9.18193
10239201	4.22253
6780	8.69901
12230	10.33869
13848808	8.44676
13063	9.33732
9844	9.07777
24142	7.60846
6949	8.74165
13861158	7.52451
16377	8.05286
7916	8.24628
21105936	7.89228
13875212	10.91704
62402	8.21998
21171515	10.29950
61797	8.13019
67462	8.01142
21105889	7.83298
10540	7.61397
13848341	6.82270
21153	7.54441
29031	7.58827
25119	8.73860
13858096	8.75651
11650	8.67207
14507	8.50351
75479	10.20563
10648	9.23801
7888	7.50970
1072	7.45066
21106470	8.38124
211145	8.46397
60136	8.90611
15310	9.72701
61428	11.81092
11556	8.99363
21168838	9.07551
81705	8.83739
12465	6.85176
21105848	8.15995
21109330	8.35201
13837787	7.58163
4209	8.15076
9327	8.42638
11891	7.60679
21111804	8.44189
8855	8.53227
25968	9.60834
13013	7.49938
65745	8.22539
10333	6.68279
21111842	7.95289
21394	8.80014
13864445	10.15905
70868	8.19356
14390	8.68253
221355	11.998
62582	8.11033
7185	8.81719
124526	7.85714
62368	8.48351
28973	7.95160
16094	9.01508
26799	8.95025
21111774	7.83473
61036	4.84663
6852	9.14058
62581	9.76189
6999	8.60729
17687	7.36401
65682	10.10725
10831	9.80989
13860434	7.98353
72056	7.54729
7143	8.70851
70511	8.01402
16095	8.36014
61585	10.57213
32002	8.05683
11413	7.91563
72416	6.62815
10892	8.44676
11185	9.53276
59433	7.85623
10004	6.87582
8867	8.27313
21105795	7.76751
1668	8.49835
97850	8.27863
10298354	8.98576
21105699	9.28819
4489	6.95290
11673	7.82671
238	7.89713
2241	8.20688
7951	8.41076
911	8.04013
13262	6.70217
993	7.56363
6995	8.53070
21125563	9.41015
6674	10.18768
69983	8.70713
8066	6.70040
2015070	7.73613
62423	7.08521
58489	7.46489
1078	6.35113
70865	8.50875
11477	8.59226
11672	7.86102
913	7.73038
3268	6.58273
10796	8.95501
26070	10.157
12199	4.85401
387	6.332
7073	7.41633
15468	8.94957
13439	9.21863
7670	7.80407
21105987	8.52274
6656	7.90949
13885245	8.58262
13837281	9.79724
7876	7.61303
13882337	9.68405
21106517	9.49176
11412	9.45689
26801	9.22995
21159680	9.02463
9078	8.84305
83703	10.15701
13876103	8.86201
59482	8.85789
6657	9.65834
12044	10.02832
21105867	9.03320
11889	7.61859
21106014	8.90717
21106112	8.91369
21111819	8.55101
21108245	9.07089
67835	8.65229
17019	8.14078
60586	8.60395
21111817	10.06416
21171496	13.11338
11892	7.62314
10800462	6.03975
10771160	7.53078
61434	8.20664
21105932	8.94498
69057	13.29175
16685	8.16245
6862	9.21917
63909	9.465
11510	10.36988
85185	6.62289
21865	9.71563
6479	8.72589
64147	8.18838
21106008	8.24389
8140	8.92364
3756	7.54903
62236	9.91964
20548	8.61077
12818	8.92240
15622	8.75939
71784	8.59070
13869655	8.99335
18707	9.90419
4611	8.66914
11778	8.96189
69628	10.29485
13873600	9.65473
15440	10.07940
9900	8.02139
68896	12.62438
10772050	10.13375
65	8.68387
15317	9.64524
6954	8.75427
13667	9.04528
11970	9.08164
60848	7.69695
13860817	9.23338
12229	6.38563
12675	9.37951
11083	8.80701
10881	9.07727
97904	8.791
6481	9.60589
13875161	10.45669
6621	8.33239
11327	9.32426
1847	8.81665
14836	7.98076
8154	8.24389
11509	10.67963
13869661	8.15783
63459	8.99864
65701	11.90723
10322	9.33502
71655	11.47240
62466	8.52126
6739	9.10101
6480	9.06863
723	6.78076
21106518	8.56313
64111	8.00276
7189	8.34944
11417	9.24401
7140	8.21151
67879	9.78838
11263	7.80575
21106017	9.51569
10895	8.97151
8341	8.98340
63931	9.32738
7589	8.69750
13835557	7.18440
6943	7.94395
62682	8.28507
7797	5.77946
29129	8.11317
62532	7.69563
3708	6.67320
8438	7.82632
64644	8.19551
58563	8.26569
62485	8.36407
7190	8.05432
68568	8.34313
953	8.06456
6787	8.72264
132	7.95594
571424	9.26389
58968	8.54908
9128	8.17638
11588	11.85310
452568	10.157
7090	7.36438
21171506	6.94178
10245	8.91558
13865630	7.05849
11246	10.45156
7430	8.77359
13448	9.06158
21111758	8.56544
12831	8.79707
14942	9.07421
6735	10.67164
62359	8.93599
21108549	6.10815
7847	7.56870
12674	9.71626
62938	9.70773
20140	8.76219
10273	9.08864
15644	9.87289
11824	7.23287
61196	8.62851
21723	7.62607
66365	8.70845
62618	6.87737
73658	8.78088
7921	8.24651
13867055	7.46526
11304	10.34370
13835126	8.53515
69792	8.76539
21111776	9.19756
13881395	10.08989
78722	10.04796
21170125	10.58301
33137	9.85038
11145	7.62920
6574	9.94920
73537	8.74901
14309	10.82338
7175	8.36870
13859497	7.93514
14956	9.55057
1306	9.83295
13835344	8.42804
13258	7.50013
17720	8.24705
33621	8.96791
66385	10.50501
11507	11.69113
12013	7.57604
6023	9.06888
7186	9.61723
776	8.43990
21111723	7.89428
62471	12.13841
10303	8.77963
14348	7.62514
258907	9.30393
10894	10.01655
21159611	8.51312
14918	9.43476
12690	7.66820
61763	9.16358
19669	9.61213
60464	8.40113
60093	8.63161
7662	9.20697
53706	10.29207
11332993	8.68964
21106121	9.01315
13868642	9.39142
6828	9.41378
70309	8.87832
13867714	8.91263
10248	8.37066
79453	8.32913
12669	9.08189
59562	10.69294
6878	11.69858
7199	8.76670
21112367	8.03205
39404	9.06258
9454	8.31638
9218	8.33426
11781	8.03825
17347	10.65880
11638	8.22701
7740	8.17570
217532	8.48495
70512	7.96564
12244	8.56699
60032	10.46538
62536	8.46739
72274	8.71443
6950	8.03639
18107	7.75607
11971	8.60982
8998	9.34539
1928	7.33381
10977	8.17195
91446	8.38370
11585	8.37351
11589	8.33636
62484	11.89735
63310	7.86385
11776	10.93198
23422	12.23850
10380	8.45138
7176	8.27032
8382	10.57213
88942	8.48169
638258	9.96910
13036	10.41725
6724	8.58469
11289	8.95651
11626	8.47463
13846959	7.48273
10396	8.53676
10243171	8.51420
124	8.40894
191	6.99708
9225	8.34563
81061	9.84725
10972	9.76982
11369	14.58414
11773	8.04064
10297844	8.49326
6482	8.44676
11576	8.54308
10256859	8.34429
73183	9.40120
68122	8.45933
5593	8.20314
11587	8.45190
608157	11.39492
68837	8.08373
5878	8.65583
10181338	8.03454
13257	7.50746
62884	9.60677
75095	10.08535
1446	8.19119
20160	8.61563
62307	9.09145
2005830	9.43375
6079	8.41110
10980	9.56310
13866746	6.09560
61190	7.35301
31082	9.70284
58333	8.72876
6942	9.80614
7301	9.26546
21112244	10.77107
63002	6.32752
12045	9.71395
15603	9.05816
7300	8.99561
8187	8.88438
15410	9.49454
67145	9.22931
63057	9.60883
7925	7.63153
21111810	9.72238
62633	7.62639
7302	8.31355
11372	6.36034
67268	7.58938
16913	8.14084
67803	9.30141
11573	9.85313
11895	7.63396
21278	8.84951
21159579	9.73326
6585	9.58426
65704	8.46734
6957	10.77119
55242	7.60820
11353	9.28942
124512	10.11807
61790	9.66085
21106584	8.82749
10966	9.59951
13669	8.45620
21106577	9.52901
73763	8.23682
59691	9.65649
12047	9.55677
21108577	8.34891
6748	9.94457
21105998	9.15082
510851	6.68775
10621	8.66329
60092	8.47432
62483	9.22607
11003	8.92821
6835	9.53584
72918	9.77807
15016	7.63321
12259	9.38715
63503	9.71298
10539	7.59578
11354	10.37440
11488	8.65518
62656	9.57226
21111840	9.15150
13029	9.90545
66663	8.47026
13839012	9.63483
7928	7.63078
60259	9.81688
5966	9.21739
73125	9.04864
32882	9.04102
11450	9.22501
12586	8.69444
13668	9.09676
77230	9.121
7001	9.72913
31264	11.54546
14948	8.60257
62390	8.33698
12830	9.39163
14690	8.64195
60900	9.37686
2972	8.08249
11009	8.84602
11584	9.60735
8381	8.25404
58331	8.64988
13854242	8.52863
10897	8.97151
72141	8.75419
3637837	8.71182
63495	8.95788
73626	7.86373
72466	8.64988
13846663	9.57011
72148	8.89907
68265	8.20450
73512	8.32107
61199	7.74470
62698	7.60549
15093	8.57227
376	7.21140
15244	8.55751
10298355	8.75188
11484	8.42079
21106900	8.62426
1583	8.47938
50	6.94176
8127	8.44944
67229	9.61693
13846749	8.42751
61279	8.16138
15663	8.50557
9574	7.87438
9547	7.85163
284794	8.56165
5622	8.49441
9965	8.60188
7805	8.85373
6175	13.60475
7279	8.62951
11628	8.25054
63512	7.91326
121262	8.65073
13476	8.50510
222	8.44213
6032	9.35663
63328	8.40720
6658	11.19363
331	8.13238
6675	12.47768
14560	6.94389
20861	9.64080
7399	9.62552
7141	8.16963
79400	8.54564
6246	8.70126
10411	8.60152
15753	9.61451
11563	12.05981
62357	8.93426
7142	8.01476
8155	8.23076
68899	8.38651
21185	9.26410
11591	8.07295
12055	8.15217
61257	4.76301
6270	7.20251
7170	9.38814
452969	10.15701
452968	10.78575
7116	8.34457
6179	11.69350
72051	9.87114
13835108	7.35078
11424	10.18188
4436353	7.08999
6296	9.55826
15494	10.95613
9425	8.59438
14530	7.64803
21159425	8.50610
20124	9.84995
15488	9.88857
21171393	9.77633
29024	7.60564
64152	9.11507
7926	8.24657
77127	12.59850
83365	8.01145
8277	9.85376
62583	8.71439
21106529	9.71201
7929	7.63755
11434	9.02127
62453	8.12269
61418	8.69513
1346	9.86876
63533	8.52518
60462	9.39545
63208	8.97767
12697	10.67781
1688	8.81229
60937	8.30501
68404	8.83698
21106540	10.64809
70085	8.93576
10237273	9.08593
14340	8.84026
7114	9.74427
68709	10.14595
21106585	8.88533
55806	12.22150
2973	11.07422
13249	7.60945
7364	8.93537
6855	9.37758
13272	8.71470
6898	8.81979
66847	11.24263
15886	8.70456
12840	9.17058
38364	10.82339
14559	8.38732
12861	11.71581
6620	9.73120
1615	6.12576
63956	8.39113
27488	11.31238
61381	9.95576
71213	9.24551
71964	11.05671
15435	9.38988
13848793	8.28414
10446934	9.24838
61542	8.50680
6906	8.58354
6864	9.23387
15489	9.64408
13490	9.28296
61594	9.45648
23083	8.49445
70988	8.50446
78578	8.85890
11449	9.537
14413	10.06649
6478	9.92976
15418	7.66213
54970	7.94202
61599	9.31338
6907	8.52724
25276	9.69214
21170959	9.02413
6222	10.56450
11446	9.56563
7174	9.71442
63319	9.38780
8333	8.25836
79481	9.92242
60631	8.98345
61749	9.11751
1278	9.67771
91500	7.85163
8861	8.38513
28829	10.40791
8282	9.15984
11624	8.44538
15517	9.18714
18799	8.79983
68816	7.82888
11399	8.84026
4590	8.53371
62467	8.69606
8071	9.03069
62328	9.18624
1675	8.66138
10025	7.32007
84565	8.69149
11476	8.56301
13048	8.71463
29091	9.23426
62795	8.98488
71934	9.27898
7092	10.56488
6707	8.44676
531832	10.22501
434	8.61282
66572	8.53282
70021	10.34244
24438	8.39349
6824	9.04320
14869	10.84694
72291	9.19714
9929	8.52589
5584	8.28957
6854	8.30962
61739	9.21864
66716	7.84026
2632	8.61711
655	8.68915
34195	8.53663
8055	9.52838
8111	9.52437
84452	9.04320
5027	8.52446
5237	9.46159
13846015	4.85801
7069	7.45666
67479	7.28385
13882366	11.63913
7098	7.48201
2656	9.39876
61311	7.79002
21105876	8.46517
7097	7.63693
10287	10.22539
21159574	9.39095
22012	10.55878
29023	7.61088
66369	10.81063
7091	10.99788
13835351	8.75839
71995	8.73147
83338	8.89218
17879	7.63891
20971	11.75701
21112533	7.19688
76852	9.84383
61383	10.18688
16951	9.67851
11897	7.64041
9571	10.13157
7325	9.55464
12691	9.61282
11373	9.049
61273	7.59963
10407	10.19350
70450	9.40226
10425	7.77956
10609	10.00151
2388	8.64517
70652	8.80883
21159598	8.62373
6716	9.63983
9961	8.67909
14582	10.18352
960	7.61948
11898	7.63847
11421	8.48876
21106172	9.41365
6575	10.25625
6916	8.56616
71926	8.88399
73945	10.36513
9089	9.39405
10289059	9.64188
6825	8.59851
11961	9.72340
19862	9.19521
15092	8.81677
12524	10.15119
12667	9.93694
21168862	10.87938
71672	9.85624
70048	8.02044
7311	8.63161
62914	11.25267
8807	10.07634
15105	8.62153
21111772	9.80264
16208	9.30577
6872	8.73998
2915	11.36124
8099	8.60039
67953	8.67514
62933	9.61282
60263	8.66996
19739	9.29575
59146	10.83738
60357	9.44697
2179	7.42674
25604	8.79914
14585	12.04571
19331	8.61174
69970	14.07102
15998	9.65645
10363	8.96510
72174	9.45739
61561	8.39103
63211	8.88654
21106171	11.45889
6823	9.07939
532	8.50419
6552	8.41389
6033	10.72207
2923	9.63639
65785	8.13770
454393	9.91538
73131	10.28376
5142	10.70113
13846658	9.45841
18708	8.84807
10256	8.70232
9075	8.67165
65715	8.92538
11580	8.24876
6705	9.18388
12114	8.23701
15308	4.17813
68579	8.95560
15088	8.25639
4444774	8.34295
6928	8.18239
6550	8.72364
11595	8.79760
616466	9.30027
1103	7.26451
19099	9.91220
29090	6.56927
21168888	7.35301
7100	10.01589
6655	8.76454
12941	5.33249
4445872	7.78754
13837329	9.19657
62501	9.23618
7138	7.44838
11437	9.88355
6781	7.99802
7914	7.63550
66675	7.40571
21169500	9.52456
7889	7.62451
205386	7.70271
21733	8.80345
12515	10.29758
21170956	8.56448
62372	8.56463
11899	7.64277
5374	8.39647
67895	8.35951
29002	8.13064
21168556	8.70286
8836	10.01020
16109	9.93676
61759	8.95857
21106571	10.39989
7103	9.62893
60596	10.85380
8862	10.93302
10033	7.62664
14414	10.51668
11969	8.48558
66759	9.27711
66460	8.59296
6770	9.39832
6901	8.70434
7119	11.15507
61388	7.96589
8662	11.23492
21111849	8.97031
63350	9.41661
68350	9.68920
70962	9.75667
21106124	9.02911
12291	9.68663
59892	11.20154
12696	8.35081
19526	11.77689
21159439	9.13782
8434	8.42824
7121	12.24532
6757	10.72151
70660	8.09730
62756	7.74188
16096	9.74832
6834	9.78873
4775	8.77612
16644	10.00088
7427	7.93928
3581	9.18626
970	10.17795
6840	9.17012
13493	9.75245
3915	9.57389
8860	9.35564
11013	8.57756
6592	9.83583
11447	9.63636
5004	7.48159
5820	8.08438
21106163	9.91580
12274	8.89189
5899	9.72024
60188	10.80938
78873	8.11588
11475	8.96022
6235	8.060
10801689	9.36414
10582	10.49088
11398	10.57652
745600	8.55602
9413	7.80613
6586	9.69263
64143	9.71853
328957	7.82888
13699	9.37189
11974	12.09944
17097	10.72251
6856	9.27920
13693	8.44676
21106365	11.24006
5606	9.10283
12275	9.46351
18	8.25001
67788	9.84751
5612	9.59082
10986	8.49735
12236	6.49167
61560	8.30421
61352	6.24402
6845	9.48879
8182	8.31158
21171396	7.19476
11472	8.42814
24499	8.66517
61101	7.96064
21106146	7.80216
6768	10.88362
60012	9.88667
7284	9.61740
13856885	7.43701
19816	9.29288
6386	10.88388
68220	9.78960
28952	8.97507
8058	8.92143
6771	9.15661
21159597	8.76113
2991	9.25493
12017	7.64478
67790	9.46489
72806	8.65588
7120	11.24238
13863774	7.65271
74935	8.47740
12307	9.557
62631	7.63559
16896	9.72113
10235	9.44182
69150	9.57539
6746	10.22271
23472	8.85655
5091	7.63198
13090	11.37685
24905	9.21916
12100	7.64340
7118	11.387
7355	8.84232
7296	9.25031
10664	7.60866
123905	8.12317
454604	7.81751
61717	9.16165
9886	9.77273
955	7.50720
7145	7.77889
12864	11.55978
8793	10.63907
1118	9.51926
65703	8.81173
63555	8.51641
453633	7.78338
6601	9.90795
2980	8.06951
165975	9.51463
453910	7.79476
512092	9.42395
2372	8.74762
9779	9.31182
16612	10.90250
66916	9.95346
61264	9.00351
11614	9.15351
71166	11.39982
8470	8.87401
2169	8.83780
11982	11.80206
200562	9.15838
70280	7.41789
10778469	8.54357
15983	8.08391
67282	8.42725
9838	9.14313
5816	8.70368
27057	9.05045
7268	8.43452
10289	8.50558
63453	7.10793
56797	8.77601
1061203	9.28157
14760	8.41823
8310	13.64582
11443	9.79387
18177	8.56373
24341	7.89676
9109	9.45764
59462	7.62135
7758	7.57010
13836549	6.01165
6420	8.70589
59526	8.46780
8463	8.69250
61280	8.09203
7162	8.43089
67007	7.59198
62931	8.43076
68907	8.77988
12499	6.57192
12249	6.83577
21170967	7.72321
8045	9.47523
7909	7.63475
21171999	8.78092
61475	7.52328
8118	9.80323
12072	7.64656
21111786	9.65763
9554	9.09539
61569	8.77267
7275	9.82553
14360	8.70455
12071	7.63602
6576	10.36138
74932	11.73533
7207	8.94045
61399	10.52232
9824	9.91633
21106020	8.35506
64618	9.74148
13073	9.42071
11290	8.64838
62486	7.88676
10824	8.56464
10034	7.62169
10833	8.99396
15216	11.84720
81679	10.22381
7166	8.26340
63538	10.22645
284177	8.10332
6846	9.65549
64166	7.92529
65903	8.97123
21171513	9.51206
66547	8.86555
453123	8.61832
12213	7.56241
7163	8.34714
1441	9.44473
3542441	8.26589
13863300	8.45853
5555	9.85313
9856	8.85898
15474	9.76733
2016563	11.68788
7203	8.11276
15796	9.33718
6751	9.72466
6857	8.94572
11516	9.13134
5532	10.21073
6900	8.99594
6642	9.55085
7125	9.64407
70500	9.74245
5562	10.00426
8054	8.64865
67230	8.47972
67257	8.34701
15359	10.16288
2063	8.88421
9572	8.03726
6797	9.29689
9946	9.03651
6593	9.75208
9826	9.52588
66528	7.40288
61789	8.59963
3229	10.74458
13856959	8.62479
76286	7.47407
7201	8.44901
15636	12.12519
13927	10.08737
483123	11.14982
21105887	8.93573
7830	7.63653
10408	8.68167
9535	7.58826
6484	9.12940
21106127	11.94763
6709	8.66258
75176	8.97876
12523	9.59997
68247	9.71154
62332	12.25350
11900	7.64817
70915	8.65301
62289	8.90439
7214	7.80764
15471	9.62977
62361	9.37740
11468	8.72385
7202	8.62951
13853943	7.99340
10035	7.63919
12681	7.73051
7292	9.20493
74171	10.28638
75956	8.63755
7315	7.96115
105768	8.46788
15161	8.89855
306959	9.58635
58578	12.79064
18227	8.42713
70806	10.52858
16310	8.17322
3924	10.03738
9219	8.63726
66512	8.93243
526	7.80052
13925	11.41540
7167	8.18427
65693	9.40542
27749	9.34555
1484	9.97109
2356	9.91550
8057	10.16710
6610	9.23118
7060	8.18889
8030	10.57813
11593	7.83101
61517	9.42482
7313	8.93225
60933	8.02601
610932	11.00219
525531	9.90914
10274392	9.03166
3008	9.77782
6546	10.77277
4029	8.81588
8459	8.55539
13924	10.30279
12670	8.27578
2621	10.03915
4233	9.73835
63515	9.72077
1540	9.02326
15683	10.18106
2359	11.42487
6837	9.33801
9073	9.33708
17440	10.78332
4959	11.08063
17704	9.33808
15113	12.509
61086	7.38013
61785	9.84063
63077	7.53251
6725	8.41776
21106036	7.39151
8567	7.63146
13865683	9.83913
62479	8.03739
3395	10.43764
13853953	8.80650
9549	7.67226
8086	7.99802
21106095	9.47864
10864	9.96350
7171	9.24001
11972	8.63537
21106013	8.50063
61281	7.62877
12263	7.84084
6508	10.97867
11901	7.64967
10834	11.32684
13721	11.89921
3005	14.26092
60006	8.27283
11249	11.46879
11429	8.33864
7148	8.12264
120011	7.66088
25605	11.11107
10378	11.27480
11641	8.00207
28714	9.52698
9130	9.77287
61087	7.67540
13422	8.97626
62928	8.19352
9569	8.17738
2066	10.00182
9515	8.45763
13887609	8.77407
13697	10.224
2384	8.36918
61672	8.37001
13075	9.81942
2695	8.89048
9442	7.48445
13707	9.37624
15724	11.05324
2661194	7.95614
6229	10.99257
8106	10.07652
10181821	11.65844
14688	7.94442
2848685	7.86990
2673	8.97117
5739	10.89082
5561	10.09765
12680	10.43226
2745027	7.62482
6753	9.33112
62668	8.65349
13105	9.79722
5686	10.09904
14810	8.40728
4286892	8.17964
9873	11.40323
523754	9.64502
60090	9.60630
14584	9.67001
2424	9.55626
6468	10.09076
1909	12.20711
70071	10.85535
4740	11.75069
12329	10.01790
59885	10.01882
7274	7.91454
72680	8.98794
29135	10.40933
11397	8.34001
10630	8.25239
11581	8.78013
11427	9.08138
59403	7.90301
7169	7.95114
69973	9.35863
11146	7.65108
21168823	8.89213
25097	8.85901
10426	7.80113
6838	9.15306
8331	9.48448
61014	8.60801
7923	7.64390
63718	10.11004
6858	11.65347
61148	6.25577
6763	9.73580
10848	9.66314
59487	9.72898
10633	8.52028
6714	8.55945
63567	9.25139
10619	8.95951
11279086	8.50763
13323	10.58835
62363	9.43747
11967	8.94264
9206	9.22677
11577	8.73588
11428	8.28289
67597	8.66551
63320	9.79388
11582	7.98164
6713	8.63689
21272	8.89955
58568	9.15963
60158	8.26820
29117	11.60650
8366	8.70089
12355	9.00258
8254	9.53404
57727	10.89776
18409	8.70542
4596	10.51582
2468	9.357
3214	9.73545
7260	9.94639
3215	9.66012
7210	8.74151
10618	8.82633
967	11.19220
2272143	11.57326
61540	6.83615
5129	11.21294
12057	7.08301
6213	11.14975
6438	10.25676
84451	9.80992
13837584	7.59230
62340	8.97119
21106035	9.29088
21106576	10.00207
5399	10.386
67212	11.32088
12504	12.41257
21111865	9.05081
6588	9.46826
11902	7.65244
11567	8.99064
4471	9.61264
12722	7.49372
86040	10.72409
6783	9.75639
20311	9.58839
70990	8.21996
528656	7.91552
21106145	8.59188
21106581	8.44126
11267	7.91888
11395	8.82188
59164	10.95988
69450	10.35231
11337	9.13476
64012	9.64770
10284	9.53342
226885	10.58607
8329	9.17553
12339	10.27398
10230	9.14577
9805	10.64952
12874	10.30201
8800	10.77639
62303	9.38488
61150	6.07814
60173	8.18639
3613	9.58973
8104	10.01717
17162	8.03530
69027	11.44632
6220	11.04863
305	8.90867
3300	8.30751
71976	11.83563
8816	10.84316
11594	8.35751
6848	9.79512
4819	10.81270
5882	8.04776
2068	8.92763
13835294	9.80712
6639	14.42066
2911	11.85969
21106178	5.39602
60889	7.34601
85490	9.74173
6899	8.66480
69290	8.05364
7037	10.40833
11903	7.65375
8188	8.79051
59546	11.36568
62472	8.51276
11283	10.62957
62389	9.75403
6381	11.52917
10169	12.08057
11586	8.36213
13066	8.98598
63522	7.55457
11277	7.74926
14613	11.22683
8298	9.64356
9192	10.88868
6554	10.06685
4575	11.62132
13133	11.51663
12858	9.44913
6221	11.54850
6767	9.54662
62751	8.05901
62493	10.96352
28947	8.65826
6371	11.49819
9002	13.53463
2079	11.14975
15702	8.90976
6515	10.11849
65700	9.74831
5145	11.45784
77916	9.67176
31144	11.16670
6505	10.31933
8846	10.49042
2951	9.84339
7407	8.50763
58587	12.16951
20277	8.90402
11359	14.08470
56177	9.42350
10243	11.26965
15403	9.39814
5026	11.41623
59971	9.50194
9394	5.81076
86894	11.52282
9438	7.58852
70319	7.28788
21106111	8.66995
26691	10.46015
5363	9.77266
7177	8.51932
21106574	9.77988
2607	10.30816
12018	7.65502
11308	12.60251
2181	11.30178
74123	8.06276
25957	11.92898
13959	8.91197
11276	10.25720
60100	9.35797
6514	10.27567
142204	11.14144
11618	10.52551
2387	11.54850
17967090	10.02944
8183	8.19838
11202219	8.50813
120096	8.99592
6080	9.24602
10616	8.49963
14952	12.60232
8799	11.43199
16359	9.17767
4599	11.79094
11178542	8.80938
7044	9.00861
62381	10.40336
2457	11.11514
2075	11.99395
6447	10.66348
6927	8.40767
2283	10.134
8067	11.38377
13909	11.95632
9832	8.46115
9522	7.21651
8181	8.94113
7289	9.33255
149513	9.30301
46739	8.50233
59020	9.13654
62963	9.80048
3345	9.26694
59928	10.27910
60047	11.07838
10490	7.80350
85216	10.30510
63738	9.86089
21106506	9.44680
3871	13.25022
6369	11.84248
55194	8.81749
65061	11.52882
15089	8.62901
3009396	9.08188
224468	10.77337
2626	11.44784
5304	11.36031
5507	10.60498
194210	8.63364
9189	11.34893
9697	12.24569
11338	9.98546
62252	11.79548
5138	11.40528
10871	9.29321
5632	12.04388
2849	11.76931
1611	11.29505
3218	9.72062
7152	9.53565
62362	9.44670
5376	9.85295
8253	9.60857
4268	9.82624
7042	8.43363
62477	8.16539
62098	10.08871
6454	10.34911
7108	7.72865
7259	7.76728
9894	8.70919
6389	10.01323
2629	9.89138
15596	9.70082
10542	7.65748
79719	10.30601
27183	9.78090
22739	10.75779
12310	8.53764
69703	15.08943
10257	8.05189
62663	10.96203
4735	12.04635
68030	7.64065
62525	8.57393
16358	8.98864
7168	9.32751
4024	10.03934
4317	8.73171
7975	12.18969
6453	10.78210
6215	12.55343
3762	8.93761
1991	9.48239
6442	11.00799
10081	12.22525
2246	11.60992
21360	10.71550
2117	10.01869
65974	10.76096
8105	9.90131
1998	10.94557
8235	10.29311
8274	10.13511
8804	11.04436
9795	10.64089
5134	11.45545
8788	11.41662
70514	9.84015
63117	10.62957
18924	10.88089
62965	9.52023
10452	6.43454
455964	12.27407
642951	9.05232
67593	9.77416
6214	14.03884
48119	9.08760
62966	9.38011
8252	9.70681
7258	10.35379
6373	11.90462
9190	11.29479
11200	15.19584
27486	9.67697
12549	11.08957
2297301	11.62138
10554	12.33275
13985	11.05033
4444448	9.64065
8151	8.94651
13329	9.81702
3987	8.95576
7370	8.42092
5786	12.14271
4582	11.93611
12336	10.85983
6057	12.38238
66909	11.13402
11274	10.12490
11297	10.17745
24722	8.67018
525308	9.68073
7211	7.60002
5571	11.41191
5163	12.13804
18716	9.62876
4742	12.05854
6433	10.158
62265	9.32651
6517	10.41802
11269	11.72024
19663	9.25328
29150	10.62261
62754	9.96970
4444926	9.23863
15020	9.69062
8163	11.29913
11320	8.70589
8150	8.37839
64045	10.76484
59976	11.01715
63122	8.79329
13777	8.81980
28425	9.51594
63119	11.48943
4453	10.48347
6764	9.60780
14285	10.82277
11286	9.32513
8023	11.18778
7358	9.01787
66396	9.20302
7988	7.88036
11906	7.66220
60886	8.66201
7172	7.75064
6216	12.97484
64830	9.50014
69366	10.85885
13352	10.86535
58910	9.929
62338	9.02526
3208	10.56084
49895	10.29651
5302	11.41559
60518	12.54038
3765	11.69213
63757	11.14140
2034	11.85129
21106037	7.73829
11390	8.36526
15010	9.73151
2447	11.21385
4617	11.22875
64003	9.39061
77934	9.47530
4518	10.58056
5740	9.46751
11571	8.02317
5131	11.55878
5165	10.83322
7045	8.29464
5531	10.58382
10442628	11.59033
4444935	9.35648
10085	11.76469
13868426	8.957
6520	9.90859
3228	11.14347
6830	8.34939
3508	12.77707
2928	13.36038
60108	8.76555
63575	8.70501
6464	11.28403
2710	15.32444
2839	11.39475
14916	10.08623
65648	11.04773
8353	9.99240
10009	7.80435
11917	15.23675
21106505	9.83025
191496	9.78837
60919	7.69377
18983	7.66676
21242790	9.40438
4586	12.12145
2810	12.85416
11325	9.61889
11271	10.10604
1912	11.51344
61577	9.90086
14430	12.41749
3521	12.49964
9815	11.10410
7970	13.83088
67509	10.30999
14979	10.50388
17987	9.34689
38123	12.41954
3322	12.25237
4478521	9.85228
62645	13.39457
64377	10.60521
4433	11.41205
10259	8.46433
11387	8.65027
4355	8.80938
10442653	12.26406
7155	8.49964
11310	9.77051
10248513	11.64486
59493	14.17275
73276	10.06955
15209	9.58401
66498	11.22519
29343	11.74818
3472	11.81905
48922	11.39868
4600	13.12563
29156	10.76570
6232	11.93752
10696	6.80582
61266	9.17876
21965	7.67122
62468	8.97120
59489	8.35316
3438	10.58268
5437	9.99194
3584	11.33497
15968	13.09813
11309	9.73654
13153	9.66460
11380	8.73489
62217	13.44001
31872	12.18023
64024	12.22107
14960	9.42399
5075	11.90058
9426	9.54451
2562	11.01743
8177	7.83479
8073	8.85652
6688	8.28716
4514715	11.71880
15521	10.54557
3039	10.67219
2160	11.11363
68961	9.60109
24584	12.67021
68224	8.04819
15484	14.16833
13842838	7.432
1904	11.40011
3618	10.96304
13764	14.61642
9180	6.77473
3368	11.57826
258050	11.55384
7974	15.39726
29054	14.38313
9018	6.64254
30913	10.98795
5423	10.32004
9028	11.96133
2867	7.91981
10581	14.38098
10674	8.744
5515	11.98502
6208	16.34038