Compound Id	BCUT [BCUTw-1l]
291	12.0
6084	11.890
11148	11.998
855	11.999
864	11.997
6089	11.994
6088	12.0
6094	11.890
6085	11.790
6103	11.999
7956	11.997
682	11.997
6100	11.999
6087	11.999
654	11.994
6101	11.994
6086	11.690
7954	11.890
6097	11.999
7555	11.890
1004	11.997
172	11.989
6092	11.999
7560	11.999
11729	11.999
31029	11.999
6102	11.953
5834	11.999
10046	11.953
7556	11.890
9644	11.998
11151	11.790
7712	11.890
6111	11.9
10437	11.999
3168	11.890
7721	11.999
6114	11.997
13837190	11.997
9233	11.89
7577	11.989
21171407	11.999
7566	11.953
258	11.996
13835977	11.994
6093	11.999
7728	11.997
512	11.989
21106015	11.997
7716	11.994
9990	11.890
13836021	11.997
6106	12.0
7713	11.790
21106179	11.998
13836674	11.999
6124	11.999
11835	11.890
7714	11.999
7553	11.999
1114	11.994
7732	11.790
11833	11.996
7711	11.999
6138	11.997
7717	11.953
7557	11.790
11807	11.890
7786	11.89
11834	11.999
256	11.989
7767	11.890
8894	11.9
3644	11.997
7559	11.989
11830	11.999
7567	11.953
7734	11.989
6040	11.996
7776	11.999
12977	11.996
13865015	11.999
9354	11.997
12450	11.996
693	11.994
278	11.997
13835550	11.994
13835336	11.994
10694	11.997
9480	11.994
11723	11.999
6308	11.890
64095	11.9
11099	11.790
7957	11.89
11109	11.890
12209	11.690
6121	11.999
6108	11.998
7737	11.9
7827	11.890
14512	11.999
8543	11.999
7770	11.953
1095	11.9
6104	11.999
12011	11.890
175	11.890
8896	11.9
7782	11.989
7772	11.989
8560	11.890
31016	11.890
6310	11.994
7738	11.850
7815	11.998
12010	11.999
9630	11.890
2916	12.0
7739	11.850
13839553	11.997
7736	11.995
7811	11.994
171	11.997
659	11.999
11728	12.0
173	11.994
2006126	11.994
11167	11.890
10765	11.890
7604	11.890
221079	11.9
7024	11.9
11110	11.790
10730	11.999
10766	11.890
8544	11.9
10113	11.890
68268	11.890
11121	11.890
6307	11.999
29000	11.996
13854808	11.996
6127	11.999
62433	11.890
6125	11.999
11125	11.989
72268	11.999
62241	11.890
10340	11.994
6321	11.890
11871	11.890
7810	11.999
11846	11.953
13836399	11.996
6311	11.953
6313	11.989
21168808	11.998
5993	11.989
13837112	11.997
349	11.89
19100	11.999
8554	11.9
10018	11.997
1020	11.85
13837650	11.999
7837	11.996
2275	11.989
1005	11.997
7835	11.994
13854130	11.999
7791	11.9
13837537	11.995
6336	11.999
236	11.850
11832	11.999
7787	11.9
7551	11.999
29015	11.997
13835209	11.996
8903	11.850
6334	11.994
13837702	11.994
8904	11.989
11229	11.994
7790	11.997
60524	11.890
13420	11.999
121383	11.890
6330	11.994
10951	11.999
1913	11.999
13835459	11.995
10020	11.999
6134	12.0
3530	12.0
6153	11.998
11232	11.890
14893	11.9
12201	11.790
6309	11.790
14686	11.9
12446	11.890
81237	11.890
12430	11.890
7674	11.9
14966	11.89
11551	11.890
11094	11.890
8158	11.890
11222	11.890
9484	11.998
122546	11.690
7605	11.999
76541	11.89
7788	11.9
15221	11.89
7833	11.89
8569	11.890
1108	11.850
21106561	11.79
10653	11.996
11128	11.790
8525	11.89
10536	11.890
7607	11.890
13839107	11.996
11865	11.999
13839199	11.989
13839575	11.996
11866	11.953
5977	11.999
7856	11.890
7715	11.999
11863	11.999
6305	11.999
7849	11.890
10498	11.953
7852	11.998
11874	11.999
6323	11.999
7838	11.989
7016	11.890
10733	11.999
13835401	11.994
29101	11.953
7710	11.999
7688	11.989
119963	11.997
21106520	11.850
7677	11.9
13839441	11.996
9646	11.890
932	11.996
13835180	11.996
259	11.996
7851	11.890
6147	11.999
11526	11.997
13874733	11.850
11750	11.997
6333	11.997
6146	11.996
13835604	11.996
67424	11.850
13884495	11.953
68156	11.996
61471	11.9
5439	11.994
10772140	11.989
72718	11.999
6331	11.994
4200	11.999
10464	11.994
1143	11.994
11787	11.996
62181	11.994
1664	11.994
234	11.994
61632	11.890
6148	11.998
84221	11.9
67620	11.9
6340	11.890
18792	11.890
121154	11.690
11086	11.9
121113	11.9
15438	11.9
454272	11.890
121640	11.9
14751	11.9
14672	11.996
11106	11.89
21073	11.890
6163	11.890
7219	11.85
7706	11.890
126201	11.890
21106560	11.850
2803	11.994
29025	11.890
10465	11.999
21105905	11.850
7022	11.790
7463	11.890
7244	11.995
7242	11.989
55123	11.989
7850	11.999
11095	11.89
11025	11.89
13840	11.989
11838	11.9
29026	11.953
7878	11.996
11029	11.890
21106032	11.999
7238	11.85
30349	11.996
6326	11.999
7701	11.890
13872667	11.999
14840	11.890
13851383	11.850
59607	11.999
10054	11.999
6967	11.89
12814	11.989
14349	11.998
7026	11.996
7765	11.999
10053	11.999
6165	11.996
69736	11.994
8574	11.996
6170	11.999
8909	11.9
733	11.997
60839	11.989
21997	11.994
15117	11.996
13835861	11.994
13835772	11.996
14608	11.994
13835579	11.994
10328	11.996
13839416	11.996
69525	11.999
6164	11.996
10988	11.996
21106481	11.953
18801	11.994
61810	11.996
737	11.997
5050	11.999
4418329	11.994
773	11.989
2070	11.994
3596	11.999
11795	11.994
13220	12.0
10775	11.890
10755	11.890
16689	11.890
11055	11.890
7619	11.890
10737	11.790
69505	11.9
11056	11.996
7385	11.850
14752	11.9
7475	11.890
7761	11.989
10777	11.890
63026	11.890
7626	11.890
17558	11.890
12924	11.690
7515	11.89
10776	11.890
55090	11.999
21106526	11.999
7027	11.999
8490	11.790
14679	11.9
12809	11.890
13864773	11.996
7387	11.850
11998	11.890
11763	11.89
6119	12.0
21170543	11.850
8141	11.989
12810	11.890
21106016	11.999
6341	11.996
13860641	11.993
10364	11.85
21106583	11.890
9614	11.998
16268	11.999
7514	11.890
13875281	11.999
15846	11.953
11170	11.999
8157	11.009
11087	11.999
7391	11.850
13875320	11.999
13619	11.890
7465	11.999
6248	11.890
55085	11.996
29036	12.0
15480	11.999
5889	11.994
8552	11.996
55110	11.996
21106133	11.996
13860775	11.994
7882	11.996
13838404	12.0
8576	11.993
11909	11.953
11875	11.996
19231	11.989
7678	11.996
11530	11.9
361265	11.994
62737	11.994
447	11.996
15443	11.9
66464	11.996
6728	11.996
971	11.996
62577	11.999
66754	11.994
10301338	11.999
12640	11.989
21069	11.996
10008	11.994
177126	11.999
21111768	11.994
87514	11.890
10989	11.85
2016737	11.890
7225	11.953
8524	11.997
1013221	11.999
11107	11.994
21349	11.953
2005898	11.995
8537	11.996
5978	11.999
1477	11.996
11694	11.890
6332	11.999
2005963	11.999
7690	11.994
7683	11.996
13835293	11.996
61707	11.994
2005897	11.999
12225	11.989
66578	12.0
11244	11.994
1414905	11.999
60308	11.998
26072	11.9
12444	11.79
17801	11.890
10759	11.89
15794	11.890
11064	11.89
11370	11.89
18604	11.9
6149	11.998
66568	11.8
6156	11.998
7334	11.890
10420	11.890
13400	11.89
7419	11.850
25609	11.890
10571	11.996
14729	11.89
7621	11.89
21111805	11.999
10534	11.9
70705	11.890
14753	11.9
12807	11.890
7627	11.890
11410	11.790
21111882	11.999
21132380	11.890
13839109	11.89
13471	11.890
7672	11.999
7641	11.890
7689	11.999
7676	11.999
21106169	11.997
13863629	11.989
11062	11.9
13248	11.999
6042	11.999
8335	11.890
7673	11.999
13860692	11.994
10001	11.890
7881	11.999
11655	11.850
11783	11.999
11765	11.999
13856579	11.953
28777	11.994
7802	11.890
67360	11.953
13860335	11.996
11210	11.996
7890	11.890
11077	11.890
7803	11.996
7229	11.996
13842613	11.890
13835895	11.996
7883	11.989
630	11.89
9349	11.998
11862	11.999
21106134	11.999
13876621	11.953
13881329	11.999
9917	11.997
21105871	11.996
1031	11.890
7521	11.890
7235	11.999
6726	11.999
1071	11.994
11063	11.996
287294	11.996
60121	11.996
59438	11.996
12150	12.0
12144	11.9
61553	11.994
7611	11.997
14991	11.994
59556	11.996
13835151	11.994
9350	11.850
13844	11.9
96573	11.996
11066	11.997
62628	11.996
9357	11.997
66996	11.999
14609	11.994
10432	11.999
1479	11.994
7610	11.994
11708	11.999
10467	11.994
8882	11.995
7651	11.994
764	11.996
653	11.996
392	11.996
24633	11.994
9611	11.994
5705	11.994
11757	11.890
69826	11.9
13450	11.890
7747	11.890
11603	11.890
7628	11.890
7694	11.89
7065	11.89
13837280	11.999
16383	11.999
8568	11.890
7794	11.890
24634	11.9
21105900	11.890
8514	11.790
14205	11.999
11660	11.890
19110	11.9
15432	11.999
11741	11.890
21896	11.89
13875230	11.999
6406	11.996
13840690	11.999
11041	11.9
17474	11.999
13875392	11.999
7891	11.790
12067	11.996
13402	11.890
16486	11.989
6252	11.997
6135	12.0
10236	11.890
9228	11.999
5730	11.999
8160	11.9
13673	11.850
13875180	11.999
7013	11.999
7224	11.953
11180	11.996
12221	11.999
7392	11.996
7903	11.998
63871	11.996
11882	11.890
21106525	11.993
13851576	11.999
7893	11.996
7894	11.989
19108	11.999
13869480	11.994
924	11.850
13840647	11.993
13875160	11.999
6409	11.994
6654	11.998
11057	11.997
6630	11.890
62314	11.999
59426	11.993
370	11.996
7007	11.999
17221	11.996
14890	11.996
7901	11.996
78543	11.996
13875258	11.999
7241	11.953
13849	11.994
9563	11.994
15708	11.890
13875432	11.850
21111781	11.989
14436	11.9
13875219	11.999
7795	11.996
21106513	11.999
28982	11.996
18685	11.996
13839174	11.89
78	11.953
13860491	11.993
62877	11.999
13868660	11.999
8665	11.996
13869414	11.994
11021	11.996
7519	11.999
13842573	11.850
11242	11.999
333	11.996
7480	11.9
13869339	11.999
62226	11.890
13839151	11.890
59439	11.999
7236	11.9
11038	11.999
6991	11.994
16257	11.989
13646	11.850
11350	11.996
7634	11.989
9849	11.996
10955	11.989
6983	11.996
10251740	11.994
6652	11.996
1131173	11.997
9546	11.995
7632	11.9
1013196	11.999
23718	11.890
11179	11.890
10795	11.890
10445	11.890
10742	11.89
7657	11.890
6338	11.999
8659	11.009
7248	11.790
8531	11.850
11818	11.890
61026	12.0
10428	11.890
10253	11.890
11911	11.999
11790	11.89
13040	11.890
7509	11.890
13473	11.850
12829	11.890
21242799	11.850
13451	11.890
14888	11.890
6176	11.890
8013	11.999
13032	11.890
21106562	11.850
7448	11.890
21168731	11.999
13875381	11.890
61200	11.997
7879	11.999
11607	11.953
13839308	11.953
7129	11.850
16887	11.890
8579	11.999
7900	11.999
7744	11.890
11879	11.953
6628	11.994
21106155	11.993
21111850	11.999
11883	11.890
7866	11.996
13881571	11.999
9360	11.996
14787	11.995
12451	11.890
13856009	11.850
13848467	11.996
8138	11.998
9326	11.998
13644	11.850
6677	11.996
70682	11.999
72625	11.999
7132	11.850
13835630	11.996
12060	11.996
66344	11.993
6990	11.999
21105859	11.996
6985	11.994
66551	11.9
8098	11.850
74169	11.994
191427	11.999
21106167	11.953
7135	11.9
11091	11.996
6277	11.996
207215	11.989
7915	11.996
6177	11.996
13861	11.997
21168837	11.999
15526	11.996
13033	11.996
67466	11.89
7388	11.989
14165	11.999
10649	11.996
13866817	11.850
7635	11.989
14163	11.996
21111896	11.999
4642	11.989
11500	11.999
25942	11.993
21105878	11.996
5704	11.9
8911	11.9
25757	11.999
65689	11.996
13836283	11.994
16011	11.999
6253	11.999
24133	11.999
16237	11.999
60497	11.953
11651	11.996
7518	11.999
21106018	11.996
60662	11.999
73531	11.953
63882	11.989
12823	11.999
34095	11.996
56234	11.850
63307	11.999
87265	11.999
21844	11.994
12821	11.850
11181	11.996
521915	11.999
22006	11.994
12822	11.994
13868640	11.850
63180	11.996
9964	11.996
8852	11.850
10471	11.989
16931	11.996
13837582	11.994
13837760	11.996
5975	11.89
4878	11.996
12478	11.996
123	11.850
11022	11.996
8528	11.994
11080	11.994
68939	11.999
68309	11.994
63658	11.989
14346	11.994
68282	11.989
5408	11.850
5596	11.996
11489	11.890
62546	11.89
1017	11.989
13421	11.890
26065	11.890
21998	11.89
26066	11.890
7581	11.890
17976	11.890
26068	11.890
7580	11.890
15532	11.999
9478	11.890
13231	11.890
21106102	11.996
63017	11.999
9903	11.9
73565	11.890
7511	11.890
21106174	11.890
7659	11.890
6977	11.890
13865426	11.890
6794	11.850
20521	11.9
5931	11.890
21106522	11.997
21111905	11.999
6883	11.85
13622	11.79
13869451	11.994
11073	11.999
9328	11.994
6143	12.0
21111798	11.998
7908	11.996
13870160	11.988
12061	11.953
11930	11.994
21105937	11.85
21171406	11.999
17428	11.999
61765	11.85
6974	11.999
31931	11.999
11511	11.999
13438	11.996
15431	11.999
11517	11.989
13837686	11.999
13854818	11.850
10935	11.999
21106578	11.890
11885	11.890
37466	11.999
67735	11.890
17383	11.996
60103	11.850
7871	11.890
23643	11.989
13869434	11.89
12972	11.890
11432	11.850
26091	11.999
13860633	11.994
81759	11.996
6881	11.850
7961	11.997
13839123	11.996
21168833	11.999
29080	11.9
7437	11.999
9910	11.998
21111816	11.999
8873	11.994
6951	11.998
13875441	11.996
2863	11.89
13626	11.9
6788	11.850
11485	11.994
19037	11.999
11433	11.850
477171	11.996
7917	11.996
72054	11.996
21111785	11.850
17163	11.953
69446	11.993
13254	11.989
10790335	11.999
21106019	11.999
8319	11.850
63447	11.890
126037	11.999
20151	11.999
21159424	11.996
6774	11.996
10857	11.999
69896	11.996
21112332	11.953
61802	11.999
13839110	11.850
2005824	11.890
9564	11.996
6988	11.999
6633	11.996
24729	11.996
100	11.996
26031	11.999
13839128	11.850
75563	11.999
10181341	11.85
6160	11.997
11460	11.850
15420	11.996
60129	11.999
4962	11.996
9908	11.994
96816	11.999
11663	11.999
72534	11.996
12173	11.999
8876	11.850
8070	11.89
13839080	11.996
6790	11.850
11662	11.999
56139	11.996
880	11.890
5242	11.999
10250	11.996
4963	11.994
10254	11.993
589165	11.850
12480	11.890
1013337	11.999
3635	11.850
20732	11.994
61354	11.994
60191	11.007
352	11.996
9612	11.995
6191	11.998
14830	11.999
18688	11.890
13038	11.850
11919	11.890
7507	11.890
7183	11.890
10355	11.890
7088	11.850
6287	11.890
13850405	11.850
21106521	11.997
6342	11.999
13861934	11.999
17481	11.9
6998	11.890
3973	11.998
60340	11.999
8097	11.9
13857694	11.999
73564	11.890
13875377	11.999
13837988	11.999
10239201	11.997
6780	11.988
12230	11.999
13848808	11.996
13063	11.850
9844	11.890
24142	11.790
6949	11.9
13861158	11.999
16377	11.988
7916	11.999
21105936	11.996
13875212	11.999
62402	11.85
21171515	11.890
61797	11.999
67462	11.89
21105889	11.989
10540	11.890
13848341	11.996
21153	11.890
29031	11.988
25119	11.996
13858096	11.993
11650	11.997
14507	11.997
75479	11.89
10648	11.999
7888	11.890
1072	11.993
21106470	11.988
211145	11.999
60136	11.999
15310	11.999
61428	11.998
11556	11.996
21168838	11.850
81705	11.9
12465	11.9
21105848	11.989
21109330	11.996
13837787	11.996
4209	11.989
9327	11.998
11891	11.996
21111804	11.996
8855	11.988
25968	11.999
13013	11.999
65745	11.994
10333	11.996
21111842	11.953
21394	11.996
13864445	11.999
70868	11.999
14390	11.9
221355	11.989
62582	11.996
7185	11.89
124526	11.953
62368	11.996
28973	11.850
16094	11.999
26799	11.999
21111774	11.89
61036	11.994
6852	11.85
62581	11.999
6999	11.89
17687	11.999
65682	11.999
10831	11.890
13860434	11.989
72056	11.996
7143	11.996
70511	11.953
16095	11.999
61585	11.989
32002	11.850
11413	11.996
72416	11.999
10892	11.996
11185	11.890
59433	11.953
10004	11.9
8867	11.850
21105795	11.989
1668	11.999
97850	11.989
10298354	11.890
21105699	11.850
4489	11.989
11673	11.989
238	11.996
2241	11.994
7951	11.850
911	11.994
13262	11.890
993	11.996
6995	11.996
21125563	11.999
6674	11.999
69983	11.996
8066	11.996
2015070	11.007
62423	11.890
58489	11.9
1078	11.996
70865	11.996
11477	11.996
11672	11.953
913	11.996
3268	11.989
10796	11.890
26070	11.890
12199	11.998
387	11.999
7073	11.890
15468	11.850
13439	11.890
7670	11.890
21105987	11.85
6656	11.994
13885245	11.85
13837281	11.999
7876	11.993
13882337	11.999
21106517	11.999
11412	11.999
26801	11.890
21159680	11.850
9078	11.997
83703	11.890
13876103	11.790
59482	11.850
6657	11.996
12044	11.850
21105867	11.890
11889	11.790
21106014	11.999
21106112	11.993
21111819	11.989
21108245	11.996
67835	11.997
17019	11.998
60586	11.996
21111817	11.999
21171496	11.999
11892	11.890
10800462	11.997
10771160	11.996
61434	11.996
21105932	11.996
69057	11.999
16685	11.993
6862	11.850
63909	11.996
11510	11.996
85185	11.998
21865	11.953
6479	11.989
64147	11.999
21106008	11.989
8140	11.850
3756	11.996
62236	11.890
20548	11.953
12818	11.999
15622	11.999
71784	11.999
13869655	11.999
18707	11.996
4611	11.850
11778	11.994
69628	11.999
13873600	11.999
15440	11.999
9900	11.997
68896	11.999
10772050	11.989
65	11.999
15317	11.999
6954	11.988
13667	11.9
11970	11.988
60848	11.9
13860817	11.994
12229	11.999
12675	11.850
11083	11.996
10881	11.993
97904	11.953
6481	11.999
13875161	11.890
6621	11.989
11327	11.989
1847	11.996
14836	11.996
8154	11.989
11509	11.994
13869661	11.996
63459	11.850
65701	11.999
10322	11.999
71655	11.999
62466	11.993
6739	11.996
6480	11.85
723	11.996
21106518	11.993
64111	11.996
7189	11.996
11417	11.993
7140	11.996
67879	11.996
11263	11.996
21106017	11.996
10895	11.993
8341	11.996
63931	11.993
7589	11.79
13835557	11.996
6943	11.989
62682	11.996
7797	11.996
29129	11.999
62532	11.994
3708	11.996
8438	11.996
64644	11.997
58563	11.996
62485	11.993
7190	11.996
68568	11.994
953	11.850
6787	11.989
132	11.996
571424	11.989
58968	11.999
9128	11.994
11588	11.850
452568	11.890
7090	11.997
21171506	11.89
10245	11.850
13865630	11.890
11246	11.999
7430	11.85
13448	11.89
21111758	11.989
12831	11.999
14942	11.9
6735	11.999
62359	11.850
21108549	11.998
7847	11.996
12674	11.9
62938	11.850
20140	11.89
10273	11.989
15644	11.999
11824	11.996
61196	11.997
21723	11.790
66365	11.953
62618	11.890
73658	11.993
7921	11.999
13867055	11.999
11304	11.890
13835126	11.999
69792	11.999
21111776	11.999
13881395	11.999
78722	11.999
21170125	11.999
33137	11.953
11145	11.890
6574	11.850
73537	11.996
14309	11.999
7175	11.996
13859497	11.997
14956	11.999
1306	11.994
13835344	11.996
13258	11.999
17720	11.999
33621	11.999
66385	11.999
11507	11.850
12013	11.890
6023	11.999
7186	11.999
776	11.988
21111723	11.996
62471	11.996
10303	11.999
14348	11.996
258907	11.890
10894	11.999
21159611	11.850
14918	11.996
12690	11.9
61763	11.850
19669	11.996
60464	11.989
60093	11.953
7662	11.850
53706	11.996
11332993	11.850
21106121	11.996
13868642	11.999
6828	11.850
70309	11.988
13867714	11.988
10248	11.890
79453	11.996
12669	11.996
59562	11.999
6878	11.999
7199	11.850
21112367	11.989
39404	11.996
9454	11.997
9218	11.997
11781	11.996
17347	11.85
11638	11.993
7740	11.996
217532	11.996
70512	11.997
12244	11.890
60032	11.999
62536	11.953
72274	11.994
6950	11.989
18107	11.996
11971	11.996
8998	11.999
1928	11.996
10977	11.996
91446	11.953
11585	11.85
11589	11.996
62484	11.999
63310	11.994
11776	11.85
23422	11.989
10380	11.999
7176	11.996
8382	11.994
88942	11.993
638258	11.999
13036	11.996
6724	11.996
11289	11.996
11626	11.996
13846959	11.999
10396	11.993
10243171	11.890
124	11.850
191	11.996
9225	11.997
81061	11.850
10972	11.85
11369	11.999
11773	11.953
10297844	11.993
6482	11.996
11576	11.996
10256859	11.993
73183	11.993
68122	11.996
5593	11.989
11587	11.999
608157	11.998
68837	11.996
5878	11.994
10181338	11.989
13257	11.89
62884	11.999
75095	11.996
1446	11.996
20160	11.994
62307	11.996
2005830	11.995
6079	11.999
10980	11.85
13866746	11.998
61190	11.997
31082	11.89
58333	11.999
6942	11.999
7301	11.9
21112244	11.890
63002	11.890
12045	11.850
15603	11.85
7300	11.988
8187	11.999
15410	11.850
67145	11.9
63057	11.993
7925	11.790
21111810	11.994
62633	11.69
7302	11.850
11372	11.994
67268	11.997
16913	11.998
67803	11.997
11573	11.999
11895	11.890
21278	11.999
21159579	11.999
6585	11.953
65704	11.89
6957	11.890
55242	11.890
11353	11.999
124512	11.850
61790	11.999
21106584	11.850
10966	11.996
13669	11.999
21106577	11.999
73763	11.850
59691	11.999
12047	11.850
21108577	11.996
6748	11.993
21105998	11.890
510851	11.998
10621	11.996
60092	11.996
62483	11.999
11003	11.850
6835	11.850
72918	11.993
15016	11.993
12259	11.890
63503	11.999
10539	11.996
11354	11.999
11488	11.9
62656	11.999
21111840	11.999
13029	11.999
66663	11.953
13839012	11.996
7928	11.996
60259	11.996
5966	11.989
73125	11.953
32882	11.989
11450	11.953
12586	11.890
13668	11.890
77230	11.9
7001	11.999
31264	11.999
14948	11.996
62390	11.989
12830	11.989
14690	11.994
60900	11.997
2972	11.890
11009	11.999
11584	11.999
8381	11.989
58331	11.953
13854242	11.850
10897	11.993
72141	11.999
3637837	11.996
63495	11.996
73626	11.996
72466	11.953
13846663	11.996
72148	11.996
68265	11.996
73512	11.994
61199	11.997
62698	11.993
15093	11.996
376	11.996
15244	11.996
10298355	11.994
11484	11.988
21106900	11.989
1583	11.994
50	11.996
8127	11.850
67229	11.996
13846749	11.996
61279	11.997
15663	11.996
9574	11.996
9547	11.997
284794	11.994
5622	11.996
9965	11.996
7805	11.996
6175	11.997
7279	11.993
11628	11.996
63512	11.996
121262	11.996
13476	11.996
222	11.994
6032	11.996
63328	11.996
6658	11.999
331	11.996
6675	11.999
14560	11.999
20861	11.999
7399	11.999
7141	11.996
79400	11.989
6246	11.89
10411	11.999
15753	11.89
11563	11.996
62357	11.996
7142	11.996
8155	11.996
68899	11.993
21185	11.996
11591	11.996
12055	11.996
61257	11.998
6270	11.890
7170	11.89
452969	11.89
452968	11.890
7116	11.999
6179	11.999
72051	11.850
13835108	11.890
11424	11.850
4436353	11.890
6296	11.890
15494	11.999
9425	11.997
14530	11.890
21159425	11.996
20124	11.999
15488	11.850
21171393	11.999
29024	11.996
64152	11.996
7926	11.999
77127	11.999
83365	11.999
8277	11.953
62583	11.953
21106529	11.999
7929	11.890
11434	11.999
62453	11.996
61418	11.997
1346	11.850
63533	11.85
60462	11.989
63208	11.996
12697	11.850
1688	11.996
60937	11.996
68404	11.993
21106540	11.999
70085	11.999
10237273	11.85
14340	11.996
7114	11.9
68709	11.996
21106585	11.993
55806	11.953
2973	11.994
13249	11.996
7364	11.850
6855	11.850
13272	11.988
6898	11.850
66847	11.890
15886	11.996
12840	11.890
38364	11.999
14559	11.989
12861	11.85
6620	11.999
1615	11.997
63956	11.953
27488	11.999
61381	11.993
71213	11.999
71964	11.850
15435	11.996
13848793	11.997
10446934	11.999
61542	11.890
6906	11.993
6864	11.996
15489	11.850
13490	11.989
61594	11.993
23083	11.850
70988	11.996
78578	11.999
11449	11.850
14413	11.988
6478	11.9
15418	11.89
54970	11.989
61599	11.999
6907	11.85
25276	11.999
21170959	11.999
6222	11.989
11446	11.850
7174	11.999
63319	11.999
8333	11.989
79481	11.989
60631	11.996
61749	11.996
1278	11.850
91500	11.996
8861	11.850
28829	11.994
8282	11.996
11624	11.996
15517	11.989
18799	11.997
68816	11.997
11399	11.890
4590	11.890
62467	11.994
8071	11.999
62328	11.999
1675	11.996
10025	11.996
84565	11.999
11476	11.996
13048	11.996
29091	11.890
62795	11.988
71934	11.996
7092	11.999
6707	11.996
531832	11.996
434	11.996
66572	11.989
70021	11.999
24438	11.999
6824	11.996
14869	11.993
72291	11.994
9929	11.890
5584	11.996
6854	11.996
61739	11.996
66716	11.996
2632	11.996
655	11.988
34195	11.953
8055	11.996
8111	11.850
84452	11.996
5027	11.89
5237	11.988
13846015	11.998
7069	11.89
67479	11.89
13882366	11.999
7098	11.997
2656	11.890
61311	11.850
21105876	11.85
7097	11.997
10287	11.850
21159574	11.89
22012	11.999
29023	11.890
66369	11.850
7091	11.999
13835351	11.989
71995	11.996
83338	11.993
17879	11.890
20971	11.999
21112533	11.998
76852	11.989
61383	11.9
16951	11.999
11897	11.890
9571	11.999
7325	11.999
12691	11.850
11373	11.999
61273	11.996
10407	11.850
70450	11.989
10425	11.890
10609	11.997
2388	11.85
70652	11.850
21159598	11.996
6716	11.996
9961	11.850
14582	11.996
960	11.996
11898	11.996
11421	11.996
21106172	11.999
6575	11.850
6916	11.850
71926	11.989
73945	11.890
9089	11.997
10289059	11.999
6825	11.997
11961	11.999
19862	11.989
15092	11.996
12524	11.850
12667	11.996
21168862	11.999
71672	11.850
70048	11.890
7311	11.850
62914	11.998
8807	11.850
15105	11.953
21111772	11.994
16208	11.999
6872	11.996
2915	11.998
8099	11.996
67953	11.996
62933	11.996
60263	11.850
19739	11.996
59146	11.999
60357	11.890
2179	11.996
25604	11.953
14585	11.999
19331	11.989
69970	11.999
15998	11.850
10363	11.996
72174	11.999
61561	11.989
63211	11.996
21106171	11.999
6823	11.999
532	11.996
6552	11.989
6033	11.999
2923	11.999
65785	11.850
454393	11.999
73131	11.996
5142	11.999
13846658	11.996
18708	11.996
10256	11.996
9075	11.996
65715	11.993
11580	11.989
6705	11.996
12114	11.953
15308	12.0
68579	11.999
15088	11.953
4444774	11.996
6928	11.997
6550	11.989
11595	11.996
616466	11.998
1103	11.989
19099	11.996
29090	11.890
21168888	11.997
7100	11.890
6655	11.999
12941	11.997
4445872	11.890
13837329	11.996
62501	11.89
7138	11.999
11437	11.850
6781	11.999
7914	11.999
66675	11.998
21169500	11.999
7889	11.996
205386	11.9
21733	11.89
12515	11.9
21170956	11.993
62372	11.999
11899	11.890
5374	11.890
67895	11.997
29002	11.989
21168556	11.996
8836	11.850
16109	11.996
61759	11.996
21106571	11.850
7103	11.996
60596	11.998
8862	11.999
10033	11.996
14414	11.988
11969	11.989
66759	11.89
66460	11.850
6770	11.996
6901	11.850
7119	11.999
61388	11.999
8662	11.850
21111849	11.996
63350	11.996
68350	11.999
70962	11.9
21106124	11.996
12291	11.996
59892	11.999
12696	11.996
19526	11.999
21159439	11.996
8434	11.993
7121	11.999
6757	11.999
70660	11.996
62756	11.998
16096	11.999
6834	11.999
4775	11.993
16644	11.953
7427	11.850
3581	11.996
970	11.850
6840	11.997
13493	11.996
3915	11.989
8860	11.988
11013	11.996
6592	11.850
11447	11.89
5004	11.996
5820	11.997
21106163	11.999
12274	11.989
5899	11.850
60188	11.999
78873	11.997
11475	11.999
6235	11.999
10801689	11.999
10582	11.850
11398	11.999
745600	11.850
9413	11.997
6586	11.996
64143	11.996
328957	11.996
13699	11.890
11974	11.850
17097	11.989
6856	11.996
13693	11.996
21106365	11.999
5606	11.996
12275	11.850
18	11.996
67788	11.993
5612	11.999
10986	11.996
12236	11.89
61560	11.996
61352	11.995
6845	11.996
8182	11.996
21171396	11.997
11472	11.850
24499	11.996
61101	11.953
21106146	11.999
6768	11.999
60012	11.999
7284	11.999
13856885	11.998
19816	11.850
6386	11.89
68220	11.850
28952	11.996
8058	11.996
6771	11.988
21159597	11.996
2991	11.85
12017	11.890
67790	11.999
72806	11.989
7120	11.999
13863774	11.850
74935	11.890
12307	11.9
62631	11.890
16896	11.790
10235	11.996
69150	11.989
6746	11.85
23472	11.993
5091	11.996
13090	11.85
24905	11.85
12100	11.996
7118	11.999
7355	11.996
7296	11.993
10664	11.850
123905	11.999
454604	11.996
61717	11.9
9886	11.994
955	11.996
7145	11.850
12864	11.998
8793	11.85
1118	11.993
65703	11.996
63555	11.988
453633	11.997
6601	11.996
2980	11.890
165975	11.989
453910	11.997
512092	11.85
2372	11.850
9779	11.890
16612	11.996
66916	11.996
61264	11.997
11614	11.996
71166	11.890
8470	11.850
2169	11.890
11982	11.999
200562	11.953
70280	11.994
10778469	11.996
15983	11.996
67282	11.996
9838	11.989
5816	11.994
27057	11.989
7268	11.999
10289	11.996
63453	11.995
56797	11.994
1061203	11.995
14760	11.996
8310	11.999
11443	11.993
18177	11.890
24341	11.999
9109	11.999
59462	11.999
7758	11.890
13836549	11.998
6420	11.89
59526	11.989
8463	11.85
61280	11.997
7162	11.999
67007	11.996
62931	11.997
68907	11.997
12499	11.996
12249	11.999
21170967	11.999
8045	11.996
7909	11.996
21171999	11.996
61475	11.996
8118	11.999
12072	11.890
21111786	11.850
9554	11.85
61569	11.85
7275	11.989
14360	11.996
12071	11.890
6576	11.850
74932	11.999
7207	11.999
61399	11.89
9824	11.989
21106020	11.999
64618	11.988
13073	11.989
11290	11.994
62486	11.999
10824	11.999
10034	11.996
10833	11.996
15216	11.999
81679	11.996
7166	11.999
63538	11.996
284177	11.999
6846	11.850
64166	11.890
65903	11.988
21171513	11.999
66547	11.996
453123	11.997
12213	11.996
7163	11.999
1441	11.996
3542441	11.994
13863300	11.996
5555	11.999
9856	11.996
15474	11.850
2016563	11.999
7203	11.999
15796	11.999
6751	11.988
6857	11.996
11516	11.999
5532	11.850
6900	11.850
6642	11.890
7125	11.996
70500	11.89
5562	11.996
8054	11.996
67230	11.996
67257	11.997
15359	11.999
2063	11.850
9572	11.997
6797	11.993
9946	11.988
6593	11.988
9826	11.996
66528	11.998
61789	11.999
3229	11.996
13856959	11.850
76286	11.998
7201	11.999
15636	11.999
13927	11.988
483123	11.850
21105887	11.850
7830	11.890
10408	11.9
9535	11.996
6484	11.999
21106127	11.999
6709	11.999
75176	11.999
12523	11.850
68247	11.850
62332	11.999
11900	11.890
70915	11.999
62289	11.996
7214	11.999
15471	11.999
62361	11.850
11468	11.850
7202	11.999
13853943	11.999
10035	11.996
12681	11.999
7292	11.850
74171	11.999
75956	11.997
7315	11.850
105768	11.997
15161	11.996
306959	11.850
58578	11.998
18227	11.999
70806	11.850
16310	11.996
3924	11.989
9219	11.997
66512	11.850
526	11.850
13925	11.999
7167	11.999
65693	11.996
27749	11.993
1484	11.993
2356	11.997
8057	11.890
6610	11.996
7060	11.999
8030	11.850
11593	11.999
61517	11.989
7313	11.850
60933	11.997
610932	11.850
525531	11.999
10274392	11.850
3008	11.999
6546	11.999
4029	11.890
8459	11.85
13924	11.953
12670	11.989
2621	11.999
4233	11.996
63515	11.989
1540	11.009
15683	11.999
2359	11.999
6837	11.996
9073	11.999
17440	11.999
4959	11.999
17704	11.996
15113	11.999
61086	11.998
61785	11.890
63077	11.997
6725	11.999
21106036	11.999
8567	11.89
13865683	11.999
62479	11.996
3395	11.89
13853953	11.999
9549	11.999
8086	11.996
21106095	11.999
10864	11.999
7171	11.999
11972	11.890
21106013	11.999
61281	11.999
12263	11.999
6508	11.850
11901	11.890
10834	11.999
13721	11.999
3005	11.890
60006	11.996
11249	11.996
11429	11.999
7148	11.890
120011	11.996
25605	11.999
10378	11.999
11641	11.996
28714	11.850
9130	11.999
61087	11.998
13422	11.890
62928	11.999
9569	11.996
2066	11.993
9515	11.997
13887609	11.89
13697	11.999
2384	11.998
61672	11.999
13075	11.9
2695	11.999
9442	11.996
13707	11.993
15724	11.999
2661194	11.996
6229	11.890
8106	11.993
10181821	11.996
14688	11.890
2848685	11.996
2673	11.996
5739	11.850
5561	11.999
12680	11.996
2745027	11.996
6753	11.997
62668	11.996
13105	11.988
5686	11.850
14810	11.999
4286892	11.994
9873	11.999
523754	11.993
60090	11.996
14584	11.953
2424	11.993
6468	11.989
1909	11.998
70071	11.996
4740	11.85
12329	11.89
59885	11.890
7274	11.790
72680	11.890
29135	11.890
11397	11.999
10630	11.999
11581	11.999
11427	11.999
59403	11.999
7169	11.989
69973	11.999
11146	11.890
21168823	11.999
25097	11.890
10426	11.89
6838	11.85
8331	11.999
61014	11.996
7923	11.996
63718	11.999
6858	11.999
61148	11.996
6763	11.999
10848	11.999
59487	11.999
10633	11.996
6714	11.996
63567	11.850
10619	11.999
11279086	11.999
13323	11.999
62363	11.890
11967	11.999
9206	11.997
11577	11.996
11428	11.999
67597	11.999
63320	11.994
11582	11.953
6713	11.994
21272	11.999
58568	11.850
60158	11.994
29117	11.850
8366	11.996
12355	11.85
8254	11.996
57727	11.9
18409	11.996
4596	11.850
2468	11.850
3214	11.85
7260	11.988
3215	11.996
7210	11.999
10618	11.989
967	11.999
2272143	11.997
61540	11.998
5129	11.993
12057	11.999
6213	11.890
6438	11.989
84451	11.996
13837584	11.890
62340	11.999
21106035	11.999
21106576	11.850
5399	11.997
67212	11.999
12504	11.890
21111865	11.999
6588	11.999
11902	11.89
11567	11.999
4471	11.85
12722	11.850
86040	11.999
6783	11.890
20311	11.999
70990	11.999
528656	11.997
21106145	11.999
21106581	11.999
11267	11.996
11395	11.999
59164	11.999
69450	11.999
11337	11.999
64012	11.988
10284	11.850
226885	11.850
8329	11.850
12339	11.999
10230	11.997
9805	11.850
12874	11.998
8800	11.85
62303	11.999
61150	11.996
60173	11.996
3613	11.996
8104	11.993
17162	11.996
69027	11.850
6220	11.85
305	11.996
3300	11.999
71976	11.850
8816	11.850
11594	11.999
6848	11.850
4819	11.85
5882	11.850
2068	11.989
13835294	11.988
6639	11.999
2911	11.850
21106178	11.998
60889	11.998
85490	11.890
6899	11.850
69290	11.989
7037	11.996
11903	11.890
8188	11.999
59546	11.996
62472	11.999
11283	11.850
62389	11.85
6381	11.9
10169	11.85
11586	11.999
13066	11.999
63522	11.999
11277	11.996
14613	11.850
8298	11.996
9192	11.999
6554	11.996
4575	11.890
13133	11.993
12858	11.999
6221	11.890
6767	11.999
62751	11.994
62493	11.85
28947	11.999
6371	11.996
9002	11.999
2079	11.890
15702	11.993
6515	11.988
65700	11.999
5145	11.850
77916	11.850
31144	11.999
6505	11.988
8846	11.9
2951	11.997
7407	11.999
58587	11.999
20277	11.996
11359	11.996
56177	11.988
10243	11.994
15403	11.994
5026	11.850
59971	11.999
9394	11.996
86894	11.996
9438	11.999
70319	11.890
21106111	11.999
26691	11.999
5363	11.999
7177	11.999
21106574	11.999
2607	11.999
12018	11.890
11308	11.999
2181	11.989
74123	11.999
25957	11.850
13959	11.988
11276	11.850
60100	11.850
6514	11.988
142204	11.953
11618	11.850
2387	11.989
17967090	11.996
8183	11.996
11202219	11.994
120096	11.850
6080	11.850
10616	11.999
14952	11.85
8799	11.9
16359	11.999
4599	11.890
11178542	11.999
7044	11.996
62381	11.850
2457	11.993
2075	11.850
6447	11.993
6927	11.989
2283	11.996
8067	11.999
13909	11.999
9832	11.995
9522	11.997
8181	11.999
7289	11.85
149513	11.999
46739	11.850
59020	11.890
62963	11.997
3345	11.850
59928	11.999
60047	11.850
10490	11.89
85216	11.999
63738	11.993
21106506	11.993
3871	11.850
6369	11.999
55194	11.996
65061	11.850
15089	11.996
3009396	11.999
224468	11.85
2626	11.85
5304	11.89
5507	11.890
194210	11.9
9189	11.850
9697	11.850
11338	11.850
62252	11.89
5138	11.850
10871	11.996
5632	11.9
2849	11.993
1611	11.850
3218	11.85
7152	11.999
62362	11.996
5376	11.993
8253	11.996
4268	11.996
7042	11.996
62477	11.999
62098	11.988
6454	11.993
7108	11.997
7259	11.85
9894	11.999
6389	11.850
2629	11.890
15596	11.999
10542	11.890
79719	11.999
27183	11.999
22739	11.850
12310	11.989
69703	11.998
10257	11.999
62663	11.89
4735	11.850
68030	11.996
62525	11.850
16358	11.999
7168	11.996
4024	11.996
4317	11.850
7975	11.85
6453	11.999
6215	11.996
3762	11.997
1991	11.994
6442	11.988
10081	11.9
2246	11.85
21360	11.999
2117	11.9
65974	11.988
8105	11.988
1998	11.996
8235	11.999
8274	11.996
8804	11.85
9795	11.996
5134	11.850
8788	11.85
70514	11.999
63117	11.850
18924	11.890
62965	11.997
10452	11.998
455964	11.850
642951	11.999
67593	11.850
6214	11.999
48119	11.993
62966	11.997
8252	11.996
7258	11.850
6373	11.999
9190	11.850
11200	11.999
27486	11.995
12549	11.850
2297301	11.994
10554	11.989
13985	11.988
4444448	11.996
8151	11.999
13329	11.989
3987	11.996
7370	11.850
5786	11.850
4582	11.850
12336	11.890
6057	11.850
66909	11.850
11274	11.999
11297	11.997
24722	11.997
525308	11.890
7211	11.999
5571	11.850
5163	11.999
18716	11.996
4742	11.996
6433	11.996
62265	11.996
6517	11.953
11269	11.996
19663	11.996
29150	11.993
62754	11.996
4444926	11.996
15020	11.850
8163	11.999
11320	11.999
8150	11.999
64045	11.988
59976	11.993
63122	11.996
13777	11.996
28425	11.988
63119	11.999
4453	11.850
6764	11.993
14285	11.996
11286	11.989
8023	11.989
7358	11.890
66396	11.997
7988	11.850
11906	11.890
60886	11.997
7172	11.999
6216	11.999
64830	11.850
69366	11.890
13352	11.890
58910	11.850
62338	11.996
3208	11.998
49895	11.996
5302	11.994
60518	11.996
3765	11.999
63757	11.988
2034	11.850
21106037	11.998
11390	11.999
15010	11.999
2447	11.850
4617	11.850
64003	11.999
77934	11.850
4518	11.996
5740	11.999
11571	11.999
5131	11.850
5165	11.850
7045	11.994
5531	11.85
10442628	11.85
4444935	11.996
10085	11.890
13868426	11.999
6520	11.850
3228	11.850
6830	11.89
3508	11.850
2928	11.999
60108	11.85
63575	11.999
6464	11.999
2710	11.988
2839	11.999
14916	11.999
65648	11.850
8353	11.850
10009	11.890
11917	11.850
21106505	11.89
191496	11.850
60919	11.999
18983	11.890
21242790	11.999
4586	11.994
2810	11.850
11325	11.999
11271	11.850
1912	11.9
61577	11.850
14430	11.850
3521	11.997
9815	11.850
7970	11.999
67509	11.850
14979	11.999
17987	11.999
38123	11.850
3322	11.850
4478521	11.997
62645	11.850
64377	11.850
4433	11.890
10259	11.999
11387	11.996
4355	11.994
10442653	11.988
7155	11.996
11310	11.999
10248513	11.993
59493	11.850
73276	11.850
15209	11.953
66498	11.996
29343	11.850
3472	11.999
48922	11.890
4600	11.996
29156	11.850
6232	11.850
10696	11.998
61266	11.997
21965	11.890
62468	11.999
59489	11.998
3438	11.997
5437	11.994
3584	11.996
15968	11.996
11309	11.999
13153	11.999
11380	11.999
62217	11.996
31872	11.850
64024	11.999
14960	11.850
5075	11.850
9426	11.997
2562	11.999
8177	11.999
8073	11.999
6688	11.999
4514715	11.996
15521	11.850
3039	11.850
2160	11.850
68961	11.85
24584	11.850
68224	11.790
15484	11.999
13842838	12.0
1904	11.850
3618	11.988
13764	11.999
9180	11.997
3368	11.999
258050	11.890
7974	11.850
29054	11.996
9018	11.997
30913	11.997
5423	11.988
9028	11.997
2867	11.993
10581	11.999
10674	11.890
5515	11.890
6208	11.890