Compound Id	MDE [MDEC-23]
291	0.0
6084	0.0
11148	0.0
855	0.0
864	0.0
6089	0.0
6088	0.0
6094	0.0
6085	0.0
6103	0.0
7956	0.0
682	0.0
6100	0.0
6087	0.0
654	0.0
6101	0.0
6086	0.0
7954	0.0
6097	0.0
7555	0.0
1004	0.0
172	0.0
6092	0.0
7560	0.0
11729	0.0
31029	0.0
6102	0.0
5834	0.0
10046	0.0
7556	0.0
9644	0.0
11151	0.0
7712	0.0
6111	0.0
10437	0.0
3168	0.0
7721	0.0
6114	0.0
13837190	0.0
9233	0.0
7577	0.0
21171407	0.0
7566	0.0
258	0.0
13835977	0.0
6093	0.0
7728	0.0
512	0.0
21106015	0.0
7716	0.0
9990	0.0
13836021	0.0
6106	0.0
7713	0.0
21106179	0.0
13836674	0.0
6124	0.0
11835	0.0
7714	0.0
7553	0.0
1114	0.0
7732	0.0
11833	0.0
7711	0.0
6138	1.0
7717	0.0
7557	0.0
11807	0.0
7786	0.0
11834	0.0
256	0.0
7767	0.0
8894	0.0
3644	0.0
7559	0.0
11830	0.0
7567	0.0
7734	0.0
6040	0.0
7776	0.0
12977	0.0
13865015	0.0
9354	0.0
12450	0.0
693	0.0
278	0.0
13835550	0.0
13835336	0.0
10694	0.0
9480	0.0
11723	0.0
6308	1.0
64095	3.0
11099	0.0
7957	0.0
11109	0.0
12209	0.0
6121	0.0
6108	0.0
7737	0.0
7827	0.0
14512	0.0
8543	0.0
7770	0.0
1095	0.0
6104	0.0
12011	0.0
175	0.0
8896	0.0
7782	0.0
7772	0.0
8560	0.0
31016	0.0
6310	1.0
7738	0.0
7815	0.0
12010	0.0
9630	0.0
2916	0.0
7739	0.0
13839553	0.0
7736	0.0
7811	0.0
171	0.0
659	0.0
11728	0.0
173	0.0
2006126	0.0
11167	2.0
10765	1.0
7604	1.414
221079	3.364
7024	2.828
11110	0.0
10730	0.0
10766	1.0
8544	0.0
10113	1.0
68268	0.0
11121	0.0
6307	1.0
29000	1.414
13854808	0.0
6127	0.0
62433	2.0
6125	0.0
11125	0.0
72268	3.0
62241	1.0
10340	1.890
6321	1.0
11871	0.0
7810	0.0
11846	0.0
13836399	0.0
6311	1.0
6313	1.0
21168808	1.890
5993	0.0
13837112	2.0
349	0.0
19100	0.0
8554	0.0
10018	0.0
1020	0.0
13837650	0.0
7837	0.0
2275	1.414
1005	1.0
7835	0.0
13854130	0.0
7791	0.0
13837537	0.0
6336	0.0
236	0.0
11832	0.0
7787	0.0
7551	0.0
29015	0.0
13835209	0.0
8903	0.0
6334	0.0
13837702	0.0
8904	0.0
11229	0.0
7790	0.0
60524	0.0
13420	0.0
121383	0.0
6330	1.0
10951	0.0
1913	0.0
13835459	0.0
10020	0.0
6134	0.0
3530	0.0
6153	0.0
11232	2.381
14893	2.828
12201	1.414
6309	1.0
14686	3.789
12446	1.414
81237	1.0
12430	2.0
7674	3.042
14966	2.0
11551	3.0
11094	1.651
8158	0.0
11222	1.0
9484	0.0
122546	1.414
7605	1.414
76541	0.0
7788	0.0
15221	0.0
7833	0.0
8569	0.0
1108	3.042
21106561	0.0
10653	1.0
11128	0.0
8525	0.5
10536	0.0
7607	1.414
13839107	0.0
11865	0.0
13839199	2.149
13839575	0.0
11866	0.0
5977	0.0
7856	0.0
7715	0.0
11863	0.0
6305	1.0
7849	0.0
10498	0.0
7852	0.0
11874	0.0
6323	1.0
7838	0.0
7016	2.0
10733	0.0
13835401	0.0
29101	1.0
7710	0.0
7688	1.651
119963	1.0
21106520	2.556
7677	3.042
13839441	0.0
9646	0.0
932	0.0
13835180	0.0
259	1.414
7851	0.0
6147	0.0
11526	0.0
13874733	2.828
11750	1.0
6333	1.0
6146	0.0
13835604	0.0
67424	2.080
13884495	0.0
68156	0.0
61471	0.0
5439	0.5
10772140	1.0
72718	0.0
6331	1.0
4200	0.0
10464	1.414
1143	0.0
11787	2.828
62181	1.890
1664	2.828
234	1.414
61632	0.0
6148	0.0
84221	0.0
67620	3.789
6340	0.0
18792	3.0
121154	1.651
11086	3.042
121113	3.789
15438	4.243
454272	1.651
121640	2.828
14751	3.965
14672	0.0
11106	1.807
21073	1.651
6163	0.0
7219	3.965
7706	0.816
126201	1.651
21106560	3.789
2803	2.828
29025	0.0
10465	0.5
21105905	3.494
7022	1.0
7463	1.414
7244	0.0
7242	3.042
55123	0.0
7850	0.0
11095	1.651
11025	2.381
13840	2.381
11838	0.0
29026	0.0
7878	0.0
11029	2.828
21106032	0.0
7238	3.042
30349	1.414
6326	1.0
7701	1.651
13872667	1.0
14840	0.0
13851383	3.965
59607	1.0
10054	0.0
6967	4.298
12814	1.890
14349	0.0
7026	2.828
7765	0.0
10053	0.0
6165	0.0
69736	3.789
8574	0.0
6170	0.0
8909	0.0
733	2.0
60839	0.0
21997	3.789
15117	0.0
13835861	0.0
13835772	4.298
14608	2.942
13835579	0.0
10328	4.298
13839416	0.0
69525	1.414
6164	0.0
10988	3.789
21106481	0.0
18801	0.0
61810	1.414
737	1.0
5050	1.0
4418329	0.5
773	0.0
2070	1.0
3596	1.0
11795	1.651
13220	0.0
10775	0.0
10755	0.0
16689	1.651
11055	0.0
7619	2.0
10737	0.0
69505	4.243
11056	0.0
7385	4.446
14752	4.446
7475	1.890
7761	1.5
10777	0.0
63026	3.780
7626	0.0
17558	1.919
12924	0.0
7515	1.651
10776	0.0
55090	0.0
21106526	0.0
7027	1.890
8490	1.414
14679	0.0
12809	0.0
13864773	0.816
7387	3.533
11998	2.828
11763	2.828
6119	0.0
21170543	3.965
8141	2.828
12810	0.0
21106016	0.0
6341	0.0
13860641	5.676
10364	3.965
21106583	0.0
9614	3.042
16268	0.0
7514	2.556
13875281	4.298
15846	0.0
11170	0.0
8157	0.0
11087	3.042
7391	3.533
13875320	4.298
13619	0.0
7465	1.414
6248	0.0
55085	1.651
29036	0.0
15480	0.0
5889	3.042
8552	1.807
55110	0.0
21106133	0.0
13860775	4.298
7882	0.0
13838404	0.0
8576	0.0
11909	0.0
11875	0.0
19231	0.0
7678	3.042
11530	1.890
361265	0.0
62737	0.0
447	4.298
15443	3.965
66464	0.0
6728	5.676
971	3.042
62577	2.828
66754	1.414
10301338	1.0
12640	1.414
21069	1.651
10008	2.149
177126	0.0
21111768	2.556
87514	0.0
10989	3.042
2016737	1.0
7225	3.789
8524	1.414
1013221	1.414
11107	1.040
21349	0.0
2005898	1.0
8537	2.149
5978	0.0
1477	0.0
11694	1.0
6332	1.0
2005963	0.0
7690	1.310
7683	2.556
13835293	0.0
61707	0.0
2005897	2.149
12225	1.0
66578	0.0
11244	0.0
1414905	0.0
60308	0.0
26072	0.0
12444	0.0
17801	0.0
10759	0.0
15794	2.0
11064	0.0
11370	2.828
18604	4.298
6149	0.0
66568	3.965
6156	0.0
7334	0.0
10420	2.149
13400	0.0
7419	4.687
25609	3.302
10571	0.0
14729	4.298
7621	2.0
21111805	5.676
10534	0.0
70705	1.919
14753	4.687
12807	2.004
7627	0.0
11410	5.676
21111882	5.676
21132380	3.965
13839109	0.965
13471	6.447
7672	3.042
7641	5.112
7689	2.149
7676	3.042
21106169	0.0
13863629	2.828
11062	0.0
13248	0.0
6042	0.0
8335	7.066
7673	3.042
13860692	5.112
10001	2.0
7881	0.0
11655	3.8
11783	2.556
11765	5.112
13856579	1.890
28777	3.494
7802	1.919
67360	0.0
13860335	3.965
11210	0.0
7890	0.0
11077	4.160
7803	1.919
7229	3.494
13842613	3.302
13835895	0.0
7883	0.0
630	0.0
9349	5.657
11862	0.0
21106134	5.676
13876621	0.0
13881329	4.298
9917	1.890
21105871	5.112
1031	0.0
7521	5.657
7235	3.042
6726	5.676
1071	0.0
11063	0.0
287294	1.807
60121	5.086
59438	2.828
12150	0.0
12144	2.149
61553	5.676
7611	1.414
14991	3.302
59556	0.0
13835151	5.657
9350	5.657
13844	2.828
96573	3.494
11066	1.414
62628	0.0
9357	1.414
66996	1.310
14609	4.243
10432	5.657
1479	3.965
7610	1.414
11708	5.657
10467	2.0
8882	0.0
7651	2.149
764	5.657
653	1.0
392	5.657
24633	1.155
9611	0.5
5705	3.533
11757	2.0
69826	5.296
13450	3.302
7747	1.414
11603	6.261
7628	0.0
7694	2.305
7065	0.816
13837280	1.0
16383	1.919
8568	1.341
7794	2.309
24634	0.0
21105900	5.187
8514	1.807
14205	5.676
11660	6.598
19110	4.797
15432	5.676
11741	0.0
21896	2.071
13875230	5.112
6406	0.0
13840690	3.965
11041	5.657
17474	2.828
13875392	5.112
7891	0.0
12067	2.828
13402	0.0
16486	0.0
6252	0.0
6135	0.0
10236	4.586
9228	5.657
5730	0.0
8160	7.579
13673	3.942
13875180	5.657
7013	2.0
7224	3.965
11180	0.0
12221	0.0
7392	3.533
7903	0.0
63871	1.919
11882	0.0
21106525	6.598
13851576	3.965
7893	0.0
7894	0.0
19108	0.0
13869480	5.112
924	3.042
13840647	4.586
13875160	5.657
6409	1.0
6654	2.942
11057	0.0
6630	4.586
62314	4.586
59426	6.598
370	2.004
7007	2.0
17221	0.0
14890	2.828
7901	0.0
78543	0.0
13875258	5.657
7241	3.042
13849	2.942
9563	5.854
15708	0.0
13875432	5.112
21111781	5.676
14436	3.714
13875219	5.657
7795	2.309
21106513	2.0
28982	6.598
18685	0.0
13839174	4.586
78	3.494
13860491	5.854
62877	5.657
13868660	5.657
8665	5.657
13869414	5.657
11021	6.598
7519	5.657
13842573	5.657
11242	0.0
333	4.586
7480	2.442
13869339	5.657
62226	0.0
13839151	4.586
59439	5.657
7236	3.042
11038	5.657
6991	5.854
16257	1.310
13646	2.828
11350	4.586
7634	2.828
9849	3.533
10955	2.828
6983	5.854
10251740	2.942
6652	3.533
1131173	1.0
9546	2.149
7632	2.0
1013196	1.0
23718	1.414
11179	0.0
10795	0.0
10445	1.0
10742	0.5
7657	2.378
6338	0.0
8659	0.0
7248	6.261
8531	7.413
11818	2.828
61026	0.0
10428	2.407
10253	5.553
11911	0.0
11790	2.621
13040	7.066
7509	2.407
13473	7.004
12829	7.308
21242799	6.598
13451	3.614
14888	7.486
6176	0.0
8013	0.0
13032	6.233
21106562	6.598
7448	7.560
21168731	4.298
13875381	4.586
61200	6.598
7879	0.0
11607	6.261
13839308	4.446
7129	4.745
16887	6.447
8579	0.0
7900	0.0
7744	2.828
11879	0.0
6628	4.586
21106155	6.020
21111850	6.598
11883	0.0
7866	2.071
13881571	5.657
9360	5.112
14787	1.633
12451	2.828
13856009	3.942
13848467	3.8
8138	5.241
9326	4.298
13644	4.298
6677	5.553
70682	0.0
72625	6.598
7132	4.745
13835630	0.0
12060	7.004
66344	6.598
6990	5.854
21105859	6.598
6985	5.854
66551	3.714
8098	7.823
74169	5.854
191427	6.020
21106167	6.598
7135	4.745
11091	2.828
6277	0.0
207215	5.112
7915	0.0
6177	0.0
13861	6.598
21168837	5.112
15526	1.807
13033	4.586
67466	5.883
7388	3.533
14165	5.854
10649	0.0
13866817	5.657
7635	2.828
14163	5.854
21111896	7.066
4642	7.066
11500	4.298
25942	5.854
21105878	5.657
5704	2.442
8911	0.0
25757	4.243
65689	5.854
13836283	5.112
16011	5.854
6253	0.0
24133	4.298
16237	4.160
60497	3.039
11651	6.020
7518	5.657
21106018	5.854
60662	2.828
73531	6.447
63882	2.828
12823	6.598
34095	0.0
56234	6.598
63307	6.598
87265	6.598
21844	5.854
12821	6.261
11181	0.0
521915	3.965
22006	5.854
12822	6.598
13868640	5.657
63180	5.854
9964	7.004
8852	7.066
10471	2.828
16931	7.308
13837582	4.298
13837760	4.298
5975	2.0
4878	5.112
12478	6.598
123	6.598
11022	7.560
8528	3.302
11080	5.112
68939	6.598
68309	1.155
63658	2.942
14346	4.298
68282	4.298
5408	7.004
5596	4.298
11489	5.241
62546	0.0
1017	2.621
13421	1.890
26065	0.816
21998	2.149
26066	1.155
7581	1.0
17976	1.414
26068	2.0
7580	1.0
15532	5.553
9478	3.302
13231	0.0
21106102	2.0
63017	2.071
9903	8.053
73565	1.0
7511	2.477
21106174	4.160
7659	6.240
6977	5.854
13865426	2.378
6794	4.026
20521	4.825
5931	0.0
21106522	6.669
21111905	5.854
6883	4.745
13622	0.0
13869451	5.112
11073	5.112
9328	5.854
6143	0.0
21111798	6.240
7908	0.0
13870160	8.442
12061	4.687
11930	0.0
21105937	6.598
21171406	4.298
17428	2.828
61765	6.086
6974	4.298
31931	4.586
11511	5.854
13438	1.0
15431	6.598
11517	2.381
13837686	4.298
13854818	8.492
10935	4.298
21106578	6.240
11885	0.0
37466	0.0
67735	2.756
17383	3.302
60103	3.533
7871	2.125
23643	0.0
13869434	5.854
12972	3.614
11432	8.774
26091	5.854
13860633	5.112
81759	5.854
6881	6.086
7961	0.0
13839123	5.854
21168833	3.8
29080	0.0
7437	6.598
9910	5.854
21111816	4.298
8873	5.296
6951	6.669
13875441	5.112
2863	2.125
13626	0.0
6788	10.618
11485	3.747
19037	1.919
11433	8.973
477171	2.071
7917	0.0
72054	4.586
21111785	3.942
17163	4.195
69446	7.004
13254	2.828
10790335	0.0
21106019	6.598
8319	10.127
63447	2.556
126037	7.004
20151	5.854
21159424	5.854
6774	4.586
10857	4.586
69896	2.828
21112332	6.598
61802	6.598
13839110	6.240
2005824	2.080
9564	5.854
6988	5.854
6633	4.586
24729	7.004
100	6.261
26031	0.0
13839128	5.854
75563	1.414
10181341	5.638
6160	0.0
11460	4.745
15420	5.854
60129	5.854
4962	5.676
9908	5.854
96816	5.676
11663	6.598
72534	6.261
12173	0.0
8876	8.597
8070	5.553
13839080	6.240
6790	10.618
11662	6.598
56139	7.066
880	4.040
5242	1.414
10250	2.942
4963	5.553
10254	5.553
589165	4.040
12480	2.080
1013337	1.414
3635	4.298
20732	2.942
61354	2.080
60191	3.042
352	6.240
9612	1.414
6191	0.0
14830	0.0
18688	0.5
13038	7.592
11919	0.0
7507	3.515
7183	7.066
10355	6.447
7088	3.042
6287	0.0
13850405	4.814
21106521	5.676
6342	0.0
13861934	0.0
17481	3.042
6998	1.633
3973	0.0
60340	2.125
8097	8.597
13857694	5.112
73564	2.149
13875377	5.112
13837988	4.298
10239201	0.0
6780	7.233
12230	4.298
13848808	5.553
13063	11.915
9844	4.298
24142	0.0
6949	8.053
13861158	2.942
16377	4.251
7916	0.0
21105936	5.854
13875212	4.298
62402	4.745
21171515	5.854
61797	3.942
67462	6.295
21105889	7.004
10540	0.0
13848341	2.828
21153	2.170
29031	0.0
25119	7.242
13858096	5.553
11650	6.020
14507	6.020
75479	3.533
10648	5.854
7888	2.170
1072	0.0
21106470	5.883
211145	7.004
60136	5.854
15310	4.586
61428	5.883
11556	3.042
21168838	7.413
81705	10.036
12465	4.298
21105848	6.233
21109330	0.0
13837787	4.298
4209	3.780
9327	5.854
11891	0.0
21111804	4.586
8855	6.447
25968	7.004
13013	2.149
65745	5.676
10333	4.884
21111842	6.261
21394	9.232
13864445	4.586
70868	2.309
14390	10.036
221355	6.261
62582	7.413
7185	7.066
124526	7.004
62368	7.066
28973	6.247
16094	2.942
26799	5.676
21111774	6.489
61036	0.0
6852	10.618
62581	7.413
6999	5.657
17687	2.942
65682	5.676
10831	11.106
13860434	7.066
72056	0.0
7143	5.112
70511	7.066
16095	3.302
61585	6.898
32002	7.413
11413	5.676
72416	2.828
10892	5.553
11185	0.0
59433	7.560
10004	5.112
8867	5.296
21105795	6.261
1668	5.854
97850	2.449
10298354	5.023
21105699	8.597
4489	5.657
11673	7.560
238	4.745
2241	4.745
7951	3.581
911	3.942
13262	4.160
993	3.436
6995	5.854
21125563	7.560
6674	5.553
69983	5.854
8066	2.942
2015070	4.298
62423	1.633
58489	0.0
1078	2.828
70865	1.0
11477	5.023
11672	7.560
913	3.942
3268	1.890
10796	0.0
26070	0.0
12199	0.0
387	0.0
7073	1.651
15468	8.983
13439	0.0
7670	4.160
21105987	5.255
6656	4.298
13885245	6.316
13837281	0.0
7876	0.0
13882337	4.745
21106517	5.854
11412	5.676
26801	7.308
21159680	7.066
9078	10.127
83703	0.0
13876103	7.678
59482	7.360
6657	4.298
12044	11.4
21105867	7.066
11889	0.0
21106014	5.676
21106112	6.552
21111819	6.261
21108245	5.553
67835	6.020
17019	0.0
60586	6.552
21111817	5.676
21171496	5.854
11892	0.0
10800462	0.0
10771160	2.170
61434	5.854
21105932	8.041
69057	2.381
16685	5.854
6862	11.332
63909	1.851
11510	5.854
85185	4.586
21865	6.261
6479	9.232
64147	4.012
21106008	7.066
8140	5.854
3756	2.208
62236	0.0
20548	6.233
12818	5.676
15622	6.020
71784	2.080
13869655	5.854
18707	5.854
4611	6.338
11778	6.240
69628	5.854
13873600	5.657
15440	5.676
9900	8.162
68896	6.240
10772050	0.0
65	5.854
15317	6.020
6954	7.383
13667	10.618
11970	4.586
60848	0.0
13860817	5.854
12229	0.0
12675	11.915
11083	6.240
10881	8.303
97904	1.414
6481	6.447
13875161	5.657
6621	7.383
11327	8.442
1847	8.303
14836	3.914
8154	7.944
11509	5.854
13869661	5.854
63459	7.526
65701	7.066
10322	5.023
71655	3.533
62466	6.447
6739	10.127
6480	7.383
723	3.302
21106518	6.447
64111	7.486
7189	7.066
11417	8.492
7140	6.447
67879	7.486
11263	1.890
21106017	5.112
10895	9.118
8341	10.618
63931	9.172
7589	1.0
13835557	4.586
6943	7.308
62682	6.090
7797	2.309
29129	2.828
62532	4.040
3708	5.420
8438	7.066
64644	7.066
58563	7.066
62485	7.066
7190	7.066
68568	7.066
953	7.066
6787	6.580
132	7.066
571424	4.246
58968	2.080
9128	5.420
11588	7.066
452568	0.0
7090	3.042
21171506	2.080
10245	5.112
13865630	3.783
11246	0.0
7430	4.698
13448	0.0
21111758	6.447
12831	7.066
14942	4.698
6735	10.127
62359	5.885
21108549	5.657
7847	2.208
12674	9.490
62938	11.801
20140	8.422
10273	10.127
15644	6.447
11824	3.614
61196	7.066
21723	0.0
66365	6.831
62618	2.417
73658	0.0
7921	0.0
13867055	2.828
11304	12.747
13835126	7.066
69792	2.080
21111776	6.447
13881395	5.854
78722	5.854
21170125	5.854
33137	6.831
11145	0.0
6574	11.4
73537	6.240
14309	5.854
7175	7.066
13859497	8.162
14956	7.066
1306	6.872
13835344	7.066
13258	2.556
17720	0.0
33621	6.240
66385	8.825
11507	5.854
12013	2.241
6023	6.086
7186	7.066
776	6.669
21111723	6.240
62471	6.447
10303	6.086
14348	0.0
258907	2.702
10894	10.618
21159611	5.428
14918	7.308
12690	3.914
61763	7.686
19669	11.767
60464	7.827
60093	7.678
7662	6.240
53706	4.814
11332993	5.775
21106121	8.810
13868642	5.657
6828	9.490
70309	4.586
13867714	6.872
10248	5.112
79453	6.447
12669	8.936
59562	5.657
6878	6.086
7199	6.598
21112367	7.413
39404	7.592
9454	8.162
9218	5.775
11781	4.160
17347	3.042
11638	4.814
7740	0.0
217532	8.162
70512	8.162
12244	5.112
60032	7.066
62536	8.484
72274	7.486
6950	4.298
18107	4.814
11971	7.486
8998	5.854
1928	3.209
10977	6.447
91446	7.066
11585	7.066
11589	8.041
62484	7.066
63310	2.149
11776	6.240
23422	0.5
10380	4.040
7176	7.066
8382	5.241
88942	6.447
638258	4.040
13036	5.241
6724	6.831
11289	5.553
11626	5.775
13846959	5.657
10396	4.814
10243171	6.295
124	8.162
191	3.614
9225	6.295
81061	6.447
10972	6.447
11369	5.112
11773	7.413
10297844	6.295
6482	5.553
11576	7.066
10256859	7.066
73183	8.756
68122	7.066
5593	5.296
11587	7.066
608157	5.241
68837	8.041
5878	6.447
10181338	7.066
13257	2.828
62884	7.066
75095	7.066
1446	6.831
20160	7.066
62307	8.756
2005830	2.080
6079	7.066
10980	7.066
13866746	3.042
61190	5.657
31082	5.112
58333	6.090
6942	7.308
7301	8.079
21112244	5.112
63002	3.783
12045	11.651
15603	9.251
7300	8.536
8187	7.066
15410	12.225
67145	8.079
63057	5.657
7925	0.0
21111810	4.586
62633	0.0
7302	8.079
11372	1.890
67268	6.447
16913	0.0
67803	7.030
11573	6.447
11895	0.0
21278	8.422
21159579	6.489
6585	11.767
65704	7.473
6957	6.447
55242	2.269
11353	4.586
124512	13.007
61790	7.066
21106584	6.090
10966	5.112
13669	7.066
21106577	7.066
73763	7.592
59691	8.422
12047	11.708
21108577	7.066
6748	11.4
21105998	6.831
510851	0.0
10621	6.831
60092	7.486
62483	8.422
11003	8.079
6835	11.708
72918	11.708
15016	0.0
12259	3.042
63503	11.915
10539	2.269
11354	4.586
11488	9.594
62656	8.756
21111840	7.486
13029	4.298
66663	8.041
13839012	11.4
7928	0.0
60259	5.364
5966	11.915
73125	7.592
32882	7.592
11450	11.915
12586	0.0
13668	8.973
77230	8.879
7001	5.657
31264	5.112
14948	7.766
62390	7.308
12830	7.308
14690	8.414
60900	11.4
2972	0.0
11009	5.775
11584	7.066
8381	5.854
58331	6.883
13854242	7.732
10897	8.774
72141	6.447
3637837	7.732
63495	8.443
73626	5.255
72466	7.732
13846663	5.657
72148	8.477
68265	2.942
73512	2.804
61199	7.173
62698	2.269
15093	8.162
376	3.839
15244	8.548
10298355	5.553
11484	6.898
21106900	7.066
1583	6.447
50	3.533
8127	7.732
67229	8.162
13846749	7.732
61279	5.553
15663	6.831
9574	6.447
9547	5.553
284794	7.383
5622	6.295
9965	8.671
7805	3.181
6175	0.0
7279	4.040
11628	7.136
63512	7.173
121262	8.528
13476	8.041
222	5.553
6032	2.381
63328	5.553
6658	4.298
331	5.553
6675	5.553
14560	3.042
20861	7.066
7399	6.295
7141	6.447
79400	7.486
6246	0.0
10411	6.295
15753	5.023
11563	6.447
62357	8.492
7142	6.447
8155	7.066
68899	8.041
21185	8.041
11591	8.041
12055	7.066
61257	0.0
6270	0.0
7170	7.883
452969	0.0
452968	0.0
7116	5.657
6179	0.0
72051	12.961
13835108	4.551
11424	11.771
4436353	3.783
6296	4.160
15494	11.4
9425	5.553
14530	2.316
21159425	7.732
20124	8.774
15488	11.651
21171393	5.657
29024	2.269
64152	6.669
7926	0.0
77127	1.890
83365	4.243
8277	12.738
62583	8.597
21106529	6.831
7929	0.0
11434	8.442
62453	2.381
61418	8.492
1346	9.026
63533	8.382
60462	7.486
63208	6.831
12697	8.382
1688	7.143
60937	7.766
68404	9.824
21106540	4.298
70085	6.669
10237273	10.404
14340	6.669
7114	5.657
68709	13.007
21106585	5.657
55806	0.0
2973	1.0
13249	2.294
7364	9.627
6855	12.225
13272	8.548
6898	7.428
66847	3.042
15886	6.478
12840	10.231
38364	4.586
14559	8.041
12861	7.163
6620	5.112
1615	1.414
63956	8.041
27488	4.586
61381	10.737
71213	6.669
71964	3.533
15435	5.369
13848793	8.442
10446934	2.149
61542	5.112
6906	8.101
6864	11.730
15489	11.708
13490	11.856
61594	9.824
23083	4.575
70988	8.561
78578	8.385
11449	11.708
14413	13.160
6478	14.987
15418	2.0
54970	6.489
61599	8.422
6907	8.101
25276	6.447
21170959	8.422
6222	4.146
11446	16.827
7174	8.422
63319	4.522
8333	6.604
79481	13.776
60631	5.657
61749	6.872
1278	12.747
91500	7.237
8861	11.823
28829	2.498
8282	11.191
11624	7.766
15517	6.580
18799	6.489
68816	6.669
11399	6.669
4590	6.744
62467	6.447
8071	5.553
62328	5.553
1675	8.597
10025	4.008
84565	6.831
11476	7.136
13048	5.553
29091	4.160
62795	6.364
71934	12.589
7092	3.042
6707	6.669
531832	12.747
434	6.447
66572	7.243
70021	5.553
24438	7.173
6824	11.009
14869	6.447
72291	5.112
9929	7.237
5584	6.831
6854	7.066
61739	11.576
66716	6.831
2632	6.447
655	6.735
34195	7.243
8055	11.576
8111	16.827
84452	12.589
5027	1.890
5237	8.680
13846015	0.0
7069	0.0
67479	5.153
13882366	3.042
7098	5.112
2656	2.828
61311	6.598
21105876	8.588
7097	5.112
10287	11.771
21159574	6.335
22012	5.553
29023	2.649
66369	13.517
7091	3.042
13835351	7.331
71995	6.556
83338	7.094
17879	0.0
20971	0.0
21112533	3.042
76852	12.913
61383	12.047
16951	6.669
11897	0.0
9571	5.657
7325	6.391
12691	11.140
11373	1.890
61273	4.298
10407	8.588
70450	10.127
10425	4.142
10609	11.106
2388	8.319
70652	8.935
21159598	7.066
6716	6.335
9961	9.627
14582	4.745
960	2.316
11898	0.0
11421	5.885
21106172	5.112
6575	14.793
6916	8.319
71926	9.750
73945	5.451
9089	11.708
10289059	0.0
6825	10.231
11961	5.112
19862	8.503
15092	7.766
12524	17.345
12667	4.040
21168862	5.112
71672	12.680
70048	3.032
7311	6.295
62914	7.279
8807	14.987
15105	6.604
21111772	5.657
16208	7.136
6872	8.597
2915	13.160
8099	7.186
67953	7.732
62933	11.842
60263	7.875
19739	2.309
59146	3.042
60357	0.816
2179	4.142
25604	9.813
14585	11.708
19331	7.308
69970	0.0
15998	12.799
10363	8.597
72174	5.553
61561	2.621
63211	7.066
21106171	5.112
6823	5.630
532	8.597
6552	6.872
6033	5.657
2923	6.447
65785	7.837
454393	6.447
73131	7.635
5142	5.657
13846658	11.708
18708	7.066
10256	5.086
9075	6.669
65715	7.186
11580	7.732
6705	6.373
12114	5.657
15308	0.0
68579	7.066
15088	7.732
4444774	9.863
6928	8.178
6550	6.872
11595	7.066
616466	5.241
1103	1.890
19099	4.298
29090	0.0
21168888	0.0
7100	6.240
6655	4.298
12941	0.0
4445872	2.316
13837329	6.872
62501	11.897
7138	3.042
11437	13.653
6781	4.298
7914	2.316
66675	0.0
21169500	5.885
7889	2.316
205386	3.570
21733	7.883
12515	16.916
21170956	10.085
62372	4.298
11899	0.0
5374	0.0
67895	7.004
29002	6.295
21168556	7.066
8836	14.825
16109	5.854
61759	6.373
21106571	5.112
7103	5.854
60596	9.524
8862	11.823
10033	2.335
14414	14.793
11969	5.911
66759	8.597
66460	5.844
6770	11.771
6901	10.295
7119	5.657
61388	4.298
8662	7.840
21111849	10.170
63350	12.241
68350	7.066
70962	11.708
21106124	10.085
12291	12.680
59892	11.106
12696	10.170
19526	3.042
21159439	11.897
8434	10.170
7121	5.657
6757	6.997
70660	1.414
62756	3.042
16096	2.828
6834	11.708
4775	5.911
16644	9.750
7427	7.579
3581	9.026
970	16.916
6840	14.296
13493	12.983
3915	10.584
8860	14.296
11013	6.814
6592	15.724
11447	14.060
5004	4.250
5820	5.241
21106163	5.657
12274	8.756
5899	11.140
60188	5.657
78873	5.369
11475	6.239
6235	0.0
10801689	6.669
10582	16.961
11398	6.669
745600	6.295
9413	5.369
6586	11.894
64143	5.854
328957	5.553
13699	10.046
11974	5.657
17097	6.604
6856	12.225
13693	7.237
21106365	11.823
5606	7.237
12275	8.631
18	5.553
67788	11.894
5612	7.066
10986	8.597
12236	1.414
61560	5.112
61352	1.155
6845	14.060
8182	7.883
21171396	0.0
11472	4.745
24499	11.298
61101	6.261
21106146	5.112
6768	11.771
60012	6.831
7284	10.170
13856885	5.657
19816	14.312
6386	5.676
68220	13.045
28952	9.391
8058	11.450
6771	10.203
21159597	7.237
2991	11.771
12017	0.0
67790	12.225
72806	3.221
7120	5.657
13863774	5.657
74935	7.883
12307	11.771
62631	2.353
16896	2.033
10235	9.990
69150	12.799
6746	16.450
23472	7.732
5091	2.353
13090	8.079
24905	11.111
12100	0.0
7118	5.657
7355	10.469
7296	14.312
10664	5.112
123905	5.854
454604	6.335
61717	7.050
9886	15.526
955	5.657
7145	5.112
12864	12.201
8793	21.659
1118	9.990
65703	8.345
63555	4.713
453633	4.745
6601	13.508
2980	1.414
165975	11.106
453910	5.610
512092	8.631
2372	8.875
9779	5.610
16612	12.362
66916	15.867
61264	5.369
11614	14.312
71166	0.0
8470	6.295
2169	1.075
11982	5.657
200562	9.026
70280	4.243
10778469	8.414
15983	7.883
67282	6.084
9838	9.026
5816	8.442
27057	9.109
7268	0.0
10289	6.084
63453	0.0
56797	6.862
1061203	0.0
14760	8.597
8310	5.676
11443	18.433
18177	7.883
24341	4.298
9109	5.854
59462	4.250
7758	5.084
13836549	0.0
6420	4.586
59526	11.207
8463	7.955
61280	5.854
7162	5.854
67007	4.416
62931	7.066
68907	6.447
12499	0.0
12249	3.965
21170967	5.112
8045	13.045
7909	2.353
21171999	7.774
61475	2.353
8118	13.484
12072	0.0
21111786	5.112
9554	12.222
61569	11.580
7275	5.112
14360	7.883
12071	2.369
6576	13.517
74932	12.747
7207	8.597
61399	2.621
9824	15.867
21106020	5.657
64618	15.537
13073	8.406
11290	4.586
62486	6.598
10824	4.586
10034	2.335
10833	5.086
15216	15.867
81679	18.267
7166	5.854
63538	13.489
284177	5.854
6846	13.355
64166	7.229
65903	9.466
21171513	5.657
66547	8.914
453123	7.678
12213	4.416
7163	5.854
1441	7.616
3542441	5.854
13863300	8.597
5555	5.369
9856	6.335
15474	14.060
2016563	5.369
7203	5.657
15796	5.911
6751	17.345
6857	9.670
11516	5.657
5532	7.186
6900	10.295
6642	0.0
7125	7.066
70500	8.162
5562	5.553
8054	6.084
67230	8.790
67257	7.066
15359	5.369
2063	8.659
9572	7.066
6797	6.326
9946	7.634
6593	13.160
9826	10.090
66528	4.298
61789	6.261
3229	5.854
13856959	10.751
76286	0.0
7201	6.598
15636	4.298
13927	18.915
483123	4.814
21105887	12.590
7830	2.686
10408	7.440
9535	2.621
6484	4.586
21106127	5.112
6709	5.854
75176	5.854
12523	11.303
68247	13.901
62332	4.298
11900	0.0
70915	4.586
62289	3.042
7214	6.020
15471	12.362
62361	13.649
11468	12.111
7202	6.598
13853943	4.298
10035	2.383
12681	0.0
7292	11.152
74171	5.854
75956	7.536
7315	9.150
105768	8.162
15161	6.084
306959	12.606
58578	11.367
18227	6.020
70806	19.937
16310	8.068
3924	2.249
9219	5.775
66512	10.751
526	6.598
13925	18.915
7167	5.854
65693	14.563
27749	6.447
1484	17.161
2356	0.0
8057	0.0
6610	11.450
7060	5.854
8030	14.271
11593	6.598
61517	6.862
7313	9.150
60933	7.066
610932	9.150
525531	4.745
10274392	12.111
3008	6.447
6546	7.473
4029	2.942
8459	7.640
13924	19.734
12670	0.0
2621	8.170
4233	11.745
63515	7.066
1540	9.167
15683	15.867
2359	8.170
6837	12.241
9073	5.676
17440	5.676
4959	5.553
17704	6.084
15113	0.0
61086	5.854
61785	3.302
63077	2.621
6725	5.854
21106036	5.854
8567	3.903
13865683	6.872
62479	6.261
3395	13.627
13853953	4.298
9549	5.854
8086	5.854
21106095	5.854
10864	4.298
7171	7.883
11972	10.005
21106013	5.112
61281	5.854
12263	5.854
6508	20.180
11901	0.0
10834	17.816
13721	11.188
3005	2.530
60006	5.854
11249	10.170
11429	5.676
7148	6.240
120011	5.854
25605	12.828
10378	5.112
11641	10.260
28714	9.740
9130	6.447
61087	5.854
13422	2.417
62928	5.854
9569	6.447
2066	5.837
9515	5.553
13887609	2.805
13697	17.161
2384	0.0
61672	7.004
13075	13.160
2695	5.781
9442	5.854
13707	13.649
15724	0.0
2661194	5.854
6229	3.763
8106	15.008
10181821	13.060
14688	0.0
2848685	5.854
2673	9.805
5739	25.326
5561	5.610
12680	12.258
2745027	5.854
6753	14.563
62668	7.804
13105	14.591
5686	17.995
14810	8.079
4286892	5.854
9873	14.563
523754	13.355
60090	13.355
14584	16.074
2424	1.520
6468	14.235
1909	0.0
70071	7.066
4740	7.913
12329	9.442
59885	9.679
7274	4.919
72680	3.834
29135	4.586
11397	5.023
10630	5.676
11581	6.261
11427	5.676
59403	6.020
7169	6.261
69973	6.261
11146	0.0
21168823	5.112
25097	1.651
10426	4.416
6838	13.977
8331	13.649
61014	7.766
7923	2.408
63718	13.455
6858	10.618
61148	0.0
6763	13.649
10848	9.566
59487	13.455
10633	11.260
6714	5.854
63567	15.931
10619	5.023
11279086	5.145
13323	14.1
62363	15.624
11967	5.854
9206	15.624
11577	5.854
11428	5.676
67597	6.020
63320	5.854
11582	6.261
6713	5.854
21272	5.854
58568	16.057
60158	5.854
29117	8.079
8366	11.936
12355	12.056
8254	13.996
57727	11.331
18409	11.846
4596	17.559
2468	6.854
3214	9.422
7260	5.809
3215	14.434
7210	5.657
10618	9.026
967	0.0
2272143	5.781
61540	0.0
5129	5.781
12057	3.533
6213	1.682
6438	13.836
84451	14.285
13837584	6.146
62340	6.552
21106035	5.854
21106576	11.4
5399	5.403
67212	14.271
12504	5.112
21111865	5.854
6588	10.127
11902	0.0
11567	6.240
4471	13.996
12722	6.504
86040	13.437
6783	11.486
20311	10.276
70990	5.854
528656	5.241
21106145	6.447
21106581	7.066
11267	4.586
11395	6.447
59164	10.573
69450	5.854
11337	8.303
64012	13.953
10284	13.649
226885	14.877
8329	13.437
12339	14.1
10230	16.518
9805	21.172
12874	0.945
8800	22.864
62303	9.172
61150	0.0
60173	7.486
3613	11.539
8104	15.008
17162	7.066
69027	8.382
6220	10.573
305	3.302
3300	5.553
71976	10.573
8816	25.958
11594	7.066
6848	18.689
4819	11.457
5882	7.066
2068	1.520
13835294	17.305
6639	0.0
2911	6.295
21106178	0.0
60889	5.112
85490	10.522
6899	12.056
69290	5.676
7037	5.854
11903	0.0
8188	7.066
59546	10.573
62472	6.447
11283	15.859
62389	18.797
6381	9.128
10169	21.406
11586	7.066
13066	7.066
63522	4.333
11277	0.0
14613	23.720
8298	12.199
9192	14.418
6554	14.956
4575	4.224
13133	14.271
12858	8.936
6221	2.810
6767	15.624
62751	0.0
62493	8.588
28947	5.775
6371	12.362
9002	5.112
2079	4.629
15702	5.775
6515	17.833
65700	15.624
5145	8.141
77916	12.284
31144	3.117
6505	17.305
8846	23.850
2951	16.250
7407	6.295
58587	11.106
20277	5.553
11359	0.0
56177	9.134
10243	0.0
15403	0.0
5026	7.153
59971	0.0
9394	0.0
86894	11.512
9438	5.657
70319	0.0
21106111	7.274
26691	4.298
5363	13.221
7177	7.732
21106574	4.586
2607	10.647
12018	0.0
11308	11.106
2181	6.552
74123	6.295
25957	13.568
13959	14.023
11276	15.714
60100	18.003
6514	19.733
142204	6.020
11618	8.588
2387	4.475
17967090	14.714
8183	6.447
11202219	6.447
120096	14.797
6080	15.575
10616	5.553
14952	15.227
8799	31.547
16359	6.669
4599	7.518
11178542	5.553
7044	7.066
62381	26.370
2457	17.819
2075	23.934
6447	15.995
6927	6.898
2283	5.657
8067	0.0
13909	7.066
9832	2.576
9522	0.0
8181	6.447
7289	15.359
149513	6.669
46739	12.494
59020	0.0
62963	13.045
3345	8.353
59928	14.786
60047	15.829
10490	4.538
85216	0.0
63738	5.9
21106506	14.312
3871	22.972
6369	10.170
55194	9.180
65061	15.271
15089	7.766
3009396	5.553
224468	20.146
2626	6.536
5304	6.739
5507	9.720
194210	8.660
9189	6.739
9697	10.839
11338	17.161
62252	12.362
5138	7.517
10871	16.218
5632	7.518
2849	12.362
1611	31.652
3218	17.112
7152	5.112
62362	15.232
5376	11.345
8253	15.509
4268	9.571
7042	6.669
62477	7.066
62098	18.082
6454	16.891
7108	5.112
7259	11.876
9894	7.163
6389	6.0
2629	3.480
15596	11.651
10542	0.0
79719	5.112
27183	5.112
22739	15.750
12310	8.506
69703	15.859
10257	4.298
62663	8.597
4735	10.731
68030	4.766
62525	16.1
16358	6.669
7168	6.831
4024	8.390
4317	11.198
7975	8.689
6453	16.891
6215	15.859
3762	9.104
1991	6.831
6442	24.498
10081	8.278
2246	31.879
21360	5.657
2117	17.319
65974	6.604
8105	21.046
1998	7.942
8235	17.833
8274	18.591
8804	31.267
9795	16.657
5134	7.988
8788	32.366
70514	9.442
63117	15.859
18924	6.604
62965	13.455
10452	0.0
455964	15.859
642951	7.066
67593	20.858
6214	15.859
48119	12.786
62966	13.649
8252	15.509
7258	15.9
6373	12.362
9190	7.498
11200	15.859
27486	0.0
12549	15.859
2297301	3.487
10554	2.5
13985	12.938
4444448	18.355
8151	5.854
13329	6.012
3987	5.657
7370	13.196
5786	12.749
4582	16.5
12336	5.112
6057	17.827
66909	23.946
11274	17.345
11297	24.538
24722	15.106
525308	16.126
7211	5.657
5571	17.383
5163	6.592
18716	5.553
4742	7.840
6433	15.842
62265	6.377
6517	5.241
11269	29.286
19663	5.553
29150	15.842
62754	3.879
4444926	16.705
15020	16.978
8163	5.112
11320	4.586
8150	5.854
64045	20.916
59976	6.604
63122	15.133
13777	9.927
28425	10.524
63119	15.859
4453	20.051
6764	15.624
14285	6.084
11286	6.377
8023	0.0
7358	12.456
66396	9.704
7988	11.876
11906	0.0
60886	0.0
7172	5.112
6216	15.859
64830	17.198
69366	5.112
13352	22.738
58910	13.248
62338	7.732
3208	5.013
49895	15.478
5302	7.304
60518	16.604
3765	20.036
63757	21.707
2034	19.324
21106037	5.854
11390	5.854
15010	13.011
2447	18.264
4617	18.254
64003	13.649
77934	7.339
4518	20.954
5740	8.492
11571	6.240
5131	8.906
5165	12.919
7045	5.854
5531	14.160
10442628	19.871
4444935	15.510
10085	15.579
13868426	5.854
6520	20.535
3228	16.708
6830	3.997
3508	20.443
2928	15.624
60108	20.033
63575	12.111
6464	0.0
2710	21.621
2839	0.0
14916	14.1
65648	33.041
8353	27.813
10009	4.706
11917	26.335
21106505	19.678
191496	21.657
60919	5.657
18983	0.0
21242790	4.586
4586	18.503
2810	29.036
11325	11.191
11271	10.737
1912	11.416
61577	24.699
14430	41.298
3521	6.391
9815	24.469
7970	12.362
67509	22.943
14979	5.112
17987	5.112
38123	11.322
3322	11.090
4478521	16.402
62645	35.927
64377	18.025
4433	11.282
10259	7.066
11387	6.831
4355	7.237
10442653	12.022
7155	7.237
11310	11.106
10248513	17.8
59493	26.335
73276	22.162
15209	6.604
66498	12.362
29343	19.637
3472	10.924
48922	9.074
4600	25.520
29156	15.995
6232	14.493
10696	0.0
61266	0.0
21965	0.0
62468	8.006
59489	0.0
3438	16.480
5437	11.734
3584	21.508
15968	26.791
11309	10.584
13153	11.009
11380	5.676
62217	26.307
31872	22.866
64024	10.066
14960	26.916
5075	17.316
9426	5.112
2562	17.989
8177	0.0
8073	5.112
6688	5.112
4514715	15.617
15521	21.958
3039	22.143
2160	29.050
68961	27.480
24584	23.055
68224	0.0
15484	0.0
13842838	0.0
1904	23.866
3618	25.607
13764	0.0
9180	0.0
3368	20.520
258050	19.616
7974	22.479
29054	27.823
9018	0.0
30913	12.143
5423	20.158
9028	13.247
2867	12.923
10581	22.435
10674	19.740
5515	33.3
6208	20.559