Compound Id	MDE [MDEO-11]
291	0.0
6084	0.0
11148	0.0
855	0.0
864	0.0
6089	0.0
6088	0.0
6094	0.0
6085	0.0
6103	0.0
7956	0.0
682	0.0
6100	0.0
6087	0.0
654	0.0
6101	0.0
6086	0.0
7954	0.0
6097	0.0
7555	0.0
1004	0.0
172	0.0
6092	0.0
7560	0.0
11729	0.0
31029	0.0
6102	0.0
5834	0.0
10046	0.0
7556	0.0
9644	0.0
11151	0.0
7712	0.0
6111	0.0
10437	0.0
3168	0.0
7721	0.0
6114	0.0
13837190	0.0
9233	0.0
7577	0.0
21171407	0.0
7566	0.0
258	0.0
13835977	0.0
6093	0.0
7728	0.0
512	0.0
21106015	0.0
7716	0.0
9990	0.0
13836021	0.0
6106	0.0
7713	0.0
21106179	0.0
13836674	0.0
6124	0.0
11835	0.0
7714	0.0
7553	0.0
1114	0.0
7732	0.0
11833	0.0
7711	0.0
6138	0.0
7717	0.0
7557	0.0
11807	0.0
7786	0.0
11834	0.0
256	0.0
7767	0.0
8894	0.0
3644	0.0
7559	0.0
11830	0.0
7567	0.0
7734	0.0
6040	0.0
7776	0.0
12977	0.0
13865015	0.0
9354	0.0
12450	0.0
693	0.0
278	0.5
13835550	0.0
13835336	0.0
10694	0.0
9480	0.0
11723	0.0
6308	0.0
64095	0.0
11099	0.0
7957	0.0
11109	0.0
12209	0.0
6121	0.0
6108	0.0
7737	0.0
7827	0.0
14512	0.0
8543	0.0
7770	0.0
1095	0.0
6104	0.0
12011	0.0
175	0.0
8896	0.0
7782	0.0
7772	0.0
8560	0.0
31016	0.0
6310	0.0
7738	0.0
7815	0.0
12010	0.0
9630	0.0
2916	0.0
7739	0.0
13839553	0.25
7736	0.0
7811	0.0
171	0.5
659	0.0
11728	0.0
173	0.0
2006126	0.0
11167	0.0
10765	0.0
7604	0.0
221079	0.0
7024	0.0
11110	0.0
10730	0.0
10766	0.0
8544	0.0
10113	0.0
68268	0.0
11121	0.0
6307	0.0
29000	0.0
13854808	0.0
6127	0.0
62433	0.0
6125	0.0
11125	0.0
72268	0.0
62241	0.0
10340	0.0
6321	0.0
11871	0.0
7810	0.0
11846	0.0
13836399	0.0
6311	0.0
6313	0.0
21168808	0.0
5993	0.0
13837112	0.0
349	0.0
19100	0.0
8554	0.0
10018	0.0
1020	0.0
13837650	0.0
7837	0.0
2275	0.0
1005	0.5
7835	0.0
13854130	0.0
7791	0.0
13837537	0.0
6336	0.333
236	0.0
11832	0.0
7787	0.0
7551	0.0
29015	0.0
13835209	0.2
8903	0.0
6334	0.0
13837702	0.0
8904	0.0
11229	0.0
7790	0.0
60524	0.0
13420	0.0
121383	0.0
6330	0.0
10951	0.0
1913	0.333
13835459	0.0
10020	0.0
6134	0.0
3530	0.333
6153	0.0
11232	0.0
14893	0.0
12201	0.0
6309	0.0
14686	0.0
12446	0.0
81237	0.0
12430	0.0
7674	0.0
14966	0.0
11551	0.0
11094	0.0
8158	0.0
11222	0.0
9484	0.0
122546	0.0
7605	0.0
76541	0.0
7788	0.0
15221	0.0
7833	0.0
8569	0.0
1108	0.0
21106561	0.0
10653	0.0
11128	0.0
8525	0.0
10536	0.0
7607	0.0
13839107	0.0
11865	0.0
13839199	0.0
13839575	0.0
11866	0.0
5977	0.0
7856	0.0
7715	0.0
11863	0.0
6305	0.0
7849	0.0
10498	0.0
7852	0.0
11874	0.0
6323	0.0
7838	0.0
7016	0.0
10733	0.0
13835401	0.0
29101	0.0
7710	0.0
7688	0.0
119963	0.0
21106520	0.0
7677	0.0
13839441	0.167
9646	0.0
932	0.0
13835180	0.167
259	0.5
7851	0.0
6147	0.0
11526	0.0
13874733	0.0
11750	0.5
6333	0.5
6146	0.0
13835604	0.167
67424	0.0
13884495	0.0
68156	0.0
61471	0.0
5439	0.0
10772140	0.5
72718	0.0
6331	0.0
4200	0.0
10464	0.0
1143	0.0
11787	0.0
62181	0.0
1664	0.0
234	0.5
61632	0.0
6148	0.0
84221	0.0
67620	0.0
6340	0.0
18792	0.0
121154	0.0
11086	0.0
121113	0.0
15438	0.0
454272	0.0
121640	0.0
14751	0.0
14672	0.0
11106	0.0
21073	0.0
6163	0.0
7219	0.0
7706	0.0
126201	0.0
21106560	0.0
2803	0.0
29025	0.0
10465	0.0
21105905	0.0
7022	0.0
7463	0.0
7244	0.0
7242	0.0
55123	0.0
7850	0.0
11095	0.0
11025	0.0
13840	0.0
11838	0.0
29026	0.0
7878	0.0
11029	0.0
21106032	0.0
7238	0.0
30349	0.5
6326	0.0
7701	0.5
13872667	0.0
14840	0.0
13851383	0.0
59607	0.0
10054	0.0
6967	0.0
12814	0.0
14349	0.0
7026	0.0
7765	0.0
10053	0.0
6165	0.0
69736	0.0
8574	0.0
6170	0.0
8909	0.0
733	0.909
60839	0.0
21997	0.0
15117	0.143
13835861	0.0
13835772	0.0
14608	0.0
13835579	0.0
10328	0.0
13839416	0.143
69525	0.0
6164	0.0
10988	0.0
21106481	0.0
18801	0.0
61810	0.5
737	1.145
5050	0.5
4418329	0.0
773	0.0
2070	0.0
3596	0.0
11795	0.0
13220	1.5
10775	0.0
10755	0.0
16689	0.0
11055	0.0
7619	0.0
10737	0.0
69505	0.0
11056	0.0
7385	0.0
14752	0.0
7475	0.0
7761	0.0
10777	0.0
63026	0.0
7626	0.0
17558	0.0
12924	0.0
7515	0.0
10776	0.0
55090	0.0
21106526	0.0
7027	0.0
8490	0.0
14679	0.0
12809	0.0
13864773	0.0
7387	0.0
11998	0.0
11763	0.0
6119	0.0
21170543	0.0
8141	0.0
12810	0.0
21106016	0.0
6341	0.5
13860641	0.0
10364	0.0
21106583	0.0
9614	0.0
16268	0.0
7514	0.0
13875281	0.0
15846	0.0
11170	0.0
8157	0.0
11087	0.0
7391	0.0
13875320	0.0
13619	0.0
7465	0.0
6248	0.0
55085	0.5
29036	0.0
15480	0.0
5889	0.0
8552	0.5
55110	0.0
21106133	0.0
13860775	0.0
7882	0.0
13838404	0.0
8576	0.0
11909	0.0
11875	0.125
19231	0.0
7678	0.0
11530	0.0
361265	0.0
62737	0.0
447	0.0
15443	0.0
66464	0.0
6728	0.0
971	0.0
62577	0.0
66754	0.0
10301338	0.5
12640	0.0
21069	0.5
10008	0.0
177126	1.5
21111768	0.0
87514	0.0
10989	0.0
2016737	0.0
7225	0.0
8524	0.5
1013221	0.0
11107	0.0
21349	0.0
2005898	0.0
8537	0.0
5978	0.5
1477	0.25
11694	0.0
6332	0.0
2005963	0.0
7690	0.0
7683	0.0
13835293	0.25
61707	0.0
2005897	0.0
12225	0.0
66578	0.0
11244	0.0
1414905	0.0
60308	0.0
26072	0.0
12444	0.0
17801	0.0
10759	0.0
15794	0.0
11064	0.0
11370	0.0
18604	0.0
6149	0.0
66568	0.0
6156	0.0
7334	0.0
10420	0.0
13400	0.0
7419	0.0
25609	0.0
10571	0.0
14729	0.0
7621	0.0
21111805	0.0
10534	0.0
70705	0.0
14753	0.0
12807	0.0
7627	0.0
11410	0.0
21111882	0.0
21132380	0.0
13839109	0.0
13471	0.0
7672	0.0
7641	0.0
7689	0.0
7676	0.0
21106169	0.0
13863629	0.0
11062	0.0
13248	0.0
6042	0.0
8335	0.0
7673	0.0
13860692	0.0
10001	0.5
7881	0.0
11655	0.0
11783	0.0
11765	0.0
13856579	0.0
28777	0.0
7802	0.0
67360	0.0
13860335	0.0
11210	0.0
7890	0.0
11077	0.0
7803	0.5
7229	0.0
13842613	0.0
13835895	0.111
7883	0.0
630	0.333
9349	0.0
11862	0.0
21106134	0.0
13876621	0.0
13881329	0.0
9917	0.0
21105871	0.0
1031	1.145
7521	0.0
7235	0.0
6726	0.0
1071	0.0
11063	0.0
287294	0.5
60121	0.0
59438	0.0
12150	0.0
12144	0.0
61553	0.0
7611	0.5
14991	0.0
59556	0.25
13835151	0.0
9350	0.0
13844	0.0
96573	0.0
11066	0.5
62628	0.111
9357	0.5
66996	0.0
14609	0.0
10432	0.0
1479	0.0
7610	0.0
11708	0.0
10467	0.0
8882	0.0
7651	0.0
764	0.2
653	0.5
392	0.0
24633	0.0
9611	0.0
5705	0.0
11757	0.0
69826	0.0
13450	0.0
7747	0.0
11603	0.0
7628	0.0
7694	0.0
7065	0.0
13837280	0.0
16383	0.0
8568	0.0
7794	0.0
24634	0.0
21105900	0.0
8514	0.0
14205	0.0
11660	0.0
19110	0.0
15432	0.0
11741	0.0
21896	0.0
13875230	0.0
6406	0.0
13840690	0.0
11041	0.0
17474	0.0
13875392	0.0
7891	0.0
12067	0.5
13402	0.0
16486	0.0
6252	0.5
6135	0.5
10236	0.0
9228	0.0
5730	0.0
8160	0.0
13673	0.0
13875180	0.0
7013	0.0
7224	0.0
11180	0.0
12221	0.0
7392	0.0
7903	0.0
63871	0.5
11882	0.0
21106525	0.0
13851576	0.0
7893	0.0
7894	0.0
19108	0.0
13869480	0.0
924	0.0
13840647	0.0
13875160	0.0
6409	0.0
6654	0.0
11057	0.0
6630	0.0
62314	0.0
59426	0.0
370	0.5
7007	0.0
17221	0.0
14890	0.5
7901	0.0
78543	0.0
13875258	0.0
7241	0.0
13849	0.0
9563	0.0
15708	0.0
13875432	0.0
21111781	0.0
14436	0.0
13875219	0.0
7795	0.167
21106513	0.0
28982	0.0
18685	0.1
13839174	0.0
78	0.0
13860491	0.0
62877	0.0
13868660	0.0
8665	0.0
13869414	0.0
11021	0.0
7519	0.0
13842573	0.0
11242	0.5
333	0.333
7480	0.0
13869339	0.0
62226	0.5
13839151	0.0
59439	0.0
7236	0.0
11038	0.0
6991	0.0
16257	0.0
13646	0.0
11350	0.25
7634	0.25
9849	0.5
10955	0.25
6983	0.2
10251740	0.5
6652	0.5
1131173	0.0
9546	0.5
7632	0.0
1013196	0.0
23718	0.0
11179	0.0
10795	0.0
10445	0.0
10742	0.0
7657	0.0
6338	0.5
8659	0.0
7248	0.0
8531	0.0
11818	0.0
61026	0.0
10428	0.0
10253	0.0
11911	0.0
11790	0.0
13040	0.0
7509	0.0
13473	0.0
12829	0.0
21242799	0.0
13451	0.0
14888	0.0
6176	0.0
8013	0.0
13032	0.0
21106562	0.0
7448	0.0
21168731	0.0
13875381	0.0
61200	0.0
7879	0.0
11607	0.0
13839308	0.0
7129	0.0
16887	0.0
8579	0.0
7900	0.0
7744	0.2
11879	0.0
6628	0.0
21106155	0.0
21111850	0.0
11883	0.0
7866	0.5
13881571	0.0
9360	0.0
14787	0.0
12451	0.0
13856009	0.0
13848467	0.0
8138	0.0
9326	0.0
13644	0.0
6677	0.0
70682	0.0
72625	0.0
7132	0.0
13835630	0.5
12060	0.0
66344	0.0
6990	0.0
21105859	0.0
6985	0.0
66551	0.0
8098	0.0
74169	0.0
191427	0.0
21106167	0.0
7135	0.5
11091	0.814
6277	0.0
207215	0.167
7915	0.0
6177	0.5
13861	0.0
21168837	0.0
15526	0.5
13033	0.333
67466	0.0
7388	0.0
14165	0.0
10649	0.333
13866817	0.0
7635	0.25
14163	0.0
21111896	0.0
4642	0.2
11500	0.0
25942	0.0
21105878	0.0
5704	0.0
8911	0.0
25757	0.0
65689	0.0
13836283	0.0
16011	0.0
6253	0.5
24133	0.0
16237	0.0
60497	0.0
11651	0.0
7518	0.0
21106018	0.0
60662	0.0
73531	0.0
63882	0.25
12823	0.0
34095	0.091
56234	0.0
63307	0.0
87265	0.0
21844	0.0
12821	0.0
11181	1.145
521915	0.0
22006	0.0
12822	0.0
13868640	0.0
63180	0.2
9964	0.143
8852	0.0
10471	0.25
16931	0.25
13837582	0.0
13837760	0.333
5975	0.0
4878	0.25
12478	0.0
123	0.167
11022	0.143
8528	0.0
11080	0.0
68939	0.0
68309	0.25
63658	0.0
14346	0.0
68282	0.0
5408	0.0
5596	0.0
11489	0.0
62546	0.25
1017	0.0
13421	0.0
26065	0.0
21998	0.0
26066	0.0
7581	0.0
17976	0.0
26068	0.0
7580	0.0
15532	0.0
9478	0.0
13231	0.0
21106102	0.25
63017	0.0
9903	0.0
73565	0.0
7511	0.0
21106174	0.0
7659	0.0
6977	0.0
13865426	0.25
6794	0.0
20521	0.0
5931	0.5
21106522	0.0
21111905	0.0
6883	0.0
13622	0.0
13869451	0.0
11073	0.0
9328	0.0
6143	0.0
21111798	0.0
7908	0.083
13870160	0.0
12061	0.0
11930	0.0
21105937	0.0
21171406	0.0
17428	0.0
61765	0.333
6974	0.0
31931	0.0
11511	0.0
13438	0.5
15431	0.0
11517	0.25
13837686	0.0
13854818	0.0
10935	0.0
21106578	0.0
11885	0.0
37466	0.0
67735	0.0
17383	0.721
60103	0.0
7871	0.0
23643	0.0
13869434	0.0
12972	0.0
11432	0.0
26091	0.0
13860633	0.0
81759	0.0
6881	0.0
7961	0.0
13839123	0.0
21168833	0.0
29080	0.5
7437	0.0
9910	0.0
21111816	0.0
8873	0.0
6951	0.0
13875441	0.0
2863	0.5
13626	0.5
6788	0.0
11485	0.0
19037	0.5
11433	0.0
477171	0.5
7917	0.0
72054	0.0
21111785	0.0
17163	0.0
69446	0.0
13254	0.0
10790335	0.5
21106019	0.0
8319	0.0
63447	0.0
126037	0.0
20151	0.0
21159424	0.0
6774	0.0
10857	0.0
69896	0.814
21112332	0.0
61802	0.0
13839110	0.0
2005824	0.0
9564	0.333
6988	0.0
6633	0.0
24729	0.0
100	0.2
26031	1.5
13839128	0.0
75563	0.0
10181341	0.5
6160	0.0
11460	0.0
15420	0.0
60129	0.0
4962	0.25
9908	0.0
96816	0.0
11663	0.0
72534	0.0
12173	0.0
8876	0.0
8070	0.5
13839080	0.25
6790	0.0
11662	0.0
56139	0.167
880	0.0
5242	0.25
10250	0.5
4963	0.25
10254	0.0
589165	0.0
12480	0.0
1013337	0.0
3635	0.0
20732	0.0
61354	0.0
60191	0.5
352	0.75
9612	0.25
6191	0.0
14830	0.0
18688	0.0
13038	0.0
11919	0.0
7507	0.0
7183	0.0
10355	0.0
7088	0.0
6287	0.0
13850405	0.0
21106521	0.0
6342	0.0
13861934	0.0
17481	0.0
6998	0.333
3973	0.0
60340	0.0
8097	0.0
13857694	0.0
73564	0.0
13875377	0.0
13837988	0.0
10239201	0.5
6780	0.0
12230	0.0
13848808	0.25
13063	0.0
9844	0.0
24142	0.0
6949	0.0
13861158	0.0
16377	0.0
7916	0.0
21105936	0.0
13875212	0.0
62402	0.0
21171515	0.0
61797	0.0
67462	0.0
21105889	0.0
10540	0.0
13848341	0.2
21153	0.0
29031	0.0
25119	0.0
13858096	0.0
11650	0.0
14507	0.0
75479	0.0
10648	0.0
7888	0.5
1072	0.0
21106470	0.0
211145	0.0
60136	0.0
15310	0.0
61428	0.0
11556	0.0
21168838	0.0
81705	0.0
12465	0.333
21105848	0.25
21109330	0.333
13837787	0.945
4209	0.25
9327	0.0
11891	0.0
21111804	0.0
8855	0.0
25968	0.0
13013	0.0
65745	0.0
10333	0.333
21111842	0.0
21394	0.0
13864445	0.0
70868	0.0
14390	0.0
221355	0.0
62582	0.167
7185	0.0
124526	0.0
62368	0.2
28973	0.0
16094	0.0
26799	0.0
21111774	0.0
61036	0.0
6852	0.0
62581	0.0
6999	0.0
17687	0.0
65682	0.0
10831	0.0
13860434	0.167
72056	0.077
7143	0.0
70511	0.0
16095	0.0
61585	0.0
32002	0.167
11413	0.0
72416	0.909
10892	0.5
11185	0.0
59433	0.0
10004	0.25
8867	0.0
21105795	0.2
1668	0.25
97850	0.333
10298354	0.0
21105699	0.0
4489	0.2
11673	0.143
238	0.5
2241	0.0
7951	0.0
911	0.0
13262	0.0
993	0.5
6995	0.0
21125563	0.0
6674	0.5
69983	0.0
8066	0.333
2015070	0.5
62423	0.333
58489	0.0
1078	1.629
70865	1.684
11477	0.2
11672	0.0
913	0.5
3268	0.25
10796	0.0
26070	0.0
12199	0.0
387	0.5
7073	0.0
15468	0.0
13439	0.0
7670	0.0
21105987	0.0
6656	0.0
13885245	0.0
13837281	0.0
7876	0.0
13882337	0.0
21106517	0.0
11412	0.0
26801	0.0
21159680	0.0
9078	0.0
83703	0.0
13876103	0.0
59482	0.0
6657	0.0
12044	0.0
21105867	0.0
11889	0.0
21106014	0.0
21106112	0.0
21111819	0.0
21108245	0.0
67835	0.0
17019	0.0
60586	0.5
21111817	0.0
21171496	0.0
11892	0.0
10800462	0.5
10771160	0.5
61434	0.0
21105932	0.0
69057	0.0
16685	0.0
6862	0.0
63909	0.5
11510	0.0
85185	0.0
21865	0.0
6479	0.0
64147	0.0
21106008	0.0
8140	0.0
3756	0.5
62236	0.5
20548	0.0
12818	0.0
15622	0.0
71784	0.0
13869655	0.0
18707	0.0
4611	0.5
11778	0.0
69628	0.0
13873600	0.0
15440	0.0
9900	0.0
68896	0.0
10772050	0.5
65	0.0
15317	0.0
6954	0.0
13667	0.0
11970	0.0
60848	0.0
13860817	0.0
12229	0.0
12675	0.0
11083	0.0
10881	0.0
97904	0.0
6481	0.0
13875161	0.0
6621	0.0
11327	0.0
1847	0.0
14836	0.0
8154	0.167
11509	0.0
13869661	0.0
63459	0.0
65701	0.0
10322	0.0
71655	0.0
62466	0.0
6739	0.0
6480	0.0
723	1.442
21106518	0.0
64111	0.646
7189	0.167
11417	0.0
7140	0.5
67879	0.25
11263	1.890
21106017	0.0
10895	0.0
8341	0.0
63931	0.0
7589	0.0
13835557	0.909
6943	0.655
62682	0.5
7797	1.442
29129	0.25
62532	0.0
3708	0.669
8438	0.669
64644	0.0
58563	0.167
62485	0.0
7190	0.5
68568	0.0
953	0.5
6787	0.333
132	0.721
571424	0.0
58968	0.0
9128	0.0
11588	0.5
452568	0.0
7090	0.0
21171506	0.25
10245	0.0
13865630	0.2
11246	0.0
7430	0.0
13448	0.0
21111758	0.0
12831	0.0
14942	0.0
6735	0.0
62359	0.0
21108549	0.0
7847	0.0
12674	0.0
62938	0.0
20140	0.0
10273	0.0
15644	0.0
11824	0.143
61196	0.0
21723	0.0
66365	0.0
62618	0.111
73658	0.0
7921	0.0
13867055	0.2
11304	0.0
13835126	0.0
69792	0.0
21111776	0.0
13881395	0.0
78722	0.0
21170125	0.0
33137	0.0
11145	0.0
6574	0.0
73537	0.0
14309	0.0
7175	0.0
13859497	0.0
14956	0.0
1306	0.0
13835344	0.0
13258	0.0
17720	0.0
33621	0.0
66385	0.0
11507	0.0
12013	0.5
6023	0.0
7186	0.0
776	0.0
21111723	0.0
62471	0.0
10303	0.0
14348	0.0
258907	0.0
10894	0.0
21159611	0.0
14918	0.0
12690	0.0
61763	0.0
19669	0.0
60464	0.0
60093	0.0
7662	0.0
53706	0.5
11332993	0.0
21106121	0.25
13868642	0.0
6828	0.0
70309	0.0
13867714	0.0
10248	0.0
79453	0.2
12669	0.0
59562	0.0
6878	0.0
7199	0.0
21112367	0.0
39404	0.0
9454	0.5
9218	0.0
11781	1.442
17347	0.5
11638	0.0
7740	0.2
217532	0.5
70512	0.0
12244	0.0
60032	0.0
62536	0.0
72274	0.0
6950	0.0
18107	0.5
11971	0.25
8998	0.0
1928	0.550
10977	0.5
91446	0.0
11585	0.0
11589	0.5
62484	0.0
63310	0.25
11776	0.0
23422	0.0
10380	0.0
7176	0.167
8382	0.0
88942	0.0
638258	0.0
13036	0.0
6724	0.655
11289	0.5
11626	0.167
13846959	0.5
10396	0.0
10243171	0.0
124	0.651
191	1.301
9225	0.0
81061	0.0
10972	0.5
11369	0.0
11773	0.0
10297844	0.0
6482	0.945
11576	0.5
10256859	0.0
73183	0.0
68122	0.5
5593	0.0
11587	0.0
608157	0.0
68837	0.651
5878	0.0
10181338	0.5
13257	0.0
62884	0.0
75095	0.5
1446	1.471
20160	0.0
62307	0.0
2005830	0.25
6079	0.5
10980	0.5
13866746	0.0
61190	0.0
31082	0.0
58333	0.0
6942	0.0
7301	0.0
21112244	0.0
63002	0.2
12045	0.0
15603	0.0
7300	0.0
8187	0.0
15410	0.0
67145	0.0
63057	0.0
7925	0.0
21111810	0.0
62633	0.0
7302	0.0
11372	0.5
67268	0.0
16913	0.0
67803	0.0
11573	0.0
11895	0.0
21278	0.0
21159579	0.0
6585	0.0
65704	0.0
6957	0.0
55242	0.0
11353	0.0
124512	0.0
61790	0.0
21106584	0.0
10966	0.0
13669	0.0
21106577	0.0
73763	0.0
59691	0.0
12047	0.0
21108577	0.0
6748	0.0
21105998	0.0
510851	0.5
10621	0.25
60092	0.0
62483	0.0
11003	0.0
6835	0.0
72918	0.0
15016	0.0
12259	0.0
63503	0.0
10539	0.5
11354	0.0
11488	0.0
62656	0.0
21111840	0.0
13029	0.0
66663	0.0
13839012	0.0
7928	0.0
60259	0.5
5966	0.0
73125	0.0
32882	0.0
11450	0.0
12586	0.0
13668	0.0
77230	0.0
7001	0.0
31264	0.0
14948	0.5
62390	0.0
12830	0.0
14690	0.0
60900	0.0
2972	0.25
11009	0.0
11584	0.0
8381	0.0
58331	0.0
13854242	0.0
10897	0.0
72141	0.0
3637837	0.5
63495	0.646
73626	0.5
72466	0.0
13846663	0.0
72148	0.655
68265	1.890
73512	0.0
61199	0.5
62698	0.0
15093	0.5
376	1.191
15244	0.0
10298355	0.0
11484	0.0
21106900	0.167
1583	0.0
50	2.474
8127	0.167
67229	0.5
13846749	0.167
61279	0.0
15663	0.655
9574	0.5
9547	0.5
284794	0.0
5622	0.0
9965	0.595
7805	1.191
6175	0.5
7279	0.0
11628	0.5
63512	0.5
121262	0.5
13476	0.5
222	0.5
6032	1.629
63328	0.945
6658	0.5
331	0.945
6675	0.5
14560	1.5
20861	0.0
7399	0.0
7141	0.5
79400	0.0
6246	0.25
10411	0.0
15753	0.0
11563	0.5
62357	0.0
7142	0.814
8155	0.721
68899	0.0
21185	0.5
11591	0.651
12055	0.814
61257	0.0
6270	0.0
7170	0.0
452969	0.0
452968	0.0
7116	0.0
6179	0.0
72051	0.0
13835108	0.143
11424	0.0
4436353	0.2
6296	0.0
15494	0.0
9425	0.0
14530	0.0
21159425	0.0
20124	0.0
15488	0.0
21171393	0.0
29024	0.0
64152	0.0
7926	0.0
77127	0.5
83365	0.0
8277	0.0
62583	0.0
21106529	0.0
7929	0.0
11434	0.0
62453	0.2
61418	0.0
1346	0.0
63533	0.0
60462	0.0
63208	0.0
12697	0.0
1688	0.0
60937	0.5
68404	0.0
21106540	0.0
70085	0.25
10237273	0.0
14340	0.25
7114	0.0
68709	0.0
21106585	0.0
55806	0.0
2973	0.0
13249	0.5
7364	0.0
6855	0.0
13272	0.0
6898	0.25
66847	0.0
15886	0.5
12840	0.0
38364	0.0
14559	0.143
12861	0.0
6620	0.0
1615	1.629
63956	0.0
27488	0.0
61381	0.0
71213	0.0
71964	0.5
15435	0.0
13848793	0.0
10446934	0.0
61542	0.2
6906	0.0
6864	0.0
15489	0.0
13490	0.0
61594	0.0
23083	0.0
70988	0.5
78578	0.0
11449	0.0
14413	0.0
6478	0.0
15418	0.25
54970	0.111
61599	0.0
6907	0.167
25276	0.0
21170959	0.0
6222	0.25
11446	0.0
7174	0.0
63319	0.0
8333	0.167
79481	0.0
60631	0.25
61749	0.814
1278	0.0
91500	0.5
8861	0.0
28829	0.0
8282	0.25
11624	0.721
15517	0.333
18799	0.0
68816	0.5
11399	0.5
4590	0.0
62467	0.0
8071	0.5
62328	0.0
1675	0.651
10025	1.101
84565	0.5
11476	0.814
13048	0.25
29091	0.25
62795	0.0
71934	0.0
7092	0.5
6707	0.945
531832	0.0
434	0.5
66572	0.125
70021	0.0
24438	0.5
6824	0.333
14869	0.0
72291	0.0
9929	0.5
5584	0.945
6854	0.5
61739	0.2
66716	0.5
2632	0.0
655	0.0
34195	0.0
8055	0.0
8111	0.0
84452	0.143
5027	0.0
5237	0.0
13846015	0.0
7069	0.25
67479	0.25
13882366	0.0
7098	0.0
2656	0.0
61311	0.0
21105876	0.0
7097	0.0
10287	0.0
21159574	0.0
22012	0.0
29023	0.0
66369	0.0
7091	0.5
13835351	0.125
71995	0.5
83338	0.0
17879	0.0
20971	0.0
21112533	0.0
76852	0.0
61383	0.0
16951	0.0
11897	0.0
9571	0.5
7325	0.0
12691	0.0
11373	0.5
61273	0.0
10407	0.0
70450	0.0
10425	0.0
10609	0.0
2388	0.0
70652	0.5
21159598	0.0
6716	0.0
9961	0.0
14582	0.0
960	0.5
11898	0.0
11421	1.145
21106172	0.0
6575	0.0
6916	0.167
71926	0.0
73945	0.0
9089	0.0
10289059	0.5
6825	0.0
11961	0.0
19862	0.25
15092	0.5
12524	0.0
12667	0.5
21168862	0.0
71672	0.0
70048	0.0
7311	0.25
62914	0.0
8807	0.0
15105	0.0
21111772	0.0
16208	0.5
6872	0.5
2915	0.0
8099	0.814
67953	0.0
62933	0.25
60263	0.0
19739	1.442
59146	0.5
60357	0.696
2179	1.026
25604	0.0
14585	0.0
19331	0.0
69970	0.0
15998	0.0
10363	0.5
72174	0.0
61561	0.0
63211	0.0
21106171	0.0
6823	0.0
532	1.280
6552	0.25
6033	0.5
2923	0.0
65785	0.5
454393	0.0
73131	0.5
5142	0.5
13846658	0.0
18708	0.721
10256	1.487
9075	0.945
65715	0.0
11580	0.721
6705	0.721
12114	0.0
15308	4.948
68579	0.5
15088	0.5
4444774	0.167
6928	0.5
6550	0.25
11595	0.5
616466	0.0
1103	0.25
19099	1.442
29090	0.0
21168888	0.0
7100	0.0
6655	0.0
12941	0.0
4445872	0.5
13837329	0.2
62501	0.0
7138	0.5
11437	0.0
6781	0.5
7914	0.0
66675	0.0
21169500	0.0
7889	0.0
205386	0.0
21733	0.167
12515	0.0
21170956	0.0
62372	0.5
11899	0.0
5374	0.25
67895	0.0
29002	0.125
21168556	0.0
8836	0.0
16109	0.0
61759	0.167
21106571	0.0
7103	0.333
60596	0.0
8862	0.0
10033	0.5
14414	0.0
11969	0.143
66759	0.0
66460	0.333
6770	0.0
6901	0.0
7119	0.5
61388	0.0
8662	0.0
21111849	0.0
63350	0.25
68350	0.0
70962	0.0
21106124	0.0
12291	0.25
59892	0.0
12696	0.0
19526	0.0
21159439	0.0
8434	0.0
7121	0.5
6757	0.25
70660	0.814
62756	0.0
16096	0.0
6834	0.0
4775	0.0
16644	0.0
7427	0.0
3581	0.0
970	0.0
6840	0.0
13493	0.2
3915	0.2
8860	0.0
11013	0.5
6592	0.0
11447	0.0
5004	0.963
5820	0.0
21106163	0.0
12274	0.25
5899	0.0
60188	0.5
78873	0.0
11475	0.5
6235	1.684
10801689	0.5
10582	0.0
11398	0.5
745600	0.0
9413	0.5
6586	0.5
64143	0.0
328957	0.5
13699	0.0
11974	0.0
17097	0.167
6856	0.5
13693	0.5
21106365	0.0
5606	0.5
12275	0.0
18	1.640
67788	0.0
5612	0.5
10986	0.651
12236	0.5
61560	0.2
61352	0.25
6845	0.111
8182	1.442
21171396	0.0
11472	0.0
24499	0.0
61101	0.0
21106146	0.5
6768	0.0
60012	0.0
7284	0.0
13856885	0.5
19816	0.0
6386	0.5
68220	0.0
28952	0.125
8058	0.25
6771	0.0
21159597	0.0
2991	0.0
12017	0.0
67790	0.0
72806	0.646
7120	0.5
13863774	0.5
74935	0.125
12307	0.0
62631	0.0
16896	0.167
10235	0.0
69150	0.0
6746	0.0
23472	0.0
5091	0.5
13090	0.0
24905	0.0
12100	0.0
7118	0.5
7355	0.0
7296	0.0
10664	0.814
123905	0.0
454604	0.5
61717	0.0
9886	0.0
955	0.721
7145	0.5
12864	0.0
8793	0.0
1118	0.0
65703	0.814
63555	0.0
453633	0.5
6601	0.5
2980	0.5
165975	0.167
453910	0.5
512092	0.0
2372	0.333
9779	0.5
16612	0.1
66916	0.0
61264	0.5
11614	0.1
71166	0.0
8470	0.0
2169	0.0
11982	0.5
200562	0.0
70280	0.5
10778469	0.5
15983	0.595
67282	0.814
9838	0.0
5816	0.0
27057	0.2
7268	0.125
10289	0.721
63453	0.25
56797	0.0
1061203	0.0
14760	0.651
8310	0.945
11443	0.0
18177	0.595
24341	0.721
9109	0.0
59462	0.091
7758	0.091
13836549	0.0
6420	0.5
59526	0.0
8463	0.0
61280	0.5
7162	0.5
67007	0.077
62931	0.0
68907	0.0
12499	0.0
12249	0.721
21170967	0.5
8045	0.25
7909	0.0
21171999	0.0
61475	0.5
8118	0.0
12072	0.0
21111786	0.5
9554	0.0
61569	0.0
7275	0.0
14360	0.167
12071	0.5
6576	0.0
74932	0.0
7207	0.143
61399	0.0
9824	0.0
21106020	0.5
64618	0.0
13073	0.25
11290	0.5
62486	0.651
10824	0.5
10034	0.360
10833	0.5
15216	0.0
81679	0.0
7166	0.5
63538	0.5
284177	0.0
6846	0.0
64166	0.111
65903	0.0
21171513	0.5
66547	0.721
453123	0.167
12213	0.861
7163	0.5
1441	0.5
3542441	0.5
13863300	0.143
5555	0.5
9856	0.5
15474	0.0
2016563	0.0
7203	0.5
15796	0.0
6751	0.0
6857	0.5
11516	0.2
5532	0.5
6900	0.0
6642	0.0
7125	0.5
70500	0.5
5562	0.5
8054	0.5
67230	0.550
67257	0.0
15359	0.0
2063	0.814
9572	0.5
6797	0.0
9946	0.0
6593	0.0
9826	0.5
66528	0.5
61789	0.5
3229	0.0
13856959	0.0
76286	0.0
7201	0.5
15636	0.0
13927	0.0
483123	0.945
21105887	0.0
7830	0.0
10408	0.0
9535	0.0
6484	0.5
21106127	0.5
6709	0.5
75176	0.5
12523	0.0
68247	0.0
62332	0.5
11900	0.0
70915	0.5
62289	0.2
7214	0.5
15471	0.0
62361	0.0
11468	0.0
7202	0.5
13853943	0.5
10035	0.5
12681	0.0
7292	0.0
74171	0.5
75956	0.0
7315	0.0
105768	0.5
15161	0.0
306959	0.0
58578	0.0
18227	0.5
70806	0.0
16310	0.5
3924	0.125
9219	0.0
66512	0.0
526	0.651
13925	0.0
7167	0.5
65693	0.0
27749	0.0
1484	0.0
2356	1.684
8057	0.25
6610	0.25
7060	0.5
8030	0.5
11593	0.5
61517	0.814
7313	0.0
60933	0.5
610932	0.0
525531	0.5
10274392	0.0
3008	0.0
6546	0.5
4029	0.721
8459	0.0
13924	0.0
12670	0.75
2621	0.0
4233	0.5
63515	0.25
1540	0.0
15683	0.0
2359	0.0
6837	0.945
9073	0.945
17440	0.945
4959	0.945
17704	0.721
15113	0.0
61086	0.5
61785	0.0
63077	0.0
6725	0.5
21106036	0.5
8567	0.0
13865683	0.2
62479	0.721
3395	0.0
13853953	0.5
9549	0.945
8086	0.945
21106095	0.5
10864	0.5
7171	0.167
11972	0.143
21106013	0.5
61281	0.5
12263	0.945
6508	0.0
11901	0.0
10834	0.0
13721	0.0
3005	0.0
60006	0.5
11249	0.0
11429	0.814
7148	0.5
120011	0.945
25605	0.0
10378	0.0
11641	0.0
28714	0.5
9130	0.0
61087	0.5
13422	0.646
62928	0.5
9569	0.5
2066	0.0
9515	0.5
13887609	0.75
13697	0.0
2384	1.101
61672	0.5
13075	0.0
2695	0.5
9442	0.721
13707	0.0
15724	0.0
2661194	0.945
6229	0.75
8106	0.0
10181821	0.0
14688	0.0
2848685	0.721
2673	0.0
5739	0.0
5561	0.5
12680	0.5
2745027	1.432
6753	0.0
62668	1.301
13105	0.0
5686	0.0
14810	0.5
4286892	0.5
9873	0.0
523754	0.0
60090	0.5
14584	0.0
2424	0.25
6468	0.333
1909	0.651
70071	1.301
4740	0.25
12329	0.0
59885	0.25
7274	0.0
72680	0.75
29135	0.0
11397	0.721
10630	0.814
11581	0.5
11427	0.5
59403	0.595
7169	0.721
69973	0.5
11146	0.0
21168823	0.5
25097	0.5
10426	0.0
6838	0.0
8331	0.0
61014	0.5
7923	0.5
63718	0.0
6858	0.5
61148	0.167
6763	0.0
10848	0.25
59487	0.0
10633	0.0
6714	0.945
63567	0.0
10619	0.721
11279086	0.945
13323	0.0
62363	0.0
11967	0.5
9206	0.0
11577	0.721
11428	0.5
67597	0.5
63320	0.5
11582	0.5
6713	0.5
21272	0.5
58568	0.0
60158	0.5
29117	0.5
8366	0.167
12355	0.0
8254	0.655
57727	0.0
18409	0.5
4596	0.25
2468	0.0
3214	0.125
7260	0.0
3215	0.5
7210	0.5
10618	1.221
967	0.0
2272143	0.5
61540	0.2
5129	0.945
12057	1.442
6213	0.75
6438	0.25
84451	0.0
13837584	0.091
62340	0.814
21106035	0.5
21106576	0.5
5399	0.25
67212	0.0
12504	0.5
21111865	0.5
6588	0.5
11902	0.0
11567	0.5
4471	0.25
12722	0.5
86040	0.0
6783	0.0
20311	0.25
70990	0.5
528656	0.0
21106145	0.721
21106581	0.651
11267	1.684
11395	0.5
59164	0.0
69450	0.5
11337	0.5
64012	0.0
10284	0.0
226885	0.0
8329	0.333
12339	0.0
10230	0.0
9805	0.0
12874	0.0
8800	0.0
62303	0.5
61150	1.629
60173	1.285
3613	0.5
8104	0.0
17162	1.375
69027	0.5
6220	1.145
305	5.065
3300	2.586
71976	0.5
8816	0.0
11594	0.651
6848	0.0
4819	0.0
5882	1.301
2068	0.25
13835294	0.2
6639	0.0
2911	0.5
21106178	0.25
60889	0.5
85490	0.25
6899	0.25
69290	0.651
7037	0.0
11903	0.0
8188	0.651
59546	0.333
62472	0.721
11283	0.0
62389	0.0
6381	0.5
10169	0.0
11586	0.651
13066	0.5
63522	0.721
11277	0.5
14613	0.0
8298	0.5
9192	0.0
6554	0.814
4575	0.75
13133	0.0
12858	0.5
6221	0.75
6767	0.0
62751	0.0
62493	0.5
28947	0.651
6371	0.1
9002	0.721
2079	0.75
15702	0.0
6515	0.2
65700	0.0
5145	0.5
77916	0.0
31144	0.0
6505	0.333
8846	0.0
2951	0.945
7407	0.595
58587	0.5
20277	1.629
11359	0.0
56177	0.0
10243	0.0
15403	0.0
5026	0.5
59971	1.533
9394	0.5
86894	0.333
9438	0.5
70319	0.5
21106111	0.721
26691	0.5
5363	0.0
7177	0.651
21106574	0.5
2607	0.5
12018	0.0
11308	0.5
2181	0.0
74123	0.595
25957	0.0
13959	0.0
11276	0.5
60100	0.0
6514	0.2
142204	0.5
11618	0.0
2387	0.75
17967090	0.0
8183	1.442
11202219	0.721
120096	0.2
6080	0.0
10616	1.629
14952	0.0
8799	0.0
16359	1.442
4599	0.75
11178542	0.814
7044	1.442
62381	0.0
2457	0.0
2075	0.0
6447	0.2
6927	0.5
2283	0.2
8067	0.0
13909	1.442
9832	0.25
9522	0.0
8181	0.721
7289	0.071
149513	0.814
46739	0.0
59020	0.0
62963	0.0
3345	0.5
59928	0.0
60047	0.0
10490	0.0
85216	0.0
63738	0.25
21106506	0.0
3871	0.0
6369	0.5
55194	1.432
65061	0.0
15089	1.301
3009396	0.814
224468	0.167
2626	0.945
5304	0.945
5507	0.0
194210	0.721
9189	0.945
9697	0.167
11338	0.5
62252	0.5
5138	0.5
10871	0.333
5632	0.75
2849	0.5
1611	0.0
3218	0.814
7152	0.5
62362	0.651
5376	0.0
8253	1.758
4268	0.945
7042	2.252
62477	2.196
62098	0.0
6454	0.2
7108	0.5
7259	0.0
9894	0.0
6389	0.0
2629	0.0
15596	0.5
10542	0.0
79719	0.5
27183	0.5
22739	0.0
12310	0.814
69703	0.0
10257	1.629
62663	0.0
4735	0.0
68030	0.626
62525	0.0
16358	1.629
7168	1.301
4024	0.0
4317	0.143
7975	0.75
6453	0.2
6215	0.0
3762	0.0
1991	0.651
6442	0.0
10081	0.75
2246	0.0
21360	1.301
2117	0.655
65974	0.167
8105	0.0
1998	0.0
8235	0.2
8274	0.5
8804	0.0
9795	1.301
5134	0.5
8788	0.0
70514	0.5
63117	0.0
18924	0.0
62965	0.0
10452	0.0
455964	0.0
642951	0.721
67593	0.0
6214	0.0
48119	0.0
62966	0.0
8252	0.655
7258	0.0
6373	0.5
9190	0.5
11200	0.0
27486	1.026
12549	0.0
2297301	0.25
10554	0.75
13985	0.5
4444448	0.943
8151	0.5
13329	0.75
3987	0.5
7370	0.2
5786	0.0
4582	0.0
12336	0.2
6057	0.0
66909	0.0
11274	0.5
11297	0.0
24722	0.0
525308	0.077
7211	1.301
5571	0.0
5163	1.191
18716	1.442
4742	1.301
6433	1.293
62265	3.432
6517	0.2
11269	0.2
19663	1.629
29150	0.2
62754	1.167
4444926	0.655
15020	0.25
8163	1.442
11320	1.442
8150	1.442
64045	0.0
59976	0.0
63122	0.25
13777	1.432
28425	0.550
63119	0.0
4453	0.5
6764	0.0
14285	0.721
11286	1.365
8023	0.25
7358	0.143
66396	0.0
7988	0.0
11906	0.0
60886	0.0
7172	1.442
6216	0.0
64830	0.25
69366	0.333
13352	0.0
58910	0.0
62338	3.138
3208	0.5
49895	0.5
5302	0.945
60518	0.842
3765	0.0
63757	0.0
2034	0.0
21106037	1.442
11390	1.629
15010	0.5
2447	0.0
4617	0.25
64003	0.651
77934	0.5
4518	0.0
5740	0.721
11571	1.442
5131	0.721
5165	0.5
7045	1.442
5531	0.651
10442628	0.0
4444935	1.291
10085	0.333
13868426	1.442
6520	0.2
3228	0.0
6830	0.991
3508	0.167
2928	0.0
60108	0.125
63575	0.595
6464	0.5
2710	0.0
2839	0.143
14916	0.721
65648	0.0
8353	0.0
10009	0.0
11917	0.0
21106505	0.2
191496	0.2
60919	1.442
18983	0.0
21242790	1.442
4586	0.0
2810	0.0
11325	1.442
11271	1.442
1912	1.221
61577	0.0
14430	0.0
3521	1.442
9815	0.0
7970	0.0
67509	0.0
14979	1.442
17987	1.442
38123	0.945
3322	1.442
4478521	0.655
62645	0.0
64377	0.0
4433	0.0
10259	3.138
11387	3.138
4355	2.076
10442653	1.451
7155	3.114
11310	1.301
10248513	0.0
59493	0.0
73276	0.0
15209	1.442
66498	0.1
29343	0.0
3472	0.167
48922	2.076
4600	0.348
29156	1.316
6232	0.861
10696	0.0
61266	0.0
21965	0.0
62468	2.076
59489	0.0
3438	0.111
5437	0.25
3584	0.651
15968	0.375
11309	2.252
13153	1.442
11380	4.424
62217	0.348
31872	0.125
64024	1.101
14960	0.0
5075	0.1
9426	1.442
2562	0.5
8177	3.114
8073	3.114
6688	4.424
4514715	0.382
15521	0.091
3039	0.083
2160	0.0
68961	0.0
24584	0.410
68224	0.0
15484	0.0
13842838	7.729
1904	1.049
3618	0.0
13764	0.0
9180	0.5
3368	1.033
258050	0.0
7974	0.910
29054	0.348
9018	0.0
30913	1.442
5423	0.550
9028	2.718
2867	2.602
10581	0.874
10674	0.410
5515	0.890
6208	0.910