Compound Id	ChiPathCluster [SPC-4]
291	0.0
6084	0.0
11148	0.0
855	0.0
864	0.0
6089	0.0
6088	0.0
6094	0.0
6085	0.0
6103	0.0
7956	0.0
682	0.0
6100	0.0
6087	0.0
654	0.0
6101	0.0
6086	0.0
7954	0.0
6097	0.0
7555	0.0
1004	0.0
172	0.0
6092	0.0
7560	0.0
11729	0.0
31029	0.0
6102	0.0
5834	0.0
10046	0.0
7556	0.0
9644	0.0
11151	0.0
7712	0.0
6111	0.0
10437	0.0
3168	0.0
7721	0.0
6114	0.0
13837190	0.0
9233	0.0
7577	0.0
21171407	0.0
7566	0.0
258	0.0
13835977	0.0
6093	0.0
7728	0.0
512	0.0
21106015	0.0
7716	0.0
9990	0.0
13836021	0.0
6106	0.0
7713	0.0
21106179	0.0
13836674	0.0
6124	0.0
11835	0.0
7714	0.0
7553	0.0
1114	0.0
7732	0.0
11833	0.0
7711	0.0
6138	0.0
7717	0.0
7557	0.0
11807	0.0
7786	0.0
11834	0.0
256	0.0
7767	0.0
8894	0.0
3644	0.0
7559	0.0
11830	0.0
7567	0.0
7734	0.0
6040	0.0
7776	0.0
12977	0.0
13865015	0.0
9354	0.0
12450	0.0
693	0.0
278	0.0
13835550	0.0
13835336	0.0
10694	0.0
9480	0.0
11723	0.0
6308	0.408
64095	0.204
11099	0.0
7957	0.0
11109	0.0
12209	0.0
6121	0.0
6108	0.0
7737	0.0
7827	0.0
14512	0.408
8543	0.0
7770	0.0
1095	0.0
6104	0.0
12011	0.0
175	0.0
8896	0.0
7782	0.0
7772	0.0
8560	0.0
31016	0.0
6310	0.408
7738	0.0
7815	0.0
12010	0.0
9630	0.0
2916	0.0
7739	0.0
13839553	0.0
7736	0.0
7811	0.0
171	0.0
659	0.0
11728	0.0
173	0.0
2006126	0.0
11167	0.0
10765	0.408
7604	0.289
221079	0.493
7024	0.408
11110	0.0
10730	0.0
10766	0.408
8544	0.0
10113	0.408
68268	0.0
11121	0.0
6307	0.408
29000	0.289
13854808	0.577
6127	0.0
62433	0.577
6125	0.0
11125	0.0
72268	0.204
62241	0.408
10340	0.408
6321	0.408
11871	0.0
7810	0.0
11846	0.0
13836399	0.0
6311	0.408
6313	0.408
21168808	0.408
5993	0.408
13837112	0.204
349	0.0
19100	0.0
8554	0.0
10018	0.0
1020	0.0
13837650	0.0
7837	0.0
2275	0.408
1005	0.408
7835	0.0
13854130	0.0
7791	0.0
13837537	0.0
6336	0.408
236	0.0
11832	0.0
7787	0.0
7551	0.0
29015	0.0
13835209	0.0
8903	0.0
6334	0.408
13837702	0.0
8904	0.0
11229	0.408
7790	0.0
60524	0.408
13420	0.408
121383	0.0
6330	0.408
10951	0.408
1913	0.408
13835459	0.0
10020	0.0
6134	0.0
3530	0.408
6153	0.0
11232	0.408
14893	0.408
12201	0.289
6309	0.408
14686	0.493
12446	0.289
81237	0.408
12430	0.577
7674	0.408
14966	0.577
11551	0.612
11094	0.289
8158	0.612
11222	0.408
9484	0.0
122546	0.289
7605	0.289
76541	0.0
7788	0.0
15221	0.0
7833	0.0
8569	0.0
1108	0.408
21106561	0.0
10653	0.577
11128	0.0
8525	0.289
10536	0.0
7607	0.289
13839107	0.0
11865	0.0
13839199	0.408
13839575	0.0
11866	0.0
5977	0.0
7856	0.0
7715	0.0
11863	0.0
6305	0.408
7849	0.0
10498	0.0
7852	0.0
11874	0.0
6323	0.408
7838	0.0
7016	0.577
10733	0.0
13835401	0.0
29101	0.408
7710	0.0
7688	0.408
119963	0.408
21106520	0.408
7677	0.408
13839441	0.0
9646	0.0
932	0.0
13835180	0.0
259	0.289
7851	0.0
6147	0.0
11526	0.577
13874733	0.408
11750	0.289
6333	0.408
6146	0.0
13835604	0.0
67424	0.408
13884495	0.0
68156	0.0
61471	0.0
5439	0.289
10772140	0.408
72718	0.577
6331	0.408
4200	0.408
10464	0.289
1143	0.0
11787	0.408
62181	0.408
1664	0.408
234	0.289
61632	0.0
6148	0.0
84221	1.030
67620	0.493
6340	1.333
18792	0.612
121154	0.289
11086	0.408
121113	0.493
15438	0.433
454272	0.289
121640	0.805
14751	0.493
14672	1.061
11106	0.289
21073	0.289
6163	1.061
7219	0.493
7706	0.289
126201	0.289
21106560	0.493
2803	0.408
29025	0.0
10465	0.289
21105905	0.493
7022	0.577
7463	0.493
7244	0.493
7242	0.493
55123	0.0
7850	0.0
11095	0.289
11025	0.493
13840	0.408
11838	0.0
29026	0.0
7878	0.0
11029	0.408
21106032	0.0
7238	0.493
30349	0.289
6326	0.408
7701	0.289
13872667	0.577
14840	0.0
13851383	0.493
59607	0.408
10054	0.0
6967	1.138
12814	1.138
14349	0.0
7026	0.408
7765	0.0
10053	0.0
6165	1.061
69736	0.493
8574	0.0
6170	1.061
8909	0.0
733	0.577
60839	0.0
21997	0.493
15117	0.0
13835861	1.061
13835772	1.138
14608	1.138
13835579	0.0
10328	1.138
13839416	0.0
69525	0.493
6164	1.061
10988	0.493
21106481	0.0
18801	0.0
61810	0.289
737	0.408
5050	0.408
4418329	0.493
773	0.0
2070	0.408
3596	0.408
11795	0.289
13220	0.0
10775	1.333
10755	1.707
16689	0.289
11055	0.75
7619	0.471
10737	1.061
69505	0.433
11056	0.75
7385	0.433
14752	0.433
7475	0.408
7761	0.289
10777	1.333
63026	1.138
7626	0.471
17558	0.289
12924	1.061
7515	0.493
10776	1.333
55090	1.061
21106526	0.0
7027	0.408
8490	0.493
14679	1.207
12809	0.0
13864773	0.289
7387	0.433
11998	0.742
11763	0.742
6119	0.0
21170543	0.433
8141	0.408
12810	0.0
21106016	0.0
6341	1.333
13860641	1.069
10364	0.493
21106583	0.0
9614	0.408
16268	0.0
7514	0.493
13875281	1.138
15846	0.0
11170	0.0
8157	0.612
11087	0.408
7391	0.433
13875320	1.138
13619	0.0
7465	0.493
6248	1.707
55085	0.289
29036	0.0
15480	0.0
5889	0.408
8552	0.289
55110	0.433
21106133	1.061
13860775	1.069
7882	0.0
13838404	0.0
8576	0.0
11909	1.061
11875	0.0
19231	0.493
7678	0.408
11530	0.408
361265	0.433
62737	0.0
447	1.069
15443	0.493
66464	1.207
6728	1.069
971	0.408
62577	0.742
66754	0.742
10301338	0.408
12640	0.408
21069	0.289
10008	0.408
177126	1.061
21111768	0.408
87514	0.742
10989	0.493
2016737	0.408
7225	0.493
8524	0.289
1013221	0.742
11107	0.289
21349	0.0
2005898	0.408
8537	0.408
5978	0.0
1477	1.707
11694	0.408
6332	0.408
2005963	1.138
7690	0.408
7683	0.408
13835293	1.707
61707	1.333
2005897	0.408
12225	0.408
66578	0.577
11244	1.333
1414905	0.742
60308	0.742
26072	1.634
12444	0.75
17801	1.707
10759	1.457
15794	0.471
11064	0.75
11370	1.138
18604	1.040
6149	0.0
66568	0.493
6156	0.0
7334	0.433
10420	0.408
13400	2.030
7419	0.433
25609	0.408
10571	1.276
14729	1.138
7621	0.471
21111805	1.069
10534	0.0
70705	0.289
14753	0.433
12807	0.289
7627	0.471
11410	1.069
21111882	1.069
21132380	0.742
13839109	0.289
13471	1.020
7672	0.408
7641	0.742
7689	0.408
7676	0.408
21106169	1.061
13863629	0.493
11062	1.207
13248	0.0
6042	0.0
8335	1.040
7673	0.408
13860692	0.742
10001	0.471
7881	0.0
11655	0.433
11783	0.408
11765	0.742
13856579	0.408
28777	0.493
7802	0.289
67360	0.0
13860335	0.493
11210	2.030
7890	0.0
11077	0.742
7803	0.289
7229	0.493
13842613	0.742
13835895	0.0
7883	0.0
630	1.333
9349	0.816
11862	0.0
21106134	1.069
13876621	0.0
13881329	1.069
9917	0.408
21105871	0.742
1031	1.333
7521	0.816
7235	0.493
6726	1.069
1071	0.0
11063	1.207
287294	0.289
60121	1.020
59438	0.816
12150	0.0
12144	0.408
61553	1.069
7611	0.289
14991	0.742
59556	2.030
13835151	0.816
9350	0.816
13844	0.493
96573	0.493
11066	0.289
62628	0.0
9357	0.289
66996	0.408
14609	0.816
10432	0.816
1479	0.742
7610	0.289
11708	0.816
10467	0.471
8882	0.866
7651	0.742
764	0.816
653	0.471
392	0.816
24633	0.837
9611	0.289
5705	1.138
11757	0.471
69826	0.642
13450	0.577
7747	0.577
11603	0.837
7628	0.471
7694	0.408
7065	1.207
13837280	0.408
16383	0.289
8568	0.289
7794	0.577
24634	1.207
21105900	0.901
8514	0.493
14205	1.069
11660	0.901
19110	0.433
15432	1.069
11741	0.75
21896	0.289
13875230	0.742
6406	1.276
13840690	0.493
11041	0.816
17474	0.742
13875392	0.742
7891	0.0
12067	0.577
13402	2.121
16486	0.493
6252	1.707
6135	0.0
10236	1.734
9228	0.816
5730	0.0
8160	0.813
13673	0.433
13875180	0.816
7013	0.577
7224	0.493
11180	2.598
12221	0.0
7392	0.433
7903	0.0
63871	0.289
11882	0.0
21106525	0.901
13851576	0.493
7893	0.0
7894	0.0
19108	0.0
13869480	0.837
924	1.040
13840647	1.734
13875160	0.816
6409	1.734
6654	1.040
11057	0.75
6630	1.734
62314	1.734
59426	0.901
370	0.289
7007	0.577
17221	0.433
14890	0.805
7901	0.0
78543	1.634
13875258	0.816
7241	0.493
13849	1.040
9563	1.478
15708	0.408
13875432	0.742
21111781	1.040
14436	0.408
13875219	0.816
7795	0.577
21106513	0.577
28982	0.901
18685	0.0
13839174	1.734
78	0.493
13860491	1.478
62877	0.901
13868660	0.816
8665	0.901
13869414	0.901
11021	0.901
7519	0.816
13842573	0.816
11242	1.333
333	1.734
7480	0.408
13869339	0.816
62226	1.707
13839151	1.734
59439	0.816
7236	0.493
11038	0.816
6991	1.478
16257	1.040
13646	1.040
11350	1.734
7634	0.742
9849	1.040
10955	0.742
6983	1.478
10251740	1.040
6652	1.040
1131173	1.138
9546	1.040
7632	0.742
1013196	0.408
23718	1.276
11179	2.598
10795	1.821
10445	0.816
10742	2.937
7657	0.606
6338	0.408
8659	0.433
7248	0.837
8531	0.933
11818	0.577
61026	0.0
10428	0.408
10253	1.498
11911	1.061
11790	0.408
13040	1.574
7509	0.408
13473	0.841
12829	1.409
21242799	0.901
13451	0.577
14888	1.418
6176	2.598
8013	1.276
13032	1.687
21106562	0.901
7448	0.986
21168731	1.138
13875381	1.734
61200	0.901
7879	0.0
11607	0.837
13839308	0.433
7129	1.040
16887	1.540
8579	0.0
7900	0.0
7744	0.577
11879	0.0
6628	1.734
21106155	0.841
21111850	0.901
11883	0.0
7866	0.289
13881571	0.901
9360	0.742
14787	1.040
12451	0.577
13856009	1.040
13848467	0.433
8138	1.233
9326	1.138
13644	1.040
6677	1.498
70682	0.0
72625	0.901
7132	1.040
13835630	0.433
12060	0.841
66344	0.901
6990	1.478
21105859	0.986
6985	1.478
66551	0.408
8098	0.943
74169	1.478
191427	0.841
21106167	0.901
7135	1.040
11091	0.577
6277	1.634
207215	0.933
7915	0.0
6177	2.598
13861	0.901
21168837	0.742
15526	0.289
13033	1.687
67466	0.943
7388	0.433
14165	1.478
10649	1.276
13866817	0.816
7635	0.742
14163	1.478
21111896	1.040
4642	1.040
11500	1.138
25942	1.418
21105878	0.986
5704	0.943
8911	0.0
25757	0.816
65689	1.478
13836283	0.742
16011	1.478
6253	1.207
24133	1.440
16237	0.742
60497	0.553
11651	0.841
7518	0.816
21106018	1.478
60662	0.816
73531	0.992
63882	1.734
12823	0.901
34095	0.0
56234	0.901
63307	0.901
87265	0.901
21844	1.478
12821	0.837
11181	2.598
521915	0.837
22006	1.478
12822	0.901
13868640	0.816
63180	1.418
9964	0.841
8852	0.943
10471	0.742
16931	1.409
13837582	1.138
13837760	1.138
5975	0.742
4878	0.742
12478	0.901
123	0.901
11022	0.986
8528	0.742
11080	0.742
68939	0.901
68309	0.691
63658	1.138
14346	1.040
68282	1.440
5408	0.841
5596	1.138
11489	1.233
62546	0.691
1017	1.040
13421	1.537
26065	2.714
21998	1.207
26066	1.550
7581	0.816
17976	1.039
26068	1.946
7580	0.816
15532	1.498
9478	0.577
13231	0.433
21106102	0.911
63017	0.289
9903	0.943
73565	1.537
7511	0.408
21106174	1.0
7659	1.0
6977	1.478
13865426	0.606
6794	1.040
20521	0.433
5931	1.207
21106522	0.943
21111905	1.478
6883	1.089
13622	0.0
13869451	0.742
11073	0.742
9328	1.478
6143	0.0
21111798	1.0
7908	0.0
13870160	1.292
12061	0.433
11930	1.821
21105937	0.986
21171406	1.138
17428	1.138
61765	1.089
6974	1.138
31931	1.734
11511	1.478
13438	0.816
15431	0.901
11517	1.410
13837686	1.138
13854818	1.440
10935	1.138
21106578	1.0
11885	0.0
37466	1.707
67735	0.493
17383	0.577
60103	1.089
7871	0.289
23643	0.0
13869434	1.478
12972	0.408
11432	1.292
26091	1.418
13860633	0.742
81759	1.505
6881	1.089
7961	1.061
13839123	1.478
21168833	0.433
29080	1.207
7437	0.901
9910	1.478
21111816	1.138
8873	0.943
6951	0.943
13875441	0.742
2863	0.289
13626	1.207
6788	1.292
11485	1.020
19037	0.289
11433	1.292
477171	0.289
7917	0.0
72054	1.639
21111785	1.089
17163	0.433
69446	0.841
13254	0.493
10790335	2.598
21106019	0.901
8319	1.440
63447	0.837
126037	0.841
20151	1.409
21159424	1.418
6774	1.639
10857	1.734
69896	0.781
21112332	0.986
61802	0.901
13839110	1.0
2005824	0.408
9564	1.478
6988	1.478
6633	1.734
24729	0.841
100	0.837
26031	0.75
13839128	1.478
75563	1.138
10181341	0.642
6160	1.061
11460	1.089
15420	1.390
60129	1.409
4962	1.069
9908	1.478
96816	1.069
11663	0.901
72534	0.837
12173	1.333
8876	0.943
8070	1.498
13839080	1.0
6790	1.292
11662	0.901
56139	1.514
880	0.642
5242	0.742
10250	1.040
4963	1.498
10254	1.498
589165	0.642
12480	1.0
1013337	0.742
3635	1.089
20732	1.040
61354	1.0
60191	1.040
352	1.0
9612	0.742
6191	4.5
14830	1.707
18688	2.235
13038	1.106
11919	2.121
7507	0.697
7183	1.449
10355	1.390
7088	1.862
6287	1.436
13850405	0.722
21106521	1.069
6342	1.333
13861934	1.061
17481	1.862
6998	1.138
3973	2.937
60340	0.289
8097	0.943
13857694	0.742
73564	1.207
13875377	0.742
13837988	1.138
10239201	2.598
6780	0.943
12230	1.138
13848808	1.569
13063	1.387
9844	2.341
24142	0.0
6949	0.943
13861158	1.040
16377	1.020
7916	0.0
21105936	1.418
13875212	1.138
62402	1.020
21171515	1.478
61797	0.433
67462	0.813
21105889	0.926
10540	0.0
13848341	0.986
21153	0.289
29031	0.0
25119	0.841
13858096	1.569
11650	0.841
14507	0.841
75479	1.390
10648	1.409
7888	0.289
1072	0.0
21106470	0.943
211145	0.841
60136	1.478
15310	1.687
61428	0.943
11556	1.862
21168838	0.933
81705	1.292
12465	1.138
21105848	1.639
21109330	4.5
13837787	1.498
4209	1.540
9327	1.478
11891	0.0
21111804	1.518
8855	0.943
25968	0.841
13013	1.138
65745	1.069
10333	1.138
21111842	0.837
21394	1.440
13864445	1.734
70868	0.742
14390	1.292
221355	0.837
62582	0.933
7185	1.449
124526	0.926
62368	1.040
28973	0.841
16094	1.138
26799	1.069
21111774	0.866
61036	2.598
6852	1.387
62581	0.933
6999	2.154
17687	1.089
65682	1.069
10831	1.945
13860434	1.514
72056	0.0
7143	1.390
70511	1.514
16095	0.742
61585	1.292
32002	0.933
11413	1.069
72416	1.734
10892	1.488
11185	4.5
59433	0.986
10004	0.742
8867	0.943
21105795	0.837
1668	1.478
97850	1.687
10298354	1.234
21105699	0.943
4489	0.816
11673	0.986
238	1.040
2241	1.040
7951	0.722
911	1.040
13262	1.0
993	1.040
6995	1.478
21125563	0.986
6674	1.498
69983	1.478
8066	1.734
2015070	1.498
62423	1.138
58489	0.0
1078	0.577
70865	2.999
11477	1.234
11672	0.986
913	1.040
3268	1.478
10796	1.821
26070	3.976
12199	1.061
387	1.333
7073	1.496
15468	1.213
13439	1.061
7670	0.805
21105987	0.722
6656	2.202
13885245	0.777
13837281	1.333
7876	0.289
13882337	1.040
21106517	1.478
11412	1.069
26801	2.094
21159680	1.449
9078	1.440
83703	4.548
13876103	1.454
59482	1.020
6657	2.202
12044	1.440
21105867	2.126
11889	0.0
21106014	1.069
21106112	1.5
21111819	0.837
21108245	1.558
67835	0.926
17019	0.0
60586	1.439
21111817	1.069
21171496	1.478
11892	0.0
10800462	2.598
10771160	0.289
61434	1.390
21105932	1.533
69057	1.410
16685	1.514
6862	1.328
63909	2.648
11510	1.478
85185	1.734
21865	0.837
6479	1.440
64147	0.433
21106008	1.485
8140	1.478
3756	0.289
62236	1.207
20548	1.518
12818	1.069
15622	0.841
71784	1.0
13869655	1.478
18707	1.478
4611	0.722
11778	1.0
69628	1.478
13873600	1.449
15440	1.069
9900	1.387
68896	1.0
10772050	2.598
65	1.478
15317	0.841
6954	1.233
13667	1.292
11970	0.943
60848	0.0
13860817	1.478
12229	0.408
12675	1.387
11083	1.0
10881	1.440
97904	2.235
6481	1.540
13875161	2.154
6621	1.440
11327	2.067
1847	1.440
14836	0.408
8154	1.465
11509	1.478
13869661	1.505
63459	1.440
65701	1.449
10322	1.234
71655	1.390
62466	1.390
6739	1.440
6480	1.440
723	0.577
21106518	1.390
64111	1.418
7189	1.449
11417	1.440
7140	1.390
67879	1.418
11263	1.537
21106017	2.006
10895	1.292
8341	1.292
63931	1.440
7589	1.045
13835557	1.734
6943	1.409
62682	0.722
7797	0.577
29129	1.734
62532	0.642
3708	1.574
8438	1.574
64644	1.449
58563	1.449
62485	1.449
7190	1.449
68568	1.449
953	1.449
6787	2.015
132	1.449
571424	1.047
58968	1.0
9128	1.449
11588	1.449
452568	1.821
7090	1.862
21171506	0.805
10245	2.006
13865630	0.816
11246	2.295
7430	0.433
13448	1.5
21111758	1.485
12831	1.449
14942	0.433
6735	1.440
62359	1.681
21108549	2.154
7847	0.493
12674	0.943
62938	1.405
20140	1.498
10273	1.440
15644	1.390
11824	0.986
61196	1.449
21723	0.0
66365	0.777
62618	0.577
73658	0.866
7921	0.0
13867055	0.577
11304	1.945
13835126	1.449
69792	1.0
21111776	1.020
13881395	1.478
78722	1.514
21170125	1.478
33137	0.777
11145	0.0
6574	1.429
73537	1.213
14309	1.478
7175	1.498
13859497	1.387
14956	1.574
1306	1.429
13835344	1.533
13258	0.742
17720	0.0
33621	1.106
66385	1.440
11507	1.478
12013	0.289
6023	1.089
7186	1.449
776	0.943
21111723	1.319
62471	1.438
10303	1.089
14348	0.0
258907	1.369
10894	1.292
21159611	0.841
14918	1.409
12690	0.408
61763	0.943
19669	1.429
60464	1.436
60093	1.425
7662	1.0
53706	0.722
11332993	0.987
21106121	1.360
13868642	2.154
6828	0.943
70309	0.813
13867714	0.943
10248	2.006
79453	1.438
12669	1.793
59562	2.154
6878	1.089
7199	1.533
21112367	0.933
39404	1.106
9454	1.050
9218	0.987
11781	0.805
17347	1.862
11638	0.722
7740	1.5
217532	1.050
70512	1.387
12244	2.006
60032	1.040
62536	0.866
72274	1.418
6950	0.943
18107	0.722
11971	1.418
8998	1.418
1928	0.577
10977	1.485
91446	1.040
11585	1.498
11589	1.533
62484	1.498
63310	2.341
11776	1.0
23422	2.937
10380	0.862
7176	1.498
8382	1.233
88942	1.485
638258	0.862
13036	1.233
6724	1.838
11289	2.125
11626	0.987
13846959	1.449
10396	0.722
10243171	1.050
124	1.050
191	0.577
9225	1.050
81061	1.390
10972	1.390
11369	2.006
11773	0.933
10297844	1.050
6482	2.125
11576	2.126
10256859	1.533
73183	1.721
68122	2.126
5593	0.943
11587	1.449
608157	1.233
68837	1.533
5878	1.582
10181338	1.533
13257	0.816
62884	1.449
75095	1.533
1446	1.838
20160	1.498
62307	1.721
2005830	1.0
6079	1.449
10980	1.449
13866746	2.887
61190	2.270
31082	2.214
58333	0.722
6942	1.409
7301	0.813
21112244	2.006
63002	0.816
12045	1.292
15603	0.813
7300	0.813
8187	1.449
15410	1.940
67145	0.813
63057	2.270
7925	0.0
21111810	1.734
62633	0.0
7302	0.813
11372	1.040
67268	1.540
16913	0.0
67803	1.351
11573	1.438
11895	0.0
21278	1.498
21159579	1.449
6585	1.429
65704	1.473
6957	1.582
55242	0.289
11353	1.734
124512	1.429
61790	1.449
21106584	0.722
10966	2.214
13669	1.498
21106577	1.574
73763	1.319
59691	1.498
12047	1.351
21108577	1.582
6748	1.440
21105998	1.838
510851	2.699
10621	1.934
60092	1.485
62483	1.498
11003	0.813
6835	1.351
72918	1.351
15016	0.0
12259	2.887
63503	1.387
10539	0.289
11354	1.734
11488	1.233
62656	1.721
21111840	1.418
13029	2.341
66663	1.533
13839012	1.440
7928	0.0
60259	0.722
5966	1.387
73125	1.106
32882	1.106
11450	1.387
12586	1.436
13668	1.292
77230	0.866
7001	2.154
31264	2.006
14948	1.082
62390	1.485
12830	1.409
14690	1.897
60900	1.440
2972	2.611
11009	0.987
11584	1.498
8381	1.292
58331	1.020
13854242	1.428
10897	1.292
72141	1.534
3637837	1.485
63495	1.922
73626	0.722
72466	1.485
13846663	2.270
72148	1.909
68265	1.497
73512	1.5
61199	1.130
62698	0.289
15093	1.050
376	0.577
15244	1.292
10298355	1.498
11484	1.292
21106900	2.066
1583	1.390
50	1.496
8127	1.428
67229	1.050
13846749	1.428
61279	1.498
15663	1.909
9574	1.390
9547	1.498
284794	1.233
5622	1.135
9965	1.130
7805	0.577
6175	2.598
7279	1.583
11628	1.425
63512	1.130
121262	1.473
13476	1.533
222	1.498
6032	1.412
63328	2.078
6658	2.202
331	1.498
6675	1.498
14560	1.862
20861	1.498
7399	1.050
7141	1.390
79400	1.292
6246	2.611
10411	1.050
15753	1.718
11563	1.390
62357	1.440
7142	1.390
8155	2.066
68899	1.533
21185	1.533
11591	1.533
12055	2.057
61257	3.464
6270	1.5
7170	2.038
452969	3.464
452968	5.425
7116	2.270
6179	2.598
72051	1.387
13835108	0.816
11424	1.542
4436353	0.816
6296	1.608
15494	1.440
9425	1.498
14530	0.289
21159425	1.513
20124	1.292
15488	1.292
21171393	2.270
29024	0.493
64152	1.936
7926	0.0
77127	1.862
83365	2.270
8277	1.381
62583	0.813
21106529	1.838
7929	0.0
11434	1.292
62453	1.632
61418	1.440
1346	1.351
63533	0.866
60462	1.533
63208	1.932
12697	0.866
1688	0.841
60937	0.987
68404	1.405
21106540	2.341
70085	1.922
10237273	1.453
14340	1.851
7114	2.270
68709	1.429
21106585	2.081
55806	1.832
2973	2.325
13249	0.289
7364	0.866
6855	1.940
13272	1.387
6898	1.225
66847	2.887
15886	0.722
12840	1.641
38364	1.734
14559	1.582
12861	0.866
6620	1.812
1615	0.577
63956	1.582
27488	1.734
61381	1.842
71213	1.922
71964	2.342
15435	1.875
13848793	1.292
10446934	1.138
61542	2.006
6906	1.428
6864	1.328
15489	1.351
13490	1.885
61594	1.405
23083	0.976
70988	1.075
78578	1.292
11449	1.436
14413	2.357
6478	1.756
15418	1.608
54970	0.866
61599	1.498
6907	1.428
25276	1.540
21170959	1.498
6222	3.212
11446	1.799
7174	1.498
63319	1.812
8333	2.036
79481	1.866
60631	2.154
61749	1.943
1278	1.826
91500	1.664
8861	1.799
28829	2.127
8282	1.721
11624	0.987
15517	2.680
18799	0.866
68816	1.851
11399	1.851
4590	1.075
62467	1.390
8071	1.498
62328	1.498
1675	1.663
10025	0.577
84565	1.837
11476	1.234
13048	1.569
29091	1.608
62795	0.943
71934	1.832
7092	1.862
6707	1.851
531832	1.924
434	1.390
66572	1.135
70021	1.498
24438	1.130
6824	1.976
14869	1.678
72291	2.006
9929	1.664
5584	1.838
6854	2.038
61739	1.793
66716	1.838
2632	1.582
655	1.976
34195	1.135
8055	1.793
8111	1.799
84452	1.641
5027	1.093
5237	1.799
13846015	3.464
7069	2.353
67479	0.742
13882366	1.862
7098	2.214
2656	3.257
61311	2.355
21105876	0.866
7097	2.214
10287	1.542
21159574	2.527
22012	1.498
29023	0.408
66369	1.421
7091	1.862
13835351	1.405
71995	0.722
83338	0.841
17879	0.0
20971	2.280
21112533	2.887
76852	1.924
61383	1.756
16951	1.922
11897	0.0
9571	2.270
7325	1.514
12691	1.595
11373	1.040
61273	2.202
10407	0.866
70450	1.429
10425	0.408
10609	1.381
2388	1.428
70652	1.214
21159598	2.086
6716	2.527
9961	0.866
14582	2.180
960	0.289
11898	0.0
11421	1.681
21106172	2.006
6575	2.269
6916	1.428
71926	1.387
73945	2.733
9089	1.351
10289059	1.821
6825	1.641
11961	2.006
19862	2.525
15092	0.987
12524	2.357
12667	3.444
21168862	2.006
71672	1.915
70048	1.369
7311	0.976
62914	1.542
8807	1.756
15105	1.915
21111772	2.154
16208	1.234
6872	1.635
2915	1.783
8099	1.488
67953	1.440
62933	2.459
60263	1.295
19739	1.394
59146	2.342
60357	3.548
2179	0.577
25604	1.387
14585	1.351
19331	1.994
69970	2.280
15998	1.436
10363	2.081
72174	1.569
61561	1.542
63211	1.915
21106171	2.006
6823	1.292
532	1.723
6552	1.884
6033	2.270
2923	1.540
65785	1.473
454393	1.438
73131	1.718
5142	2.270
13846658	1.351
18708	2.126
10256	2.732
9075	1.851
65715	1.488
11580	1.485
6705	1.653
12114	1.138
15308	1.061
68579	2.126
15088	1.485
4444774	1.641
6928	1.940
6550	1.884
11595	2.081
616466	1.233
1103	1.478
19099	2.038
29090	1.436
21168888	3.643
7100	2.491
6655	2.202
12941	3.464
4445872	0.289
13837329	2.084
62501	1.221
7138	1.040
11437	1.641
6781	1.488
7914	0.289
66675	4.5
21169500	1.681
7889	0.493
205386	0.408
21733	2.038
12515	1.826
21170956	1.157
62372	1.488
11899	0.0
5374	3.360
67895	2.295
29002	0.813
21168556	2.038
8836	1.826
16109	2.557
61759	1.723
21106571	2.006
7103	2.951
60596	1.542
8862	1.799
10033	0.289
14414	2.269
11969	1.371
66759	2.081
66460	1.514
6770	1.542
6901	1.396
7119	2.270
61388	1.440
8662	0.866
21111849	1.221
63350	2.420
68350	2.126
70962	1.351
21106124	1.157
12291	1.926
59892	1.945
12696	1.221
19526	2.887
21159439	1.221
8434	1.221
7121	2.270
6757	1.968
70660	1.250
62756	2.733
16096	2.154
6834	1.351
4775	1.591
16644	1.525
7427	0.866
3581	1.429
970	1.826
6840	1.799
13493	1.793
3915	2.511
8860	1.799
11013	1.066
6592	1.783
11447	1.759
5004	0.577
5820	1.233
21106163	2.154
12274	1.721
5899	1.814
60188	2.270
78873	1.864
11475	1.309
6235	2.999
10801689	1.851
10582	2.268
11398	1.851
745600	1.575
9413	1.864
6586	1.885
64143	2.951
328957	2.125
13699	1.641
11974	2.154
17097	2.113
6856	1.940
13693	1.877
21106365	1.799
5606	1.664
12275	1.885
18	2.125
67788	1.885
5612	2.126
10986	2.081
12236	1.390
61560	1.929
61352	0.742
6845	1.759
8182	2.038
21171396	3.488
11472	1.770
24499	1.253
61101	2.309
21106146	1.390
6768	1.542
60012	1.838
7284	1.221
13856885	1.449
19816	1.630
6386	2.527
68220	2.020
28952	1.743
8058	1.876
6771	1.542
21159597	1.926
2991	1.542
12017	0.0
67790	1.940
72806	1.5
7120	2.270
13863774	1.449
74935	1.683
12307	1.542
62631	0.289
16896	1.623
10235	1.381
69150	1.436
6746	1.766
23472	2.061
5091	0.289
13090	1.542
24905	1.542
12100	0.0
7118	2.270
7355	1.274
7296	1.630
10664	1.390
123905	1.789
454604	2.527
61717	2.341
9886	1.842
955	1.449
7145	1.390
12864	1.799
8793	2.554
1118	1.381
65703	1.309
63555	1.453
453633	2.5
6601	1.595
2980	2.125
165975	1.935
453910	2.136
512092	1.955
2372	1.295
9779	2.136
16612	1.630
66916	2.357
61264	1.864
11614	1.630
71166	3.643
8470	1.991
2169	1.303
11982	1.449
200562	1.429
70280	1.449
10778469	1.897
15983	1.683
67282	2.474
9838	1.429
5816	1.292
27057	2.082
7268	1.587
10289	2.593
63453	1.478
56797	1.440
1061203	1.478
14760	2.130
8310	2.410
11443	2.148
18177	1.683
24341	1.449
9109	2.951
59462	0.577
7758	0.816
13836549	3.643
6420	1.864
59526	1.306
8463	0.866
61280	1.851
7162	2.126
67007	0.986
62931	2.902
68907	2.153
12499	3.643
12249	1.485
21170967	1.485
8045	2.031
7909	0.493
21171999	2.017
61475	0.289
8118	1.754
12072	0.0
21111786	1.390
9554	1.396
61569	1.960
7275	2.113
14360	2.135
12071	0.289
6576	1.421
74932	1.945
7207	2.081
61399	3.488
9824	2.357
21106020	1.449
64618	1.842
13073	1.842
11290	2.125
62486	1.533
10824	2.125
10034	0.289
10833	2.459
15216	2.357
81679	2.269
7166	2.126
63538	1.885
284177	1.885
6846	1.983
64166	1.284
65903	1.877
21171513	1.449
66547	1.309
453123	2.719
12213	0.577
7163	2.126
1441	1.649
3542441	1.851
13863300	2.179
5555	1.864
9856	2.445
15474	1.759
2016563	1.864
7203	1.533
15796	1.976
6751	2.357
6857	1.940
11516	2.154
5532	1.959
6900	1.396
6642	3.643
7125	2.902
70500	1.990
5562	2.125
8054	2.472
67230	1.762
67257	2.902
15359	1.864
2063	1.717
9572	2.902
6797	1.566
9946	1.566
6593	1.783
9826	1.885
66528	1.498
61789	1.485
3229	3.147
13856959	1.453
76286	1.5
7201	1.533
15636	2.202
13927	2.401
483123	2.453
21105887	1.146
7830	0.408
10408	0.866
9535	3.488
6484	2.125
21106127	1.390
6709	1.851
75176	2.126
12523	1.730
68247	2.627
62332	1.498
11900	0.0
70915	2.078
62289	2.591
7214	1.473
15471	1.630
62361	2.034
11468	1.804
7202	1.533
13853943	1.498
10035	0.289
12681	3.488
7292	1.455
74171	2.126
75956	0.943
7315	1.146
105768	2.504
15161	2.521
306959	1.585
58578	1.842
18227	1.473
70806	2.278
16310	1.473
3924	2.013
9219	2.459
66512	1.453
526	1.533
13925	2.401
7167	2.057
65693	2.357
27749	2.595
1484	2.132
2356	2.999
8057	4.532
6610	1.876
7060	2.066
8030	1.778
11593	1.533
61517	2.368
7313	1.146
60933	2.044
610932	1.146
525531	2.5
10274392	1.804
3008	2.664
6546	2.345
4029	1.944
8459	1.274
13924	2.269
12670	3.643
2621	2.511
4233	1.824
63515	2.926
1540	1.381
15683	2.269
2359	2.511
6837	2.350
9073	2.410
17440	2.410
4959	2.802
17704	2.670
15113	2.699
61086	1.851
61785	3.686
63077	3.488
6725	1.838
21106036	1.838
8567	0.606
13865683	1.943
62479	1.485
3395	2.947
13853953	1.498
9549	1.838
8086	1.851
21106095	2.126
10864	1.498
7171	2.038
11972	2.040
21106013	1.390
61281	1.838
12263	1.838
6508	1.826
11901	0.0
10834	2.280
13721	1.683
3005	2.236
60006	1.936
11249	3.320
11429	1.488
7148	1.664
120011	1.851
25605	2.469
10378	2.113
11641	1.274
28714	1.605
9130	2.664
61087	1.851
13422	1.718
62928	2.038
9569	2.862
2066	3.202
9515	2.661
13887609	2.136
13697	2.132
2384	1.5
61672	1.473
13075	1.783
2695	3.414
9442	2.126
13707	1.950
15724	2.887
2661194	1.851
6229	3.374
8106	3.115
10181821	2.296
14688	0.75
2848685	2.126
2673	2.175
5739	2.687
5561	2.136
12680	3.298
2745027	2.126
6753	2.357
62668	1.727
13105	1.799
5686	2.377
14810	2.912
4286892	2.126
9873	2.357
523754	1.983
60090	1.983
14584	1.928
2424	3.705
6468	2.908
1909	2.459
70071	2.902
4740	3.478
12329	2.992
59885	1.842
7274	1.140
72680	1.886
29135	3.935
11397	1.653
10630	1.488
11581	1.485
11427	1.488
59403	1.473
7169	1.485
69973	1.485
11146	0.0
21168823	2.038
25097	2.517
10426	0.408
6838	1.842
8331	1.950
61014	2.459
7923	0.289
63718	1.891
6858	2.764
61148	7.139
6763	1.950
10848	2.486
59487	1.891
10633	2.273
6714	1.851
63567	1.842
10619	1.653
11279086	0.976
13323	2.373
62363	2.358
11967	1.851
9206	2.358
11577	2.126
11428	1.488
67597	1.473
63320	1.851
11582	1.485
6713	1.851
21272	2.126
58568	1.743
60158	1.947
29117	2.912
8366	1.740
12355	1.842
8254	2.371
57727	2.442
18409	1.805
4596	2.846
2468	2.737
3214	1.520
7260	2.019
3215	1.585
7210	2.081
10618	2.885
967	3.643
2272143	2.633
61540	3.643
5129	2.633
12057	2.038
6213	4.017
6438	2.720
84451	2.132
13837584	0.816
62340	1.944
21106035	1.838
21106576	1.885
5399	3.198
67212	1.778
12504	2.731
21111865	1.851
6588	1.885
11902	0.0
11567	1.664
4471	2.466
12722	1.767
86040	2.149
6783	2.718
20311	2.486
70990	1.932
528656	3.334
21106145	2.038
21106581	2.081
11267	1.864
11395	1.439
59164	1.778
69450	1.851
11337	1.885
64012	1.842
10284	2.582
226885	2.361
8329	2.149
12339	2.384
10230	2.288
9805	3.329
12874	1.770
8800	2.619
62303	1.885
61150	6.529
60173	2.066
3613	1.669
8104	2.994
17162	1.947
69027	2.411
6220	3.726
305	2.901
3300	2.017
71976	3.726
8816	2.675
11594	2.081
6848	1.886
4819	2.537
5882	2.081
2068	3.287
13835294	2.931
6639	3.643
2911	2.986
21106178	4.417
60889	2.136
85490	1.889
6899	1.979
69290	1.425
7037	4.029
11903	0.0
8188	2.081
59546	3.622
62472	2.086
11283	1.756
62389	1.756
6381	2.819
10169	1.756
11586	2.130
13066	1.947
63522	2.017
11277	3.831
14613	3.110
8298	1.669
9192	3.272
6554	2.475
4575	3.907
13133	2.479
12858	2.238
6221	3.914
6767	2.358
62751	3.831
62493	1.767
28947	1.635
6371	3.728
9002	2.670
2079	3.662
15702	3.4
6515	3.285
65700	2.358
5145	2.819
77916	3.244
31144	3.705
6505	2.964
8846	2.644
2951	3.239
7407	1.683
58587	3.553
20277	2.332
11359	3.643
56177	1.814
10243	3.643
15403	2.733
5026	2.819
59971	3.643
9394	7.887
86894	3.563
9438	2.902
70319	1.785
21106111	2.017
26691	2.732
5363	2.678
7177	2.061
21106574	2.125
2607	1.664
12018	0.0
11308	3.553
2181	3.803
74123	1.683
25957	2.178
13959	1.761
11276	2.713
60100	2.291
6514	3.380
142204	2.527
11618	1.146
2387	3.406
17967090	2.319
8183	2.038
11202219	2.038
120096	2.040
6080	1.626
10616	1.943
14952	3.368
8799	3.478
16359	2.499
4599	3.758
11178542	1.943
7044	2.499
62381	2.742
2457	2.684
2075	2.561
6447	3.986
6927	1.940
2283	4.312
8067	3.643
13909	3.205
9832	1.721
9522	4.435
8181	2.038
7289	1.679
149513	2.366
46739	1.654
59020	1.436
62963	3.194
3345	4.083
59928	2.439
60047	1.713
10490	0.408
85216	1.513
63738	3.511
21106506	2.894
3871	3.806
6369	3.320
55194	2.650
65061	2.178
15089	1.635
3009396	2.013
224468	3.206
2626	2.777
5304	2.777
5507	3.652
194210	2.441
9189	2.777
9697	3.624
11338	2.780
62252	3.728
5138	3.164
10871	2.968
5632	3.758
2849	3.728
1611	4.020
3218	2.252
7152	2.670
62362	2.582
5376	3.167
8253	3.2
4268	3.267
7042	2.499
62477	2.486
62098	3.095
6454	3.350
7108	2.862
7259	1.573
9894	1.396
6389	4.238
2629	3.358
15596	1.940
10542	0.0
79719	2.670
27183	2.136
22739	1.573
12310	2.348
69703	3.368
10257	1.943
62663	3.815
4735	3.255
68030	0.577
62525	1.732
16358	2.296
7168	2.486
4024	3.079
4317	1.861
7975	3.655
6453	3.350
6215	3.368
3762	3.737
1991	2.486
6442	3.193
10081	3.758
2246	3.453
21360	2.902
2117	3.179
65974	4.344
8105	2.742
1998	2.093
8235	3.285
8274	2.745
8804	3.483
9795	2.834
5134	3.164
8788	3.454
70514	2.992
63117	1.756
18924	4.344
62965	3.363
10452	2.561
455964	3.368
642951	2.548
67593	2.484
6214	3.368
48119	2.587
62966	3.403
8252	3.391
7258	1.573
6373	3.728
9190	2.844
11200	3.368
27486	3.227
12549	3.368
2297301	3.525
10554	4.072
13985	3.661
4444448	3.501
8151	3.324
13329	3.060
3987	3.175
7370	1.683
5786	2.352
4582	3.070
12336	4.238
6057	2.594
66909	2.691
11274	2.640
11297	3.183
24722	1.886
525308	2.227
7211	2.081
5571	2.527
5163	4.302
18716	2.517
4742	3.952
6433	3.774
62265	2.8
6517	3.367
11269	3.590
19663	2.332
29150	3.774
62754	3.876
4444926	2.971
15020	2.406
8163	2.862
11320	2.517
8150	2.499
64045	3.120
59976	4.494
63122	2.965
13777	2.650
28425	2.741
63119	3.368
4453	2.460
6764	3.622
14285	4.902
11286	2.762
8023	4.069
7358	1.802
66396	4.392
7988	2.344
11906	0.0
60886	5.489
7172	2.038
6216	3.368
64830	3.327
69366	4.613
13352	2.981
58910	3.127
62338	2.944
3208	1.983
49895	3.746
5302	3.146
60518	3.927
3765	2.741
63757	2.730
2034	3.497
21106037	2.499
11390	2.296
15010	2.786
2447	4.309
4617	3.242
64003	2.582
77934	1.950
4518	3.716
5740	2.390
11571	2.328
5131	3.831
5165	3.362
7045	2.499
5531	3.535
10442628	3.444
4444935	3.661
10085	4.379
13868426	2.499
6520	2.697
3228	2.734
6830	2.368
3508	3.783
2928	3.208
60108	2.739
63575	2.437
6464	3.831
2710	3.898
2839	4.199
14916	3.032
65648	3.610
8353	2.828
10009	0.408
11917	3.449
21106505	2.931
191496	2.812
60919	2.9
18983	0.0
21242790	2.517
4586	3.448
2810	3.070
11325	2.842
11271	2.778
1912	3.778
61577	2.569
14430	3.454
3521	5.755
9815	2.691
7970	5.672
67509	2.726
14979	3.074
17987	3.074
38123	3.617
3322	3.988
4478521	4.199
62645	2.598
64377	3.745
4433	4.339
10259	2.944
11387	2.944
4355	2.992
10442653	5.231
7155	2.992
11310	2.834
10248513	2.993
59493	3.449
73276	2.761
15209	2.921
66498	6.204
29343	3.715
3472	5.350
48922	3.813
4600	4.699
29156	4.213
6232	4.196
10696	3.414
61266	6.704
21965	0.0
62468	2.971
59489	3.414
3438	4.450
5437	4.662
3584	4.390
15968	5.318
11309	3.373
13153	2.825
11380	3.479
62217	6.060
31872	3.828
64024	2.878
14960	3.685
5075	5.046
9426	4.306
2562	5.886
8177	2.992
8073	3.479
6688	3.479
4514715	3.3
15521	4.061
3039	4.816
2160	4.324
68961	4.583
24584	5.528
68224	5.414
15484	6.704
13842838	4.309
1904	4.814
3618	5.301
13764	6.861
9180	17.887
3368	5.013
258050	7.198
7974	8.024
29054	7.569
9018	19.25
30913	4.663
5423	4.948
9028	5.835
2867	4.3
10581	6.966
10674	1.594
5515	7.202
6208	10.043