Compound Id	WeightedPath [WTPT-5]
291	0.0
6084	0.0
11148	0.0
855	0.0
864	0.0
6089	2.0
6088	0.0
6094	0.0
6085	0.0
6103	0.0
7956	0.0
682	0.0
6100	0.0
6087	0.0
654	2.414
6101	2.207
6086	0.0
7954	0.0
6097	0.0
7555	0.0
1004	0.0
172	0.0
6092	0.0
7560	0.0
11729	0.0
31029	0.0
6102	2.207
5834	2.311
10046	2.207
7556	0.0
9644	0.0
11151	0.0
7712	0.0
6111	0.0
10437	0.0
3168	0.0
7721	0.0
6114	0.0
13837190	0.0
9233	0.0
7577	0.0
21171407	0.0
7566	2.311
258	0.0
13835977	2.311
6093	0.0
7728	0.0
512	0.0
21106015	0.0
7716	2.362
9990	0.0
13836021	2.634
6106	0.0
7713	0.0
21106179	0.0
13836674	0.0
6124	0.0
11835	0.0
7714	0.0
7553	0.0
1114	2.732
7732	0.0
11833	0.0
7711	0.0
6138	0.0
7717	2.362
7557	0.0
11807	0.0
7786	0.0
11834	0.0
256	0.0
7767	0.0
8894	0.0
3644	0.0
7559	0.0
11830	0.0
7567	2.311
7734	0.0
6040	0.0
7776	0.0
12977	0.0
13865015	0.0
9354	0.0
12450	0.0
693	2.207
278	0.0
13835550	4.621
13835336	2.311
10694	2.561
9480	4.414
11723	0.0
6308	0.0
64095	0.0
11099	0.0
7957	0.0
11109	0.0
12209	0.0
6121	0.0
6108	0.0
7737	0.0
7827	0.0
14512	0.0
8543	0.0
7770	2.388
1095	0.0
6104	0.0
12011	0.0
175	0.0
8896	0.0
7782	0.0
7772	0.0
8560	0.0
31016	0.0
6310	2.329
7738	0.0
7815	0.0
12010	0.0
9630	0.0
2916	0.0
7739	0.0
13839553	0.0
7736	2.875
7811	2.401
171	0.0
659	0.0
11728	4.871
173	2.244
2006126	2.244
11167	0.0
10765	0.0
7604	0.0
221079	0.0
7024	0.0
11110	0.0
10730	0.0
10766	0.0
8544	0.0
10113	0.0
68268	0.0
11121	0.0
6307	0.0
29000	0.0
13854808	0.0
6127	0.0
62433	0.0
6125	0.0
11125	0.0
72268	0.0
62241	0.0
10340	0.0
6321	0.0
11871	0.0
7810	0.0
11846	2.401
13836399	0.0
6311	2.329
6313	0.0
21168808	0.0
5993	2.852
13837112	0.0
349	0.0
19100	0.0
8554	0.0
10018	0.0
1020	2.938
13837650	0.0
7837	0.0
2275	0.0
1005	0.0
7835	2.408
13854130	0.0
7791	2.938
13837537	2.938
6336	0.0
236	0.0
11832	0.0
7787	0.0
7551	0.0
29015	0.0
13835209	0.0
8903	5.875
6334	2.587
13837702	4.777
8904	5.875
11229	2.313
7790	0.0
60524	2.587
13420	4.916
121383	0.0
6330	2.313
10951	11.369
1913	2.587
13835459	5.875
10020	0.0
6134	0.0
3530	4.9
6153	0.0
11232	0.0
14893	0.0
12201	0.0
6309	0.0
14686	0.0
12446	0.0
81237	0.0
12430	0.0
7674	0.0
14966	0.0
11551	0.0
11094	0.0
8158	3.091
11222	0.0
9484	0.0
122546	0.0
7605	0.0
76541	0.0
7788	0.0
15221	0.0
7833	0.0
8569	0.0
1108	0.0
21106561	2.854
10653	0.0
11128	0.0
8525	0.0
10536	0.0
7607	0.0
13839107	0.0
11865	0.0
13839199	2.934
13839575	0.0
11866	2.408
5977	0.0
7856	2.927
7715	0.0
11863	0.0
6305	0.0
7849	0.0
10498	2.362
7852	0.0
11874	0.0
6323	0.0
7838	0.0
7016	0.0
10733	0.0
13835401	7.656
29101	2.329
7710	0.0
7688	5.878
119963	0.0
21106520	2.944
7677	2.491
13839441	0.0
9646	0.0
932	0.0
13835180	0.0
259	0.0
7851	2.411
6147	0.0
11526	0.0
13874733	2.947
11750	0.0
6333	0.0
6146	0.0
13835604	2.854
67424	5.888
13884495	4.725
68156	2.401
61471	5.938
5439	2.348
10772140	0.0
72718	4.999
6331	2.313
4200	2.587
10464	2.348
1143	4.488
11787	2.947
62181	8.372
1664	5.438
234	2.372
61632	0.0
6148	0.0
84221	0.0
67620	0.0
6340	0.0
18792	0.0
121154	0.0
11086	0.0
121113	0.0
15438	0.0
454272	0.0
121640	0.0
14751	0.0
14672	0.0
11106	0.0
21073	0.0
6163	0.0
7219	0.0
7706	0.0
126201	0.0
21106560	2.971
2803	2.461
29025	0.0
10465	0.0
21105905	2.975
7022	0.0
7463	0.0
7244	3.279
7242	2.986
55123	0.0
7850	0.0
11095	0.0
11025	0.0
13840	0.0
11838	0.0
29026	2.411
7878	0.0
11029	0.0
21106032	0.0
7238	0.0
30349	0.0
6326	0.0
7701	0.0
13872667	0.0
14840	0.0
13851383	0.0
59607	0.0
10054	0.0
6967	0.0
12814	3.121
14349	0.0
7026	0.0
7765	0.0
10053	0.0
6165	0.0
69736	5.424
8574	0.0
6170	0.0
8909	0.0
733	0.0
60839	8.625
21997	5.424
15117	0.0
13835861	2.302
13835772	0.0
14608	5.427
13835579	4.815
10328	0.0
13839416	0.0
69525	5.041
6164	0.0
10988	2.971
21106481	4.777
18801	2.408
61810	0.0
737	0.0
5050	0.0
4418329	5.442
773	5.75
2070	5.352
3596	2.313
11795	2.365
13220	0.0
10775	0.0
10755	0.0
16689	0.0
11055	0.0
7619	0.0
10737	0.0
69505	0.0
11056	0.0
7385	0.0
14752	0.0
7475	0.0
7761	0.0
10777	0.0
63026	0.0
7626	0.0
17558	0.0
12924	0.0
7515	0.0
10776	0.0
55090	0.0
21106526	0.0
7027	0.0
8490	0.0
14679	0.0
12809	0.0
13864773	0.0
7387	2.908
11998	0.0
11763	0.0
6119	0.0
21170543	0.0
8141	0.0
12810	0.0
21106016	0.0
6341	0.0
13860641	2.514
10364	0.0
21106583	0.0
9614	0.0
16268	0.0
7514	0.0
13875281	0.0
15846	2.413
11170	0.0
8157	0.0
11087	0.0
7391	0.0
13875320	0.0
13619	0.0
7465	0.0
6248	0.0
55085	0.0
29036	0.0
15480	0.0
5889	2.491
8552	0.0
55110	3.339
21106133	0.0
13860775	2.514
7882	0.0
13838404	0.0
8576	2.413
11909	2.332
11875	0.0
19231	3.279
7678	0.0
11530	2.891
361265	5.772
62737	4.822
447	0.0
15443	0.0
66464	0.0
6728	0.0
971	0.0
62577	0.0
66754	5.368
10301338	0.0
12640	5.791
21069	0.0
10008	5.425
177126	0.0
21111768	5.435
87514	5.809
10989	2.761
2016737	5.613
7225	5.424
8524	0.0
1013221	2.895
11107	5.216
21349	4.803
2005898	2.891
8537	2.934
5978	0.0
1477	2.354
11694	5.613
6332	2.313
2005963	11.849
7690	8.359
7683	2.944
13835293	0.0
61707	2.325
2005897	2.934
12225	5.782
66578	9.998
11244	5.198
1414905	5.809
60308	8.282
26072	0.0
12444	0.0
17801	0.0
10759	0.0
15794	0.0
11064	0.0
11370	0.0
18604	0.0
6149	0.0
66568	0.0
6156	0.0
7334	3.270
10420	0.0
13400	0.0
7419	0.0
25609	0.0
10571	0.0
14729	0.0
7621	0.0
21111805	0.0
10534	0.0
70705	0.0
14753	0.0
12807	0.0
7627	0.0
11410	0.0
21111882	0.0
21132380	2.939
13839109	0.0
13471	0.0
7672	0.0
7641	0.0
7689	2.934
7676	0.0
21106169	0.0
13863629	0.0
11062	0.0
13248	0.0
6042	0.0
8335	0.0
7673	0.0
13860692	2.494
10001	0.0
7881	0.0
11655	0.0
11783	2.944
11765	0.0
13856579	2.398
28777	5.427
7802	0.0
67360	2.413
13860335	0.0
11210	0.0
7890	0.0
11077	2.946
7803	0.0
7229	2.975
13842613	2.925
13835895	0.0
7883	0.0
630	0.0
9349	2.495
11862	0.0
21106134	0.0
13876621	4.815
13881329	0.0
9917	0.0
21105871	0.0
1031	0.0
7521	0.0
7235	5.214
6726	0.0
1071	7.770
11063	0.0
287294	0.0
60121	0.0
59438	3.167
12150	0.0
12144	2.934
61553	2.514
7611	0.0
14991	5.419
59556	0.0
13835151	2.495
9350	0.0
13844	2.740
96573	2.975
11066	0.0
62628	0.0
9357	2.372
66996	5.868
14609	5.430
10432	0.0
1479	5.433
7610	4.719
11708	0.0
10467	2.354
8882	6.787
7651	8.358
764	0.0
653	2.922
392	2.495
24633	8.385
9611	9.8
5705	7.928
11757	0.0
69826	0.0
13450	0.0
7747	0.0
11603	0.0
7628	0.0
7694	0.0
7065	0.0
13837280	0.0
16383	0.0
8568	0.0
7794	2.880
24634	0.0
21105900	2.964
8514	0.0
14205	0.0
11660	0.0
19110	0.0
15432	0.0
11741	0.0
21896	0.0
13875230	0.0
6406	0.0
13840690	0.0
11041	0.0
17474	0.0
13875392	0.0
7891	0.0
12067	0.0
13402	0.0
16486	3.279
6252	0.0
6135	2.732
10236	0.0
9228	0.0
5730	0.0
8160	0.0
13673	0.0
13875180	0.0
7013	0.0
7224	2.452
11180	0.0
12221	0.0
7392	3.012
7903	0.0
63871	0.0
11882	0.0
21106525	2.507
13851576	0.0
7893	0.0
7894	0.0
19108	0.0
13869480	2.508
924	3.015
13840647	2.491
13875160	0.0
6409	6.268
6654	0.0
11057	2.737
6630	2.485
62314	0.0
59426	2.455
370	0.0
7007	0.0
17221	3.339
14890	0.0
7901	0.0
78543	0.0
13875258	0.0
7241	5.439
13849	0.0
9563	2.496
15708	0.0
13875432	0.0
21111781	0.0
14436	0.0
13875219	0.0
7795	2.880
21106513	0.0
28982	0.0
18685	0.0
13839174	0.0
78	5.427
13860491	2.496
62877	0.0
13868660	0.0
8665	0.0
13869414	2.507
11021	0.0
7519	2.495
13842573	0.0
11242	0.0
333	0.0
7480	2.956
13869339	2.495
62226	0.0
13839151	0.0
59439	0.0
7236	2.761
11038	0.0
6991	4.986
16257	6.192
13646	5.991
11350	0.0
7634	0.0
9849	0.0
10955	2.895
6983	0.0
10251740	0.0
6652	0.0
1131173	6.028
9546	2.956
7632	5.809
1013196	5.782
23718	0.0
11179	0.0
10795	0.0
10445	0.0
10742	0.0
7657	0.0
6338	2.852
8659	0.0
7248	0.0
8531	0.0
11818	0.0
61026	0.0
10428	0.0
10253	0.0
11911	0.0
11790	0.0
13040	0.0
7509	0.0
13473	0.0
12829	0.0
21242799	0.0
13451	0.0
14888	0.0
6176	0.0
8013	0.0
13032	0.0
21106562	0.0
7448	0.0
21168731	0.0
13875381	0.0
61200	0.0
7879	0.0
11607	2.454
13839308	2.433
7129	0.0
16887	0.0
8579	0.0
7900	0.0
7744	0.0
11879	4.825
6628	2.491
21106155	2.512
21111850	0.0
11883	0.0
7866	0.0
13881571	0.0
9360	0.0
14787	3.3
12451	0.0
13856009	2.980
13848467	0.0
8138	3.039
9326	0.0
13644	2.976
6677	0.0
70682	0.0
72625	0.0
7132	0.0
13835630	3.270
12060	0.0
66344	2.507
6990	2.490
21105859	0.0
6985	2.496
66551	0.0
8098	3.036
74169	2.496
191427	0.0
21106167	2.455
7135	0.0
11091	0.0
6277	0.0
207215	0.0
7915	0.0
6177	0.0
13861	2.455
21168837	0.0
15526	0.0
13033	0.0
67466	0.0
7388	2.908
14165	0.0
10649	0.0
13866817	0.0
7635	0.0
14163	0.0
21111896	0.0
4642	0.0
11500	2.489
25942	2.510
21105878	0.0
5704	12.589
8911	0.0
25757	2.935
65689	0.0
13836283	4.988
16011	0.0
6253	0.0
24133	9.310
16237	2.946
60497	4.848
11651	0.0
7518	0.0
21106018	0.0
60662	5.871
73531	2.439
63882	3.125
12823	0.0
34095	0.0
56234	0.0
63307	0.0
87265	0.0
21844	2.496
12821	2.454
11181	0.0
521915	0.0
22006	2.496
12822	4.961
13868640	0.0
63180	0.0
9964	0.0
8852	6.072
10471	2.895
16931	0.0
13837582	4.978
13837760	0.0
5975	5.809
4878	0.0
12478	2.455
123	0.0
11022	0.0
8528	7.913
11080	2.494
68939	2.455
68309	5.192
63658	2.938
14346	5.383
68282	9.310
5408	2.434
5596	2.489
11489	6.077
62546	5.472
1017	8.383
13421	0.0
26065	0.0
21998	0.0
26066	0.0
7581	0.0
17976	0.0
26068	0.0
7580	0.0
15532	0.0
9478	0.0
13231	0.0
21106102	0.0
63017	0.0
9903	0.0
73565	3.133
7511	0.0
21106174	2.927
7659	0.0
6977	0.0
13865426	0.0
6794	3.255
20521	0.0
5931	0.0
21106522	0.0
21111905	0.0
6883	0.0
13622	0.0
13869451	2.494
11073	0.0
9328	2.491
6143	0.0
21111798	0.0
7908	0.0
13870160	3.052
12061	2.424
11930	5.840
21105937	0.0
21171406	0.0
17428	0.0
61765	0.0
6974	0.0
31931	0.0
11511	0.0
13438	0.0
15431	0.0
11517	0.0
13837686	0.0
13854818	3.067
10935	0.0
21106578	2.495
11885	0.0
37466	0.0
67735	0.0
17383	0.0
60103	3.135
7871	0.0
23643	0.0
13869434	2.490
12972	0.0
11432	3.062
26091	0.0
13860633	2.494
81759	0.0
6881	0.0
7961	0.0
13839123	0.0
21168833	0.0
29080	0.0
7437	0.0
9910	0.0
21111816	2.489
8873	3.050
6951	0.0
13875441	0.0
2863	0.0
13626	0.0
6788	0.0
11485	0.0
19037	0.0
11433	3.069
477171	0.0
7917	0.0
72054	0.0
21111785	2.990
17163	2.424
69446	4.947
13254	2.946
10790335	0.0
21106019	0.0
8319	2.553
63447	5.906
126037	2.434
20151	2.506
21159424	2.515
6774	0.0
10857	0.0
69896	0.0
21112332	2.460
61802	0.0
13839110	0.0
2005824	5.869
9564	0.0
6988	0.0
6633	0.0
24729	2.434
100	0.0
26031	0.0
13839128	0.0
75563	5.821
10181341	0.0
6160	0.0
11460	2.702
15420	0.0
60129	2.514
4962	0.0
9908	4.981
96816	0.0
11663	2.455
72534	2.508
12173	2.325
8876	0.0
8070	0.0
13839080	0.0
6790	2.537
11662	2.455
56139	0.0
880	2.934
5242	2.895
10250	0.0
4963	2.407
10254	2.407
589165	5.329
12480	8.349
1013337	2.895
3635	8.097
20732	2.398
61354	8.349
60191	0.0
352	0.0
9612	5.8
6191	0.0
14830	0.0
18688	0.0
13038	0.0
11919	0.0
7507	0.0
7183	0.0
10355	0.0
7088	0.0
6287	0.0
13850405	0.0
21106521	0.0
6342	0.0
13861934	2.332
17481	0.0
6998	0.0
3973	0.0
60340	0.0
8097	0.0
13857694	0.0
73564	2.387
13875377	0.0
13837988	0.0
10239201	0.0
6780	3.069
12230	0.0
13848808	0.0
13063	0.0
9844	0.0
24142	0.0
6949	0.0
13861158	0.0
16377	3.021
7916	0.0
21105936	0.0
13875212	0.0
62402	2.995
21171515	0.0
61797	0.0
67462	0.0
21105889	0.0
10540	0.0
13848341	0.0
21153	0.0
29031	0.0
25119	0.0
13858096	2.526
11650	2.911
14507	2.911
75479	0.0
10648	0.0
7888	0.0
1072	10.753
21106470	6.138
211145	2.434
60136	2.490
15310	0.0
61428	0.0
11556	0.0
21168838	0.0
81705	2.532
12465	0.0
21105848	0.0
21109330	0.0
13837787	3.014
4209	3.244
9327	2.496
11891	0.0
21111804	0.0
8855	6.105
25968	2.434
13013	3.157
65745	4.965
10333	0.0
21111842	4.962
21394	0.0
13864445	0.0
70868	5.871
14390	0.0
221355	0.0
62582	0.0
7185	0.0
124526	2.463
62368	0.0
28973	0.0
16094	2.938
26799	0.0
21111774	0.0
61036	2.327
6852	0.0
62581	0.0
6999	0.0
17687	5.101
65682	0.0
10831	0.0
13860434	0.0
72056	0.0
7143	3.017
70511	2.462
16095	2.925
61585	5.584
32002	0.0
11413	2.452
72416	3.125
10892	0.0
11185	0.0
59433	2.460
10004	0.0
8867	6.104
21105795	0.0
1668	0.0
97850	6.238
10298354	2.933
21105699	6.010
4489	0.0
11673	0.0
238	0.0
2241	2.408
7951	5.901
911	5.388
13262	0.0
993	2.995
6995	2.490
21125563	0.0
6674	0.0
69983	2.496
8066	0.0
2015070	0.0
62423	5.630
58489	11.999
1078	0.0
70865	0.0
11477	2.933
11672	4.921
913	2.980
3268	5.863
10796	0.0
26070	0.0
12199	0.0
387	2.873
7073	0.0
15468	0.0
13439	0.0
7670	0.0
21105987	0.0
6656	2.519
13885245	0.0
13837281	0.0
7876	2.971
13882337	0.0
21106517	0.0
11412	0.0
26801	0.0
21159680	0.0
9078	0.0
83703	0.0
13876103	0.0
59482	0.0
6657	0.0
12044	0.0
21105867	0.0
11889	0.0
21106014	0.0
21106112	2.530
21111819	0.0
21108245	2.786
67835	2.919
17019	0.0
60586	0.0
21111817	0.0
21171496	0.0
11892	0.0
10800462	0.0
10771160	0.0
61434	0.0
21105932	0.0
69057	0.0
16685	2.525
6862	0.0
63909	0.0
11510	0.0
85185	0.0
21865	2.454
6479	0.0
64147	0.0
21106008	0.0
8140	0.0
3756	0.0
62236	0.0
20548	2.470
12818	2.452
15622	2.911
71784	5.854
13869655	2.490
18707	0.0
4611	0.0
11778	2.495
69628	2.490
13873600	3.018
15440	2.452
9900	0.0
68896	0.0
10772050	0.0
65	0.0
15317	2.911
6954	3.039
13667	0.0
11970	3.392
60848	0.0
13860817	2.491
12229	3.159
12675	0.0
11083	0.0
10881	5.619
97904	2.392
6481	0.0
13875161	0.0
6621	0.0
11327	3.253
1847	3.066
14836	0.0
8154	0.0
11509	2.491
13869661	2.527
63459	3.048
65701	0.0
10322	2.933
71655	0.0
62466	2.409
6739	0.0
6480	3.049
723	0.0
21106518	2.511
64111	0.0
7189	0.0
11417	5.622
7140	0.0
67879	0.0
11263	0.0
21106017	0.0
10895	5.608
8341	0.0
63931	5.589
7589	2.812
13835557	0.0
6943	0.0
62682	0.0
7797	0.0
29129	3.125
62532	2.395
3708	0.0
8438	0.0
64644	2.409
58563	2.409
62485	2.409
7190	0.0
68568	4.918
953	2.509
6787	3.037
132	0.0
571424	5.954
58968	8.349
9128	7.887
11588	0.0
452568	0.0
7090	0.0
21171506	0.0
10245	0.0
13865630	0.0
11246	0.0
7430	0.0
13448	0.0
21111758	0.0
12831	0.0
14942	0.0
6735	0.0
62359	0.0
21108549	0.0
7847	0.0
12674	0.0
62938	0.0
20140	0.0
10273	0.0
15644	0.0
11824	0.0
61196	0.0
21723	0.0
66365	2.434
62618	0.0
73658	11.676
7921	0.0
13867055	0.0
11304	0.0
13835126	0.0
69792	5.854
21111776	2.433
13881395	0.0
78722	0.0
21170125	0.0
33137	2.434
11145	0.0
6574	0.0
73537	0.0
14309	0.0
7175	0.0
13859497	0.0
14956	0.0
1306	6.463
13835344	0.0
13258	3.165
17720	0.0
33621	0.0
66385	3.026
11507	0.0
12013	0.0
6023	0.0
7186	0.0
776	3.050
21111723	0.0
62471	0.0
10303	0.0
14348	0.0
258907	2.984
10894	0.0
21159611	3.031
14918	0.0
12690	0.0
61763	6.062
19669	0.0
60464	0.0
60093	2.441
7662	0.0
53706	0.0
11332993	2.936
21106121	0.0
13868642	0.0
6828	0.0
70309	6.349
13867714	6.114
10248	0.0
79453	0.0
12669	3.048
59562	0.0
6878	0.0
7199	3.025
21112367	2.461
39404	0.0
9454	0.0
9218	2.936
11781	0.0
17347	0.0
11638	2.388
7740	0.0
217532	0.0
70512	2.473
12244	0.0
60032	0.0
62536	4.878
72274	4.967
6950	9.129
18107	0.0
11971	0.0
8998	5.212
1928	2.876
10977	0.0
91446	2.464
11585	2.513
11589	0.0
62484	0.0
63310	6.311
11776	0.0
23422	4.707
10380	8.080
7176	0.0
8382	5.572
88942	2.413
638258	8.080
13036	3.039
6724	0.0
11289	0.0
11626	2.936
13846959	5.527
10396	5.295
10243171	2.937
124	0.0
191	0.0
9225	2.937
81061	2.409
10972	0.0
11369	0.0
11773	4.922
10297844	5.450
6482	0.0
11576	0.0
10256859	2.413
73183	5.599
68122	2.503
5593	6.101
11587	2.409
608157	3.039
68837	0.0
5878	5.574
10181338	0.0
13257	3.167
62884	2.409
75095	0.0
1446	0.0
20160	7.628
62307	3.050
2005830	5.854
6079	0.0
10980	0.0
13866746	0.0
61190	0.0
31082	0.0
58333	0.0
6942	0.0
7301	3.108
21112244	0.0
63002	0.0
12045	0.0
15603	3.0
7300	3.048
8187	0.0
15410	0.0
67145	3.108
63057	2.509
7925	0.0
21111810	2.491
62633	0.0
7302	0.0
11372	2.998
67268	2.449
16913	0.0
67803	6.451
11573	0.0
11895	0.0
21278	0.0
21159579	3.257
6585	2.483
65704	0.0
6957	3.039
55242	0.0
11353	2.485
124512	2.481
61790	0.0
21106584	0.0
10966	0.0
13669	0.0
21106577	0.0
73763	0.0
59691	0.0
12047	0.0
21108577	0.0
6748	2.547
21105998	0.0
510851	0.0
10621	0.0
60092	0.0
62483	0.0
11003	3.108
6835	2.522
72918	2.522
15016	2.414
12259	0.0
63503	0.0
10539	0.0
11354	0.0
11488	0.0
62656	3.050
21111840	0.0
13029	0.0
66663	2.461
13839012	0.0
7928	0.0
60259	0.0
5966	0.0
73125	2.454
32882	0.0
11450	2.476
12586	0.0
13668	3.015
77230	5.994
7001	0.0
31264	0.0
14948	0.0
62390	0.0
12830	0.0
14690	0.0
60900	0.0
2972	2.903
11009	2.936
11584	0.0
8381	9.134
58331	2.413
13854242	2.514
10897	5.6
72141	5.120
3637837	0.0
63495	0.0
73626	0.0
72466	2.462
13846663	0.0
72148	0.0
68265	0.0
73512	8.435
61199	0.0
62698	2.382
15093	0.0
376	0.0
15244	3.052
10298355	4.925
11484	6.104
21106900	0.0
1583	4.919
50	0.0
8127	0.0
67229	0.0
13846749	0.0
61279	2.407
15663	0.0
9574	0.0
9547	0.0
284794	3.039
5622	2.945
9965	0.0
7805	0.0
6175	0.0
7279	5.951
11628	0.0
63512	0.0
121262	0.0
13476	0.0
222	2.518
6032	0.0
63328	0.0
6658	2.372
331	0.0
6675	0.0
14560	0.0
20861	5.115
7399	2.937
7141	2.511
79400	8.614
6246	5.797
10411	2.937
15753	2.930
11563	0.0
62357	3.067
7142	0.0
8155	0.0
68899	4.874
21185	0.0
11591	0.0
12055	0.0
61257	0.0
6270	0.0
7170	0.0
452969	0.0
452968	0.0
7116	0.0
6179	0.0
72051	0.0
13835108	0.0
11424	0.0
4436353	0.0
6296	0.0
15494	0.0
9425	0.0
14530	0.0
21159425	0.0
20124	3.062
15488	0.0
21171393	0.0
29024	0.0
64152	0.0
7926	0.0
77127	0.0
83365	2.970
8277	2.449
62583	4.879
21106529	0.0
7929	0.0
11434	3.052
62453	0.0
61418	0.0
1346	3.214
63533	0.0
60462	3.264
63208	0.0
12697	0.0
1688	0.0
60937	0.0
68404	2.543
21106540	0.0
70085	0.0
10237273	3.081
14340	0.0
7114	0.0
68709	0.0
21106585	6.052
55806	4.810
2973	2.681
13249	0.0
7364	0.0
6855	0.0
13272	3.062
6898	0.0
66847	0.0
15886	0.0
12840	3.053
38364	0.0
14559	0.0
12861	0.0
6620	0.0
1615	2.947
63956	2.463
27488	0.0
61381	5.102
71213	2.528
71964	0.0
15435	0.0
13848793	0.0
10446934	3.157
61542	0.0
6906	2.515
6864	0.0
15489	0.0
13490	0.0
61594	5.650
23083	3.011
70988	0.0
78578	3.052
11449	0.0
14413	3.347
6478	0.0
15418	0.0
54970	5.846
61599	0.0
6907	0.0
25276	0.0
21170959	0.0
6222	2.968
11446	0.0
7174	0.0
63319	5.395
8333	0.0
79481	0.0
60631	0.0
61749	0.0
1278	6.222
91500	0.0
8861	0.0
28829	6.508
8282	0.0
11624	0.0
15517	3.241
18799	5.846
68816	0.0
11399	0.0
4590	2.949
62467	2.409
8071	0.0
62328	2.407
1675	0.0
10025	0.0
84565	0.0
11476	0.0
13048	5.113
29091	0.0
62795	6.042
71934	0.0
7092	2.373
6707	0.0
531832	0.0
434	0.0
66572	2.945
70021	2.407
24438	0.0
6824	0.0
14869	5.587
72291	2.496
9929	0.0
5584	0.0
6854	0.0
61739	0.0
66716	0.0
2632	3.039
655	6.105
34195	5.409
8055	2.553
8111	0.0
84452	0.0
5027	14.981
5237	9.340
13846015	0.0
7069	0.0
67479	0.0
13882366	0.0
7098	0.0
2656	0.0
61311	0.0
21105876	0.0
7097	2.511
10287	0.0
21159574	0.0
22012	0.0
29023	0.0
66369	0.0
7091	0.0
13835351	5.847
71995	0.0
83338	2.518
17879	0.0
20971	0.0
21112533	2.484
76852	0.0
61383	3.518
16951	0.0
11897	0.0
9571	0.0
7325	2.912
12691	0.0
11373	2.998
61273	0.0
10407	0.0
70450	3.085
10425	0.0
10609	2.951
2388	2.516
70652	0.0
21159598	0.0
6716	0.0
9961	0.0
14582	0.0
960	0.0
11898	0.0
11421	0.0
21106172	0.0
6575	3.467
6916	0.0
71926	3.102
73945	0.0
9089	0.0
10289059	0.0
6825	0.0
11961	2.486
19862	3.318
15092	0.0
12524	0.0
12667	0.0
21168862	2.486
71672	0.0
70048	5.953
7311	3.011
62914	0.0
8807	0.0
15105	2.472
21111772	2.491
16208	0.0
6872	0.0
2915	0.0
8099	0.0
67953	3.051
62933	0.0
60263	5.404
19739	0.0
59146	5.071
60357	6.170
2179	0.0
25604	5.535
14585	0.0
19331	0.0
69970	0.0
15998	0.0
10363	0.0
72174	5.113
61561	12.616
63211	0.0
21106171	2.486
6823	6.432
532	0.0
6552	0.0
6033	2.374
2923	2.449
65785	0.0
454393	5.115
73131	0.0
5142	4.883
13846658	0.0
18708	0.0
10256	0.0
9075	0.0
65715	4.881
11580	0.0
6705	2.953
12114	9.709
15308	0.0
68579	2.505
15088	2.462
4444774	0.0
6928	0.0
6550	2.985
11595	3.026
616466	6.077
1103	5.863
19099	0.0
29090	0.0
21168888	0.0
7100	0.0
6655	0.0
12941	0.0
4445872	0.0
13837329	0.0
62501	0.0
7138	3.015
11437	0.0
6781	3.029
7914	0.0
66675	0.0
21169500	0.0
7889	0.0
205386	0.0
21733	0.0
12515	0.0
21170956	2.525
62372	5.809
11899	0.0
5374	3.132
67895	2.438
29002	5.850
21168556	0.0
8836	3.111
16109	0.0
61759	0.0
21106571	0.0
7103	0.0
60596	0.0
8862	0.0
10033	0.0
14414	3.467
11969	0.0
66759	0.0
66460	3.016
6770	0.0
6901	0.0
7119	0.0
61388	6.3
8662	0.0
21111849	3.111
63350	0.0
68350	0.0
70962	0.0
21106124	3.110
12291	0.0
59892	0.0
12696	0.0
19526	0.0
21159439	0.0
8434	2.520
7121	0.0
6757	0.0
70660	2.898
62756	5.206
16096	2.924
6834	0.0
4775	2.698
16644	4.878
7427	0.0
3581	3.079
970	0.0
6840	0.0
13493	0.0
3915	0.0
8860	3.172
11013	0.0
6592	0.0
11447	0.0
5004	0.0
5820	3.039
21106163	0.0
12274	0.0
5899	2.701
60188	2.374
78873	2.406
11475	0.0
6235	2.936
10801689	0.0
10582	0.0
11398	0.0
745600	2.934
9413	0.0
6586	0.0
64143	2.506
328957	0.0
13699	6.121
11974	0.0
17097	0.0
6856	0.0
13693	0.0
21106365	3.172
5606	0.0
12275	3.084
18	0.0
67788	2.428
5612	0.0
10986	0.0
12236	8.906
61560	0.0
61352	8.810
6845	0.0
8182	0.0
21171396	0.0
11472	0.0
24499	0.0
61101	2.463
21106146	3.017
6768	0.0
60012	0.0
7284	0.0
13856885	3.018
19816	0.0
6386	0.0
68220	0.0
28952	0.0
8058	0.0
6771	3.036
21159597	0.0
2991	0.0
12017	0.0
67790	0.0
72806	2.897
7120	0.0
13863774	3.018
74935	0.0
12307	0.0
62631	0.0
16896	2.871
10235	3.094
69150	0.0
6746	3.152
23472	3.029
5091	0.0
13090	0.0
24905	2.995
12100	0.0
7118	0.0
7355	3.084
7296	5.041
10664	3.017
123905	6.303
454604	0.0
61717	0.0
9886	3.173
955	3.018
7145	5.528
12864	3.161
8793	0.0
1118	5.541
65703	0.0
63555	12.453
453633	0.0
6601	0.0
2980	9.132
165975	0.0
453910	0.0
512092	3.094
2372	2.696
9779	0.0
16612	0.0
66916	0.0
61264	0.0
11614	0.0
71166	0.0
8470	5.955
2169	15.018
11982	3.018
200562	5.558
70280	8.496
10778469	0.0
15983	0.0
67282	0.0
9838	3.079
5816	3.052
27057	5.814
7268	19.279
10289	0.0
63453	8.799
56797	6.075
1061203	8.799
14760	0.0
8310	0.0
11443	2.547
18177	2.946
24341	3.191
9109	0.0
59462	0.0
7758	0.0
13836549	0.0
6420	3.012
59526	0.0
8463	6.061
61280	3.015
7162	3.019
67007	0.0
62931	0.0
68907	2.440
12499	0.0
12249	3.015
21170967	3.025
8045	0.0
7909	0.0
21171999	0.0
61475	0.0
8118	0.0
12072	0.0
21111786	3.017
9554	0.0
61569	0.0
7275	2.765
14360	0.0
12071	0.0
6576	2.493
74932	0.0
7207	0.0
61399	0.0
9824	0.0
21106020	3.018
64618	3.171
13073	3.408
11290	5.519
62486	3.025
10824	5.529
10034	0.0
10833	0.0
15216	0.0
81679	0.0
7166	5.524
63538	0.0
284177	6.321
6846	0.0
64166	0.0
65903	3.126
21171513	3.018
66547	0.0
453123	0.0
12213	0.0
7163	5.521
1441	0.0
3542441	8.047
13863300	0.0
5555	0.0
9856	0.0
15474	0.0
2016563	2.406
7203	5.799
15796	6.094
6751	0.0
6857	3.111
11516	0.0
5532	5.462
6900	3.049
6642	0.0
7125	0.0
70500	0.0
5562	0.0
8054	0.0
67230	0.0
67257	2.414
15359	2.406
2063	5.452
9572	0.0
6797	14.111
9946	14.710
6593	3.168
9826	3.088
66528	3.014
61789	3.025
3229	0.0
13856959	0.0
76286	0.0
7201	3.025
15636	0.0
13927	0.0
483123	0.0
21105887	0.0
7830	0.0
10408	6.135
9535	0.0
6484	3.016
21106127	3.017
6709	3.015
75176	3.019
12523	3.104
68247	0.0
62332	3.014
11900	0.0
70915	3.022
62289	0.0
7214	3.028
15471	0.0
62361	0.0
11468	0.0
7202	3.025
13853943	5.532
10035	0.0
12681	5.206
7292	6.079
74171	3.019
75956	0.0
7315	0.0
105768	0.0
15161	0.0
306959	0.0
58578	0.0
18227	5.948
70806	0.0
16310	0.0
3924	4.765
9219	2.948
66512	3.022
526	3.025
13925	0.0
7167	5.554
65693	0.0
27749	5.964
1484	2.547
2356	2.936
8057	6.259
6610	3.049
7060	5.553
8030	0.0
11593	5.486
61517	0.0
7313	8.626
60933	0.0
610932	6.081
525531	2.513
10274392	3.053
3008	5.956
6546	0.0
4029	9.369
8459	12.108
13924	2.508
12670	9.445
2621	3.065
4233	3.127
63515	0.0
1540	2.434
15683	2.838
2359	3.065
6837	0.0
9073	0.0
17440	0.0
4959	2.963
17704	0.0
15113	0.0
61086	3.015
61785	3.048
63077	2.449
6725	3.016
21106036	3.016
8567	0.0
13865683	0.0
62479	3.025
3395	0.0
13853953	3.014
9549	3.016
8086	3.015
21106095	3.019
10864	3.014
7171	0.0
11972	0.0
21106013	3.017
61281	3.016
12263	3.016
6508	0.0
11901	0.0
10834	0.0
13721	0.0
3005	6.379
60006	3.036
11249	0.0
11429	3.029
7148	3.018
120011	3.015
25605	0.0
10378	2.765
11641	0.0
28714	0.0
9130	6.092
61087	5.527
13422	2.923
62928	3.032
9569	0.0
2066	9.153
9515	0.0
13887609	0.0
13697	0.0
2384	0.0
61672	5.466
13075	3.168
2695	0.0
9442	3.019
13707	2.518
15724	2.924
2661194	5.527
6229	5.923
8106	5.029
10181821	3.161
14688	3.207
2848685	5.524
2673	0.0
5739	0.0
5561	0.0
12680	0.0
2745027	3.019
6753	0.0
62668	0.0
13105	3.161
5686	2.974
14810	0.0
4286892	8.027
9873	0.0
523754	2.418
60090	0.0
14584	4.938
2424	12.720
6468	0.0
1909	11.359
70071	0.0
4740	5.978
12329	0.0
59885	0.0
7274	9.394
72680	0.0
29135	0.0
11397	3.037
10630	3.029
11581	3.025
11427	3.029
59403	5.948
7169	3.025
69973	3.025
11146	0.0
21168823	6.054
25097	9.252
10426	0.0
6838	3.107
8331	0.0
61014	0.0
7923	0.0
63718	0.0
6858	0.0
61148	0.0
6763	0.0
10848	3.377
59487	0.0
10633	0.0
6714	3.015
63567	0.0
10619	5.990
11279086	5.977
13323	2.795
62363	0.0
11967	5.527
9206	0.0
11577	3.019
11428	5.495
67597	5.948
63320	5.534
11582	5.488
6713	5.534
21272	5.524
58568	0.0
60158	5.552
29117	0.0
8366	0.0
12355	6.214
8254	0.0
57727	2.994
18409	0.0
4596	0.0
2468	2.7
3214	4.784
7260	12.146
3215	0.0
7210	6.052
10618	0.0
967	0.0
2272143	7.740
61540	0.0
5129	5.365
12057	3.017
6213	5.907
6438	0.0
84451	3.168
13837584	0.0
62340	3.038
21106035	3.016
21106576	3.048
5399	0.0
67212	0.0
12504	0.0
21111865	3.015
6588	3.051
11902	0.0
11567	3.018
4471	0.0
12722	0.0
86040	0.0
6783	3.281
20311	3.407
70990	3.035
528656	4.907
21106145	3.027
21106581	3.026
11267	3.012
11395	5.476
59164	3.440
69450	3.015
11337	6.138
64012	9.299
10284	3.031
226885	3.157
8329	0.0
12339	2.539
10230	0.0
9805	0.0
12874	15.160
8800	0.0
62303	6.097
61150	0.0
60173	3.026
3613	3.103
8104	5.078
17162	3.023
69027	0.0
6220	0.0
305	0.0
3300	0.0
71976	0.0
8816	0.0
11594	5.439
6848	0.0
4819	11.090
5882	3.026
2068	12.516
13835294	0.0
6639	0.0
2911	6.007
21106178	0.0
60889	3.013
85490	0.0
6899	0.0
69290	5.951
7037	0.0
11903	0.0
8188	3.026
59546	0.0
62472	3.030
11283	0.0
62389	0.0
6381	3.025
10169	0.0
11586	3.028
13066	5.486
63522	3.022
11277	0.0
14613	2.583
8298	3.106
9192	6.568
6554	0.0
4575	5.921
13133	2.983
12858	6.120
6221	5.921
6767	0.0
62751	2.405
62493	0.0
28947	5.978
6371	0.0
9002	3.018
2079	5.924
15702	5.968
6515	0.0
65700	0.0
5145	8.574
77916	5.508
31144	0.0
6505	0.0
8846	0.0
2951	0.0
7407	5.975
58587	5.444
20277	3.028
11359	0.0
56177	15.478
10243	2.484
15403	18.637
5026	11.607
59971	0.0
9394	0.0
86894	0.0
9438	3.026
70319	0.0
21106111	3.031
26691	3.016
5363	0.0
7177	3.029
21106574	3.016
2607	3.389
12018	0.0
11308	3.054
2181	9.663
74123	3.028
25957	6.774
13959	3.072
11276	3.062
60100	0.0
6514	0.0
142204	2.693
11618	0.0
2387	5.933
17967090	9.265
8183	3.027
11202219	5.441
120096	0.0
6080	6.258
10616	3.031
14952	3.005
8799	0.0
16359	3.028
4599	5.941
11178542	5.448
7044	3.024
62381	0.0
2457	5.937
2075	2.985
6447	2.551
6927	9.167
2283	0.0
8067	0.0
13909	2.376
9832	12.169
9522	0.0
8181	3.027
7289	5.858
149513	3.037
46739	2.962
59020	0.0
62963	0.0
3345	0.0
59928	0.0
60047	3.538
10490	0.0
85216	0.0
63738	13.0
21106506	6.065
3871	2.726
6369	0.0
55194	0.0
65061	6.783
15089	3.030
3009396	8.160
224468	0.0
2626	5.836
5304	5.879
5507	6.023
194210	3.040
9189	8.393
9697	3.226
11338	3.048
62252	0.0
5138	8.533
10871	0.0
5632	5.941
2849	5.032
1611	0.0
3218	0.0
7152	5.513
62362	0.0
5376	11.034
8253	0.0
4268	6.476
7042	3.028
62477	3.022
62098	9.949
6454	2.560
7108	3.027
7259	0.0
9894	6.326
6389	0.0
2629	3.022
15596	3.037
10542	0.0
79719	3.018
27183	3.013
22739	3.516
12310	3.048
69703	0.0
10257	6.062
62663	0.0
4735	3.410
68030	0.0
62525	0.0
16358	3.032
7168	3.025
4024	8.723
4317	11.982
7975	5.955
6453	0.0
6215	0.0
3762	6.034
1991	5.437
6442	0.0
10081	5.943
2246	0.0
21360	5.403
2117	0.0
65974	0.0
8105	6.364
1998	9.313
8235	0.0
8274	3.184
8804	0.0
9795	0.0
5134	11.601
8788	0.0
70514	0.0
63117	0.0
18924	0.0
62965	0.0
10452	0.0
455964	0.0
642951	3.026
67593	0.0
6214	0.0
48119	11.751
62966	0.0
8252	0.0
7258	9.441
6373	0.0
9190	9.214
11200	0.0
27486	12.824
12549	0.0
2297301	5.918
10554	5.923
13985	6.657
4444448	0.0
8151	3.024
13329	10.116
3987	3.030
7370	0.0
5786	6.730
4582	10.224
12336	0.0
6057	0.0
66909	6.421
11274	3.079
11297	0.0
24722	0.0
525308	0.0
7211	6.052
5571	9.6
5163	5.822
18716	3.023
4742	3.309
6433	0.0
62265	3.039
6517	4.922
11269	0.0
19663	3.028
29150	5.117
62754	12.979
4444926	0.0
15020	0.0
8163	3.027
11320	6.045
8150	6.052
64045	3.151
59976	3.004
63122	0.0
13777	0.0
28425	3.001
63119	0.0
4453	3.176
6764	6.062
14285	0.0
11286	6.042
8023	0.0
7358	0.0
66396	0.0
7988	0.0
11906	0.0
60886	0.0
7172	6.054
6216	0.0
64830	5.956
69366	0.0
13352	0.0
58910	11.035
62338	3.034
3208	18.531
49895	0.0
5302	9.409
60518	0.0
3765	14.433
63757	12.610
2034	12.834
21106037	6.052
11390	6.063
15010	3.032
2447	0.0
4617	7.095
64003	3.031
77934	15.469
4518	3.130
5740	6.333
11571	8.580
5131	11.905
5165	8.786
7045	8.583
5531	3.282
10442628	13.131
4444935	0.0
10085	0.0
13868426	6.052
6520	0.0
3228	6.962
6830	3.027
3508	6.325
2928	0.0
60108	0.0
63575	3.031
6464	3.012
2710	6.474
2839	0.0
14916	5.584
65648	6.315
8353	0.0
10009	0.0
11917	0.0
21106505	0.0
191496	0.0
60919	6.048
18983	0.0
21242790	6.045
4586	10.435
2810	3.225
11325	6.106
11271	6.112
1912	5.987
61577	6.264
14430	0.0
3521	8.465
9815	6.411
7970	0.0
67509	0.0
14979	8.573
17987	8.573
38123	11.970
3322	5.478
4478521	0.0
62645	0.0
64377	0.0
4433	9.348
10259	6.079
11387	6.074
4355	8.491
10442653	9.337
7155	6.072
11310	6.109
10248513	9.245
59493	0.0
73276	0.0
15209	8.528
66498	0.0
29343	6.590
3472	0.0
48922	6.379
4600	0.0
29156	3.050
6232	5.904
10696	0.0
61266	0.0
21965	0.0
62468	6.079
59489	11.604
3438	3.442
5437	16.431
3584	3.513
15968	0.0
11309	6.097
13153	9.231
11380	6.066
62217	0.0
31872	10.044
64024	6.089
14960	6.231
5075	10.063
9426	6.061
2562	9.094
8177	19.193
8073	9.096
6688	9.096
4514715	12.232
15521	10.091
3039	16.674
2160	13.457
68961	6.184
24584	9.467
68224	0.0
15484	0.0
13842838	11.928
1904	3.518
3618	18.740
13764	0.0
9180	0.0
3368	9.008
258050	6.363
7974	0.0
29054	0.0
9018	0.0
30913	9.553
5423	19.185
9028	6.058
2867	17.844
10581	0.0
10674	0.0
5515	9.372
6208	0.0