Compound Id	ALOGP [AMR]
502855	23.704
6191	12.869
26325183	20.456
5709	7.219
6153	8.309
16425	9.008
8521	76.828
23150	36.296
8520	63.317
66656	30.517
26824	62.198
18019	75.830
26325084	151.786
6190	17.704
11919	38.972
10696	54.042
26325083	138.275
10451	67.553
23101	49.807
122090	53.343
26325082	124.765
26325081	111.254
10449	81.063
26325080	97.744
66655	39.999
14021447	84.233
67991	37.606
109705	19.304
17619	24.737
692	6.307
291	0.0
6084	10.557
6094	14.709
7555	17.621
6120	20.0
7712	20.532
6308	23.078
9646	24.629
10781	36.472
15802	37.971
17976	42.712
7767	23.444
7604	27.530
7010	26.156
6163	29.477
6340	28.536
8560	26.355
11094	30.441
11023	30.608
11055	32.803
10786	31.613
7619	33.401
10755	34.326
11551	29.234
349	29.267
11035	33.519
11104	37.439
10795	37.071
10445	38.149
7849	32.179
17558	36.265
13439	42.855
13402	44.023
14840	35.090
13448	47.984
13619	38.002
7890	40.913
11882	43.825
11883	46.737
10540	52.560
7929	64.206
11897	67.118
11899	70.029
12017	72.941
12072	75.853
11900	78.764
11901	81.676
11146	84.587
11902	87.499
10542	99.145
11906	110.792
8878	28.278
11585	16.211
11557190	70.723
10452	40.532
108106	72.098
127983	2.243
78828	57.212
68328	43.702
67414	54.074
13837650	20.656
13853215	22.539
9392	22.539
10765	24.415
7674	26.174
14998	28.948
10614293	38.149
6156	22.196
12201	29.280
11109	26.321
24142	52.525
13622	49.614
16180	46.702
7891	43.791
12446	28.105
29025	35.056
12635	40.879
11121	29.232
7713	23.409
12809	37.967
7833	32.144
7556	18.957
7954	15.880
555074	32.225
7957	19.931
4516601	35.136
56442	21.784
4483639	24.861
4516599	36.843
4512361	35.136
4483638	24.861
4449912	21.784
4512642	36.843
18410	36.615
22408	0.0
66675	34.677
10113	25.835
9484	11.713
6085	9.976
7024	23.262
15438	30.792
8896	14.558
14751	29.252
221117	31.797
7787	17.470
8908	20.381
8909	23.293
8910	29.116
71433	26.130
22814	0.0
9095782	21.133
6151	17.579
6188	27.374
11099	25.160
73583	26.838
7340	52.2
8158	32.870
11110	29.198
9642	14.257
11996	31.110
10756390	68.188
62827	15.798
7626	32.010
10265264	34.878
56117	35.111
11230	24.282
63631	29.487
11086	29.741
11841	39.579
6402	44.539
1406720	63.146
1114	19.988
14692	40.844
10179173	34.878
21800	31.797
8544	22.134
7788	25.045
4927801	90.123
10325078	25.347
55188	29.894
68224	68.188
24263	44.991
6364	41.926
11749	26.296
14672	26.816
11228	22.511
11857	27.957
391428	44.991
10733068	85.235
454638	65.353
9990	19.568
6309	24.576
7557	20.294
558883	26.198
56020	26.198
10124	28.858
6111	8.735
10265270	35.059
14198	43.317
7180	46.855
9411	22.717
6149	22.214
15765	31.797
553642	30.869
15413	40.154
7182	47.698
10669	45.634
8569	34.487
12220	40.311
7823	28.664
11849	28.044
10441	17.306
3168	21.6
11833	23.750
455420	32.485
10709	20.838
10179239	35.059
11761	38.184
6108	22.366
69914	51.141
59573	26.523
11671339	51.141
7956	13.013
55090	28.194
10053	28.1
28993	48.494
10054	25.116
9461	22.155
16791	33.564
11117	29.541
205483	17.360
10979	47.969
61346	20.616
6186	32.208
69371	42.471
69569	51.117
7181	47.476
99596	26.182
11351244	32.529
16841	16.898
61266	8.725
6187	32.208
2656	44.033
6827	40.882
20939	46.015
7817	27.442
11788	26.754
13835316	20.461
6270	46.438
454209	19.377
9633	28.953
9377	23.130
9243	10.863
11148	6.569
923	1.945
6121	20.811
6315	23.723
6118	23.794
8577	42.595
14349	39.684
7852	36.772
14680	33.861
7776	28.037
7330	25.503
6122	29.142
7732	20.999
11729	23.481
6307	27.579
13255	26.036
10512	24.961
13837797	31.338
6098	14.777
10536	40.662
7827	34.839
9233	27.775
18607	27.013
5730	26.849
10526	27.873
120464	31.272
24590970	29.165
7733	20.397
7850	33.696
11865	30.785
7714	22.050
10437	19.138
6097	15.606
12219	39.591
7848	36.680
61487	31.177
11863	33.768
7810	30.856
7766	27.945
7711	25.033
7552	22.122
6092	18.590
12010	36.204
11830	33.292
10497	30.380
31029	27.469
6100	23.937
12228	0.0
6042	26.217
13836713	23.551
13803	27.273
7815	30.949
7560	22.214
6103	18.682
6635	50.696
6087	11.312
7721	25.126
6083	14.296
1039	19.187
6088	19.643
13837281	30.945
56232	41.419
5979	41.878
13837190	18.866
7074	39.701
7170	28.536
10534	35.821
10410	19.022
68503	31.430
14694	21.597
7090	6.435
7028	21.451
10487	23.572
13492	25.322
15747	28.234
8356	17.346
18971812	26.052
14688	53.065
71876	45.890
7128	14.268
7183	19.770
7088	19.127
15461	23.975
13299573	23.424
7073	40.358
2340753	24.581
8554	19.778
10340	7.352
13487	22.411
7385	13.676
8531	20.701
7448	20.701
764	5.129
10325184	24.406
6406	26.418
12066	16.897
7738	1.619
10404	19.499
7419	16.587
7219	10.351
11660	15.853
6999	22.008
18688	35.409
7737	16.867
1108	5.502
236	0.0
7521	11.004
7641	11.004
7659	16.506
11871	42.632
55130	34.847
10433	35.720
11992	31.935
10253	19.770
60886	6.98
83962	53.433
12161	29.263
7671	39.732
10446	31.217
62249	31.115
11526	19.036
7672	26.555
7786	35.568
8335	20.701
7657	35.099
22453	34.447
7065	31.369
13875283	6.375
7553	23.459
11409	15.853
3631	23.036
13835836	31.675
55084	38.997
7694	36.085
7482	33.174
11716	36.085
11045	33.174
7515	30.262
13836549	5.235
13836674	20.475
6967	11.004
6977	16.506
21168808	13.526
960	55.518
61213	20.895
7472	29.823
11207996	26.836
29016	33.608
7747	30.696
7627	26.911
10571	27.075
7076	37.155
7003	35.580
9614	0.873
7739	7.794
8883	40.404
7757	47.111
7511	41.288
7509	38.377
29005	35.465
10420	32.553
7478	27.624
7475	29.642
7463	26.730
21111806	1.745
21111820	13.296
21171407	28.806
11910	25.421
13850082	58.905
7872	39.797
7875	45.620
7913	51.443
7670	42.98
8568	33.973
14846	39.906
7800	36.994
11843	31.062
29012	28.150
10797	35.519
7538	34.083
7536	31.171
11755	22.839
7706	25.239
7761	29.536
10492	26.624
11680	25.348
11706	28.260
10653	22.436
68179	29.512
11727	12.858
21108550	1.745
9724	42.305
11731	26.980
8950	14.902
14866	29.274
6720	45.224
7559	16.366
10236	16.506
7012	24.458
11065	25.111
28981	34.9
99681	57.070
8525	21.707
6176	29.897
7081	27.536
6313	21.381
9903	12.642
55123	29.901
12012	26.990
7534	37.689
10791	30.880
11125	24.078
7782	21.167
6316	25.24
9325	1.745
123860	39.708
28986	32.065
6335	17.413
7616	21.105
7129	14.429
10788	28.935
7621	29.587
8329688	23.878
10777	25.857
441	31.3
7838	28.388
5949	25.477
29029	34.211
7772	22.565
256	19.653
512	16.742
21169510	37.221
7676	5.616
13875281	11.118
7220	10.147
7248	15.649
11661	15.649
12674	20.441
8097	15.554
12972	43.711
9976	37.888
7514	32.065
215929	34.977
11025	29.153
7734	17.635
7016	26.242
1095	23.041
2038738	6.199
12259	27.511
13836589	24.056
172	11.718
13836520	30.920
13875230	11.118
18219	34.774
10801109	46.910
29004	30.225
7871	41.6
21153	44.511
7802	32.865
12218	38.688
12632	35.776
7760	29.953
11095	27.042
21106173	30.225
7607	24.130
13866746	4.363
7577	13.341
7506	48.385
9228	6.488
7239	13.490
11647	29.672
7530	36.038
1266019	60.449
109838	28.350
6321	21.218
13874867	27.308
6314	20.723
4510484	39.005
62530	13.262
13842613	11.465
7391	11.610
7242	8.810
26325086	31.645
13862665	26.576
15443	27.554
124968	1.157
9581	8.188
66809	7.316
221082	16.051
13875320	14.101
6642	33.013
13835376	32.644
127750	31.882
13857694	11.231
7673	8.599
7662	16.847
363458	28.352
7684	29.063
61111	0.873
13875196	8.188
11042	11.235
24972	17.197
28992	11.465
13875160	11.118
13875258	14.101
9994	13.955
29015	22.087
4446445	35.623
4444608	29.8
394562	22.270
13839199	5.733
18724	19.127
7238	7.316
21105959	12.818
13866817	11.231
13875392	14.101
13839575	35.1
6322	20.843
558020	1.184
21132380	11.235
13677	10.351
65750	19.499
63903	13.676
10940	11.235
13865438	12.818
13868640	17.198
29001	26.09
21106135	12.818
13837988	11.231
10400	7.551
8067	33.694
13839109	32.750
21105905	10.351
11077	11.004
906	0.0
13865426	31.602
10710415	32.135
21106560	10.351
20843	11.465
15965	19.814
70682	44.092
13658	22.93
11862	38.269
7710	29.534
7809	35.357
7765	32.446
6794	22.879
26516	23.110
17131	21.947
21106520	5.502
924	14.291
13862559	16.847
6788	5.502
13861343	24.603
73412	29.462
8904	0.0
13874733	5.502
24535	24.866
25552	17.621
10437215	15.142
11087	13.946
10909	11.004
10918	11.004
15489	5.616
2441	43.763
10939	29.524
11784	5.616
8868	1.619
7518	14.215
21106019	11.910
24533	8.810
1020	0.0
2039535	11.610
8374	22.726
21106586	36.407
11756	15.231
71089	5.899
7688	5.733
8902	0.0
10937	11.004
6897	16.282
17443	7.316
6883	11.988
11785	5.616
7240	10.147
503239	14.291
21106571	22.462
10908	11.004
3463	75.801
16388	53.217
6828	0.0
7161	46.593
8141	20.268
7679	23.179
4444456	25.277
66996	5.992
13840690	10.328
11667	12.931
13864445	16.847
21108548	14.819
21106163	22.462
14256731	55.131
6311	21.285
30595	17.491
13865424	11.796
13229	46.617
7175	17.491
7157	17.491
917	22.528
13875356	17.198
12044	5.502
12682	16.506
71628	38.339
9363	1.184
6296	42.646
70715	8.801
62632	54.497
78998	51.586
11884	45.763
16177	42.851
15853	39.939
67360	37.028
11866	28.293
15846	34.116
29026	31.205
11846	25.381
7770	22.470
7717	19.558
62808	0.873
21106366	15.320
7420	18.105
21168831	14.780
455090	14.291
71437	48.503
13063	10.351
558878	50.239
25886	38.376
71430	28.429
559096	59.381
13868660	19.562
707	54.081
387	18.992
10018	19.808
61001	17.205
20570	14.291
21106540	22.462
15855	46.593
7790	17.559
8903	0.0
62489	7.316
8899	7.794
13634	10.147
13630	8.599
553578	50.239
66565	2.367
10437135	11.610
66021	6.102
7221	10.147
7383	17.763
6339	42.030
6736	5.502
10851	11.004
10850	11.004
23977588	76.989
24043	28.037
12069	25.960
191367	23.049
11799	20.137
7615	17.226
11265	39.048
67653	38.125
21106032	26.479
1348	8.595
66896	41.998
62534	12.944
62408	12.944
7389	7.442
38364	19.830
12045	5.502
2003	78.029
17784	38.148
12637	35.580
21106524	11.796
13875212	17.198
19475	23.743
13647	21.753
21168826	11.796
6780	0.0
10841	11.004
25889	33.843
25890	44.437
10227261	59.528
220998	47.349
12954	41.525
13851576	13.311
12047	5.502
16736498	76.989
6478	9.731
8912	44.174
10849	11.004
11038	22.545
89076	74.214
199342	39.529
19477	35.082
6287	40.980
13811	49.905
14169248	32.587
10437074	5.616
21105878	14.632
21168813	16.273
235	6.294
8186	16.273
13872122	21.088
8098	0.0
6737	5.616
6789	5.616
15861	16.506
4445317	62.281
11632	35.702
13885245	20.831
8674	14.632
7132	10.770
11783	8.599
27488	19.830
10813	11.004
7202	14.218
30516	38.614
26325090	33.326
21112023	11.643
13876539	10.843
68676	23.220
551	1.619
11776	25.797
66895	30.352
66887	27.440
9893	18.706
63518	24.529
59482	21.617
6881	15.794
13839308	10.748
10586285	13.876
218253	5.616
7689	6.102
63310	35.763
7299	4.601
10829	11.004
12957	27.876
84036	32.170
68152	33.854
24041	33.7
19953955	22.562
14556	16.282
21106140	29.533
1361549	34.891
10831	11.004
23886	11.231
33421	11.231
70714	8.599
15755	11.231
14995	11.231
14994	11.231
67470	11.231
15476	11.231
15756	11.231
6592	4.601
21943	30.788
10106	51.576
19956441	25.474
11930	32.729
10384035	11.610
65936	6.199
14227	16.386
11584	20.588
13867714	0.0
19957731	34.209
120489	7.316
7302	1.619
16387	48.556
502245	24.854
5708	28.638
16159	34.205
13648	10.770
13835126	16.386
34863	16.847
23730	24.344
23621376	19.030
21106146	9.392
12231	32.942
15619	16.506
15789876	73.972
7224	6.199
11600	13.646
21106144	9.392
13863774	9.392
7138	3.89
6604	11.231
25677	22.462
6840	6.220
12816	6.294
21111781	13.610
15475	11.231
15477	11.231
15478	11.231
15524	11.231
158870	16.847
157093	16.847
83374	16.847
457144	16.847
135925	16.847
457145	16.847
8807	10.319
19476	29.213
28969	11.716
13863629	7.913
7278	16.538
13644	10.770
21106014	11.910
6852	7.316
6735	8.599
30572	29.444
21106013	9.506
26260	16.506
4932499	22.008
12586	55.533
7964	51.362
6193	54.274
15620	16.506
11708	27.892
13859497	13.766
9943	6.294
456015	13.490
63906	14.893
15621	16.506
11632871	58.129
13856009	10.770
8876	0.0
21106020	9.506
15488	5.616
84188	16.847
136000	16.847
135983	16.847
136001	16.847
136002	16.847
136003	16.847
84235	16.847
82755	22.462
82712	22.462
157094	22.462
103011	22.462
102798	22.462
82762	22.462
13849665	71.776
24326358	36.489
5894	20.051
68437	16.506
26010	11.231
30600	11.231
33455	11.231
33934	11.231
33932	11.231
34866	16.847
34665	16.847
34664	16.847
37904	16.847
34864	16.847
34188	16.847
34865	16.847
11974	34.396
33416	55.218
15409	25.697
21106036	5.635
8855	0.0
2915	7.794
13328	73.127
7225	6.199
7685	8.919
21111817	14.893
20124	8.599
2923	17.430
21106470	0.0
56793	22.462
454495	22.462
40191	22.462
56791	22.462
35581	22.462
56774	28.078
82765	28.078
2185	0.0
13853953	9.506
457140	16.847
27793	22.462
82754	22.462
457138	22.462
102897	22.462
457139	22.462
102947	22.462
97173	22.462
102720	22.462
102801	22.462
102833	22.462
102721	22.462
102856	22.462
102933	22.462
103066	22.462
97172	22.462
7030	17.067
62484	25.935
87265	20.240
12699	5.502
21429023	78.178
13837303	32.564
78	6.199
13837329	23.977
65701	24.717
59577	37.870
2283071	22.008
13104	44.569
21106008	20.926
247721	24.315
4489	31.029
13835706	47.971
2275	15.553
3918	45.825
106355	22.462
102741	28.078
97055	28.078
97198	28.078
5993	20.187
28682	10.770
13856959	11.004
553649	10.319
13848341	33.075
10864	12.489
10169	3.648
8860	0.0
6838	1.619
34874	22.462
36972	22.462
56788	22.462
533188	22.462
35579	22.462
16182	22.462
46262	22.462
35580	22.462
82818	22.462
56790	22.462
56795	22.462
33458	22.462
82777	22.462
35584	22.462
56785	22.462
56792	22.462
34189	22.462
34859	33.694
84346	33.694
56760	33.694
56755	33.694
33666	33.694
13867413	22.736
6781	11.206
13865630	41.663
7241	6.199
12061	15.613
15473	11.231
17099	11.231
17098	11.231
33933	11.231
15474	11.231
34868	16.847
37905	16.847
34869	16.847
37918	16.847
37915	16.847
34867	16.847
25605	16.847
26011	16.847
34870	16.847
34666	16.847
21924	16.847
36973	28.078
37744	28.078
46894	28.078
45444	28.078
56769	28.078
56780	28.078
34847	28.078
39406	28.078
35081	28.078
56781	28.078
56771	28.078
6842	15.587
10101	28.099
13835351	20.385
6773	20.385
102834	28.078
102722	28.078
154865	28.078
96948	28.078
102743	28.078
102857	28.078
154866	28.078
106356	28.078
102787	28.078
97240	28.078
102742	28.078
136966	16.43
13054	19.066
7636	21.652
21105699	0.0
29107	24.259
7029	18.465
19231	29.262
67460	18.525
9873	13.140
17868	0.0
6524	50.543
8243	51.275
6528	57.098
13837319	45.452
8241	39.628
11422	18.835
6855	10.770
69982	35.316
97257	33.694
97224	33.694
102923	33.694
96868	33.694
96864	33.694
97234	33.694
97233	33.694
154062	33.694
97142	33.694
2075	40.745
21106148	11.206
6023	18.507
65763	15.799
56782	39.309
36977	39.309
83414	39.309
84348	39.309
82823	39.309
11586	15.878
1278	0.0
62472	15.878
26563	66.261
36975	28.078
56778	28.078
43354	28.078
37779	28.078
45445	28.078
36974	28.078
35585	28.078
34848	28.078
84344	28.078
34850	28.078
82819	28.078
56772	28.078
82820	28.078
16415	28.078
56779	28.078
56768	28.078
56777	28.078
84345	28.078
34668	28.078
16736486	78.178
8111	0.0
642951	21.494
13300034	49.119
96965	39.309
33198	39.309
82783	33.694
34852	33.694
37000	33.694
37019	33.694
56765	33.694
39198	33.694
82740	33.694
56761	33.694
56756	33.694
56766	33.694
83413	33.694
34851	33.694
36976	33.694
56767	33.694
56763	33.694
5775	115.175
21106145	14.660
11422351	22.146
56787	22.462
35583	22.462
82807	22.462
56794	22.462
33386	22.462
33457	22.462
47912	22.462
82817	22.462
46893	22.462
33280	22.462
35582	22.462
33304	22.462
46263	22.462
553171	34.145
10488	21.376
34667	16.847
34871	16.847
34873	16.847
56784	16.847
34872	16.847
970	0.0
556589	23.853
29153	0.0
11917	2.621
204209	21.842
21106581	14.660
15827	44.925
70806	6.294
4437893	21.247
9824	5.346
2908	29.919
33407	44.925
36985	44.925
35205	44.925
15637	44.925
82821	44.925
8329	10.692
2625	42.935
86007	59.598
13835344	18.086
76154	22.535
73390	16.282
11773	12.397
11582	10.089
7172	7.78
2991	5.346
34853	33.694
37745	33.694
36978	33.694
34190	33.694
34191	33.694
36771	33.694
36710	33.694
56757	33.694
549017	33.694
84347	33.694
56764	33.694
56758	33.694
47914	33.694
56762	33.694
33984	33.694
33983	33.694
34860	39.309
82738	39.309
36982	39.309
36979	39.309
47915	39.309
56783	39.309
36981	39.309
37004	39.309
36980	39.309
222538	11.988
13848793	6.292
7176	14.553
7211	7.78
65523	11.988
13090	9.165
82751	50.540
36989	50.540
8800	0.0
62060	61.353
2975965	29.358
33282	28.078
46285	28.078
46284	28.078
82806	28.078
56776	28.078
47913	28.078
32952	28.078
45446	28.078
43353	28.078
56773	28.078
26325089	64.409
6588	3.89
2849146	11.988
10437335	16.282
33281	22.462
56786	22.462
56789	22.462
33456	22.462
46264	22.462
9187483	8.599
5978	20.035
10257	7.78
2699	44.872
5739	0.0
6577	8.657
8816	0.0
659	20.559
13835294	10.692
8817	0.0
526	10.184
7199	49.649
6514	21.043
36990	44.925
35912	44.925
45448	44.925
36987	44.925
36988	44.925
13860	14.862
33986	39.309
36983	39.309
36986	39.309
45447	39.309
35566	39.309
47916	39.309
46137	39.309
550258	39.309
33985	39.309
2928	35.743
8788	0.0
15484	56.156
20132	18.082
7315	7.643
6453	16.308
6753	6.965
9797	44.588
192748	19.768
8799	0.0
10437836	28.680
2121	31.340
34854	33.694
46136	33.694
82736	33.694
56759	33.694
36984	33.694
6621	11.004
17347	14.338
15517	18.484
56775	28.078
56770	28.078
11283	10.010
36029	37.801
35206	50.540
64155	26.280
34192	44.925
82822	44.925
8763	0.0
8804	0.0
5557	49.425
75956	45.793
6775	12.397
2246	0.0
5113	67.836
26325182	32.896
11672	12.397
105291	12.485
35108	39.309
29117	8.642
33316	33.694
5678	0.0
156255	23.975
18336	24.246
4449	26.886
12549	6.974
374462	21.063
13662	5.835
10437239	16.779
8351654	22.332
83191	91.090
5774	96.113
5145918	63.209
58496	131.755
92468	101.936
11439687	50.429
92494	99.025
91432	69.762
8124942	83.411
24722	47.412
133166	87.018
8101973	77.588
509179	56.837
67594	12.753
4228778	58.806
10162	56.535
4444479	111.715
4444107	35.449
21108577	19.304
5552	97.196
21486195	99.235
4911	33.221
75995	69.499
2424	34.872
4444362	83.237
14441700	20.080
23055	24.914
14829	21.383
6093	19.255
13848808	14.553
21105897	18.847
6898	20.666
4268	39.527
8058	8.856
8060	13.569
7566	16.647
62310	22.379
6338	13.694
10498	21.076
6057	30.186
21105848	16.174
518	N/A
7546	18.540
7013	29.669
10292746	76.125
13835550	17.869
6128	10.823
175	16.195
6745	19.651
10343	15.847
2041618	56.873
10784857	45.389
274	6.384
6106	32.392
62826	23.524
8543	23.567
6630	15.226
13837787	5.450
10772140	17.397
6148	16.548
62589	27.083
7686	26.044
56144	26.401
7791	21.459
6105	6.601
13837537	23.768
21106570	28.078
6135	9.307
2927	30.643
8262	4.008
3548	45.887
11434292	41.272
7624	33.691
38403	18.117
2282428	24.549
9251	24.541
13571291	16.271
71312	27.358
11153	11.520
3973	27.975
75951	36.937
68832	31.114
92731	28.411
6102	11.623
76894	51.426
4624	25.019
7794	41.260
70850	24.192
11811	22.519
7777	25.431
15482	41.991
7856	36.168
8562	30.345
7730	23.281
654	14.693
2062437	24.330
13837280	25.262
72551	39.848
7630	22.082
23208	1.443
11864	30.175
11845	27.263
454215	19.623
9254	21.733
9253	26.651
83734	26.568
553742	19.579
15077490	29.468
2018460	31.743
22191	34.025
72793	39.049
12442	18.896
2018165	15.873
7406	19.084
2271976	50.217
1448	10.345
21782117	76.125
12209	24.351
9286	11.090
391	0.0
4514529	0.0
16641	12.293
6125	20.660
6104	16.438
11911	31.267
6119	24.173
7551	26.623
15427	16.711
9256	11.980
4444553	49.058
10652594	37.824
21106179	6.860
71390	19.338
107412	20.541
558928	19.579
24641	41.960
2916	22.072
558875	25.215
2297441	36.986
29282	53.645
9120	10.345
12730	54.937
4471584	43.243
9088156	58.631
12456	35.998
17880	33.086
11806	21.440
7558	18.115
6095	13.266
6086	6.965
2293678	27.450
10364	7.764
29036	26.981
21111822	14.194
7681	8.692
13863618	8.859
12874	49.581
59483	45.574
2056044	21.41
3441	24.633
13638	27.282
11154	24.415
6326	25.710
10801842	47.905
4768	42.983
6774	17.196
20848	42.083
5932	93.61
10756	47.919
61149	20.426
6130	16.529
5977	21.364
13838404	29.790
7223	8.934
15495	25.290
5198	31.117
21105594	45.520
58234	44.282
21105591	58.395
12577	12.019
6145	23.723
6310	23.202
7606	26.114
23255	22.329
6123	19.417
8576	38.126
7851	32.303
15387	35.214
7811	26.479
7835	29.391
7769	23.568
7716	20.656
7564	17.745
6101	14.213
6089	9.919
217	0.0
13835977	19.082
7703	30.850
60329	25.256
7727	20.962
1609	23.874
6342	30.764
13869414	11.538
21106077	49.517
10481872	90.097
6179	36.321
7234	8.997
18941	54.775
4760	50.481
12705	45.276
11003	3.3
2169	37.778
10837	10.345
6916	25.290
8093	11.233
8030	10.841
12197	17.911
30713	20.927
6790	4.222
5027	32.573
552744	23.195
21112738	18.092
7677	22.178
48024	30.744
8319	4.222
26286843	77.525
29040	19.715
6132	11.695
6301	49.754
13850142	47.919
390927	47.919
19709	19.379
60121	14.174
13869434	15.226
13869462	15.226
13840647	15.226
13860491	15.226
9349	5.095
14620	39.102
14916	13.458
992	14.439
9016	21.816
8935	24.256
21106519	20.809
12133	33.897
4103087	14.567
5376	34.993
2760	104.634
9786472	112.569
196288	118.393
139025	124.216
60858	10.006
12933	49.599
10181341	11.769
7736	3.3
447	9.880
4759	44.306
33617	43.407
30881	42.013
4447447	60.829
28552	42.549
3438	47.020
3544	35.596
4444102	26.795
21106059	76.893
10675065	18.272
4514586	0.0
13854944	26.280
13860641	14.573
13853758	18.490
21159695	17.898
21106525	14.573
13854136	9.724
13835151	9.724
10991	14.573
13860692	9.724
29008	18.548
13860775	11.538
4745	42.817
13303	40.071
7466	24.480
11699	32.306
4366810	40.675
10422	37.763
11695	28.774
13869480	11.538
10892	14.535
13849981	49.754
15093	17.384
206493	13.66
13842001	34.868
13854248	9.838
11961	21.069
6002	93.154
7480	25.438
21106058	78.851
13836399	30.042
5889	4.222
299166	12.715
6835	4.222
3534	47.625
5162	57.433
75662	84.676
21106365	11.093
499714	29.442
558917	51.297
11629	16.174
14627	1.945
512621	37.492
3693	21.919
5026296	44.282
13836021	20.986
1087	2.886
4514549	0.0
13302	40.982
256210	1.945
13849989	51.297
15016	61.419
13836591	23.599
2654	50.934
13856352	13.386
15520	49.086
3841535	13.896
18717	33.9
455353	32.954
16778	27.131
7705	28.803
7728	19.305
59447	30.033
7528	34.618
13835459	25.449
13848467	13.608
13869451	9.838
13871489	44.339
13869339	9.838
13860817	15.453
21111772	21.069
13853943	8.112
21106518	14.993
6658	16.644
11369	44.403
11180	30.6
11739	32.506
11056	29.595
6146	22.065
11194	33.678
6165	25.143
11216	32.673
62230	35.750
11210	31.299
11732	30.855
7459	29.074
11024	27.534
5830	11.729
57726	42.468
72556	16.520
11610	17.889
124	14.333
238	7.219
15803	44.924
7026	17.609
7678	20.521
9970	23.432
13837686	8.180
10008	4.222
6807	8.180
21108576	14.993
11488212	14.666
27749	34.267
3216	74.767
4470736	103.865
4343	76.415
8103122	41.302
3652	70.359
49179	111.456
5791	81.938
70660	40.075
15954	33.659
11819	33.492
7622	30.581
99440	35.853
11239	26.129
11543	31.952
10790	29.041
15486	38.141
18920	32.318
11861	35.230
123993	35.196
11036	29.406
11029	29.406
11794	26.495
10511	29.406
21011	23.583
11678	26.495
3644	17.760
6320	20.672
10947	23.583
10787	29.207
11793	28.908
7236	26.714
55443	20.877
453675	23.789
69340	17.965
10992	12.779
5439	18.783
71193	16.838
2700	28.112
10251740	8.838
7190	12.721
11525	24.92
4481813	15.253
13871721	23.328
6974	11.164
16804	30.075
11778	15.453
11954	21.069
13860720	15.453
76394	8.144
7131	11.861
13876103	24.782
13871718	15.054
4575338	56.078
2937774	18.227
206561	13.933
7310	18.783
5233	35.550
197564	94.856
193441	95.483
9579	8.092
7533	38.023
6164	26.404
56559	63.847
9053802	52.201
29000	24.456
7434	35.064
6312	21.545
8398	24.622
11898	65.584
72522	62.673
7928	59.761
14348	56.849
2581	53.938
11891	51.026
7917	48.115
7915	45.203
7901	42.292
7892	39.380
7882	36.468
8574	33.557
932	30.645
7812	24.822
7837	27.734
6040	21.910
258	18.999
1004	16.087
682	12.555
9391	18.296
63156	27.699
12626	24.787
60524	19.730
59674	25.794
10248	19.071
16119	19.071
12643	26.556
11752	22.856
21106900	20.651
15753	23.870
3210	75.215
392447	17.463
13854242	20.504
7600	47.526
13872989	17.424
62597	20.336
4937830	16.304
69177	24.573
10244	24.573
8733	19.123
7568	16.376
6633	13.796
12229	1.945
31006	63.596
13860434	16.174
5551	96.367
13866593	26.603
21106015	17.605
13839174	13.569
11021	12.779
8960	10.568
11465	17.432
4590	24.476
2157	18.935
11809	20.516
748	7.015
12823	12.892
10328	16.511
120621	28.061
12445	32.366
20119	26.388
6334	18.563
55205	29.3
13816	23.586
26765	26.498
192642	28.225
122446	32.265
21181	29.409
28994	14.491
11460	13.138
7145	8.112
6550	12.383
106796	18.493
5550	95.121
5633	95.912
13860335	7.277
24099	22.034
15702	27.771
10996	26.952
7279	21.336
5091	61.341
1262	23.889
880	12.866
13837702	23.692
21106535	26.618
12225	5.899
773	3.3
864	8.261
415	20.780
1141	14.884
1664	4.222
21361761	17.431
21105998	22.335
12640	5.733
6480	5.502
10437210	8.230
776	3.3
8273	4.008
7397	11.991
71787	25.332
4777	35.501
9219586	19.546
2457	20.261
1266393	32.793
7021	21.336
11694	29.924
11244	21.336
13850879	62.813
6600	11.991
62964	44.708
3322	33.608
13047	25.027
10438331	12.607
5976	24.375
13846959	7.108
6688	14.235
5542	105.518
19232037	110.542
19232038	116.365
18547147	119.277
21587143	125.1
11286	16.273
8070	12.721
55091	28.380
733	20.516
25472	32.454
18801	27.858
68156	24.946
10857	13.796
589165	17.934
6610	10.006
8470	26.952
953	11.441
6593	3.3
21105870	17.595
63889	7.561
123207	10.544
123	8.859
2241	7.442
62466	12.944
62485	12.944
63968	1.945
13839128	13.569
83866	23.571
18707	16.779
7961	28.216
4450907	56.078
10254	12.944
62467	13.057
5236	29.176
5660	53.617
305	35.624
3741	19.675
12244	19.071
13839151	13.569
13257	7.447
32555	55.414
13835336	16.211
13835861	25.267
73479	9.510
13839123	13.569
9911	19.071
13865680	12.915
11604	12.915
13835772	8.067
61538	19.071
194092	16.796
8528	8.444
3008	32.567
7140	12.721
4611	19.546
21105859	14.593
13846658	2.565
66567	23.469
8140	13.796
1019	0.0
67465	23.870
79280	20.618
5807	42.280
11595	21.511
2068	29.578
6646	32.441
7443	4.008
83850	23.571
12060	16.240
14678	19.152
61411	24.573
28982	12.915
6330	17.889
11795	23.713
173	12.866
67270	16.644
6033	16.644
7092	11.142
58563	10.006
2925	26.3
8341	2.565
13839105	13.569
65	13.796
13846663	21.691
21106091	26.540
65785	25.273
11596	18.829
10243171	18.368
62517	14.174
86435	23.950
70652	26.861
70988	23.378
10464	20.801
13839012	2.565
4333	16.954
21106169	13.711
13839110	13.569
13839082	8.067
21105871	8.067
9874	16.573
11332993	18.368
28973	20.618
27296	17.706
11651	14.174
8665	9.880
61707	22.528
3584	37.874
4744	43.967
466305	28.339
10246	19.071
21109330	32.665
10948	22.050
13835224	19.138
13835235	14.554
81815	3.89
2206	43.147
86394	38.299
54833	53.235
7155	14.999
230	36.459
11576	18.224
2606	29.246
2079	56.382
42330	46.472
8657	9.880
10903	2.565
6907	22.379
11193	31.195
20545	65.427
6649	28.462
8012	25.384
6333	17.291
971	2.565
9454	12.641
577	14.165
10181339	16.634
44152	47.698
137720	23.889
13846749	18.847
8900	0.0
6177	26.346
7469	29.114
7064	29.836
10001	26.036
6341	22.306
259	20.579
1005	17.667
9326	3.437
967	30.643
11589	17.570
5596	6.787
13249	52.606
3951	21.649
8552	26.402
7701	23.490
7888	40.96
12013	46.783
2863	38.048
7803	29.314
171	12.644
7866	35.137
3756	43.872
10033	58.430
370	32.225
12071	64.253
10035	67.164
13884973	32.646
13029	19.411
6706	18.383
4962	9.841
4575	54.594
11591	13.513
9218	13.738
11107	26.377
3277	17.446
8183	11.109
79969	23.807
9350	3.437
10980	15.818
11588	21.166
9574	8.092
6674	15.818
10972	15.818
11563	21.166
693	8.794
10411	18.482
11625	21.465
331	9.784
7018	23.567
768	14.042
6586	7.219
64699	35.475
191058	17.990
5593	3.3
6739	2.565
10986	17.990
392	6.787
28947	16.756
21106018	13.682
13835630	38.865
13875219	8.180
13842573	11.164
6950	0.0
14299946	50.040
13030	19.411
9360	3.437
8071	12.835
10432	16.511
11294	8.180
4963	10.006
13875432	8.180
434	12.835
5139	22.679
19766	25.027
9547	8.092
13835293	28.178
13875441	11.164
11769	16.511
65272	131.812
191	29.360
10181338	14.535
7151	23.653
5541	101.295
592	19.005
13839441	23.288
13835209	20.377
13839416	26.2
63908	9.261
221226	13.555
26325085	53.164
61765	12.473
7001	19.411
6675	21.166
21105795	8.859
17339596	58.149
11080	6.787
4380	59.713
16359	16.725
63054	6.055
72056	43.670
34095	37.846
18685	34.935
62628	32.023
11875	29.112
48085	105.646
5026	15.364
1906	15.430
278	8.572
10606755	18.028
13839553	17.465
18177	20.085
5882	11.109
763	5.129
1015	3.3
12499	6.927
5915	9.943
7189	13.335
10664	6.455
7044	16.725
12478	8.763
68568	11.664
89258	20.501
10205670	12.654
26325087	54.428
26325088	54.428
6035	18.359
6013	61.032
937	0.0
13835604	27.278
21106172	19.411
7042	13.674
10628694	5.463
10616	11.109
955	6.455
1143	9.943
61191	8.999
12821	8.763
7098	8.999
9564	10.631
84971	32.441
388391	32.441
1710	17.187
6079	12.835
5554	52.596
13837760	5.129
132	9.784
2005981	17.934
10771217	22.620
18	12.349
1151	8.429
185	7.522
11083	13.796
8182	14.439
6988	13.796
6492	5.129
913	7.219
78467	14.555
9965	19.199
1577	4.222
440	38.404
120548	16.236
3513	35.433
744	14.964
7745	23.981
1078	23.537
11366	19.411
844	18.988
6371	18.754
10772050	28.158
7208	14.439
61739	5.129
11489	5.899
63863	30.531
5142	15.364
13835932	26.479
10975	10.345
1446	12.349
5553	55.647
6066	22.930
3350	12.349
40130	51.277
4878	5.129
8282	5.129
376	32.272
10025	35.183
5004	41.007
7142	9.784
10870	10.345
20198	49.125
1253	13.107
71	12.349
65234	29.922
6665	12.889
29400	85.288
1043	68.367
4067	71.848
62265	18.329
7150	19.682
55075	39.526
4444100	24.230
789	27.915
541032	30.927
96749	37.346
7984	31.728
3102535	2.565
64016	22.916
7146	12.349
361	14.913
6045	183.367
10197150	24.607
4599	32.797
472932	14.679
5768	68.774