Compound Id	AutocorrelationMass [ATSm3]
502855	21.541
6191	24.503
26325183	40.436
5709	12.771
6153	15.012
16425	37.531
8521	60.173
23150	19.460
8520	46.602
66656	16.128
26824	46.712
18019	60.504
26325084	132.703
6190	30.207
11919	15.353
10696	54.283
26325083	119.132
10451	67.854
23101	33.031
122090	35.370
26325082	105.562
26325081	91.991
10449	81.424
26325080	78.420
66655	21.799
14021447	64.849
67991	32.467
109705	48.754
17619	12.796
692	0.0
291	0.0
6084	0.0
6094	1.0
7555	2.0
6120	3.0
7712	3.0
6308	4.0
9646	6.0
10781	10.0
15802	8.0
17976	11.0
7767	4.0
7604	5.0
7010	5.0
6163	7.0
6340	6.0
8560	5.0
11094	6.0
11023	6.0
11055	8.0
10786	7.0
7619	7.0
10755	8.0
11551	6.0
349	6.0
11035	7.0
11104	8.0
10795	9.0
10445	10.0
7849	7.0
17558	8.0
13439	13.0
13402	10.0
14840	8.0
13448	14.0
13619	9.0
7890	10.0
11882	11.0
11883	12.0
10540	14.0
7929	18.0
11897	19.0
11899	20.0
12017	21.0
12072	22.0
11900	23.0
11901	24.0
11146	25.0
11902	26.0
10542	30.0
11906	34.0
8878	11.0
11585	15.771
11557190	51.279
10452	40.712
108106	72.990
127983	0.0
78828	37.708
68328	24.137
67414	54.742
13837650	5.903
13853215	35.911
9392	37.788
10765	4.0
7674	8.0
14998	10.667
10614293	10.0
6156	6.0
12201	5.0
11109	4.0
24142	13.0
13622	12.0
16180	11.0
7891	10.0
12446	5.0
29025	7.0
12635	9.0
11121	5.0
7713	3.0
12809	8.0
7833	6.0
7556	2.0
7954	1.0
555074	5.0
7957	3.0
4516601	6.0
56442	2.0
4483639	3.0
4516599	6.0
4512361	6.0
4483638	3.0
4449912	2.0
4512642	6.0
18410	11.0
22408	0.0
66675	20.030
10113	4.0
9484	12.251
6085	0.0
7024	7.0
15438	9.0
8896	5.0
14751	9.0
221117	10.0
7787	6.0
8908	7.0
8909	8.0
8910	10.0
71433	8.338
22814	0.0
9095782	19.658
6151	29.891
6188	43.491
11099	3.0
73583	33.771
7340	12.499
8158	6.499
11110	4.0
9642	1.0
11996	9.328
10756390	63.636
62827	17.077
7626	8.328
10265264	10.0
56117	15.444
11230	4.166
63631	6.332
11086	8.0
11841	9.664
6402	16.0
1406720	29.0
1114	3.0
14692	8.0
10179173	10.0
21800	10.0
8544	5.0
7788	6.0
4927801	91.237
10325078	58.267
55188	8.996
68224	63.636
24263	15.0
6364	18.0
11749	5.332
14672	7.996
11228	4.664
11857	7.0
391428	15.0
10733068	79.546
454638	29.0
9990	2.0
6309	4.0
7557	2.0
558883	3.0
56020	3.0
10124	6.0
6111	0.0
10265270	14.0
14198	16.0
7180	13.0
9411	19.022
6149	40.145
15765	10.0
553642	8.0
15413	20.331
7182	13.0
10669	13.0
8569	7.664
12220	9.664
7823	5.664
11849	5.664
10441	2.332
3168	3.664
11833	4.332
455420	7.332
10709	3.332
10179239	14.0
11761	13.679
6108	7.128
69914	47.727
59573	12.780
11671339	47.727
7956	1.0
55090	12.855
10053	22.958
28993	10.0
10054	11.855
9461	15.916
16791	6.0
11117	6.0
205483	15.384
10979	13.0
61346	31.207
6186	52.949
69371	27.487
69569	46.038
7181	13.0
99596	24.859
11351244	11.0
16841	21.454
61266	47.636
6187	51.072
2656	21.993
6827	16.0
20939	13.0
7817	5.664
11788	8.332
13835316	14.616
6270	25.329
454209	10.829
9633	7.582
9377	5.582
9243	1.582
11148	0.0
923	1.553
6121	6.903
6315	7.903
6118	14.305
8577	10.670
14349	9.670
7852	8.670
14680	7.670
7776	5.670
7330	5.0
6122	22.132
7732	3.664
11729	3.670
6307	9.653
13255	10.328
10512	5.952
13837797	5.664
6098	2.952
10536	10.340
7827	8.340
9233	6.340
18607	4.670
5730	52.277
10526	6.952
120464	13.855
24590970	32.261
7733	3.664
7850	8.952
11865	7.952
7714	4.952
10437	3.952
6097	2.952
12219	13.653
7848	12.653
61487	23.958
11863	11.653
7810	10.653
7766	9.653
7711	8.653
7552	7.653
6092	6.653
12010	14.566
11830	13.566
10497	12.566
31029	11.566
6100	10.566
12228	10.677
6042	34.993
13836713	3.670
13803	16.335
7815	6.670
7560	3.670
6103	2.670
6635	43.039
6087	0.0
7721	4.670
6083	0.0
1039	1.0
6088	0.0
13837281	29.232
56232	14.162
5979	69.987
13837190	3.774
7074	12.771
7170	16.0
10534	7.0
10410	12.0
68503	18.673
14694	20.907
7090	20.251
7028	7.996
10487	11.903
13492	14.0
15747	15.0
8356	12.0
18971812	24.565
14688	18.162
71876	14.771
7128	11.0
7183	13.0
7088	14.0
15461	15.0
13299573	46.616
7073	12.771
2340753	24.608
8554	6.664
10340	7.996
13487	13.0
7385	10.0
8531	12.0
7448	12.0
764	11.328
10325184	36.316
6406	8.439
12066	6.439
7738	5.664
10404	12.0
7419	11.0
7219	9.0
11660	11.0
6999	14.0
18688	12.771
7737	5.664
1108	8.0
236	6.0
7521	10.0
7641	10.0
7659	12.0
11871	12.679
55130	11.103
10433	10.771
11992	10.103
10253	13.0
60886	39.309
83962	27.103
12161	20.0
7671	13.103
10446	12.435
62249	11.439
11526	7.323
7672	19.305
7786	10.679
8335	12.0
7657	10.771
22453	10.771
7065	9.771
13875283	11.164
7553	7.653
11409	11.0
3631	28.184
13835836	9.103
55084	11.771
7694	10.771
7482	9.771
11716	10.771
11045	9.771
7515	8.771
13836549	24.981
13836674	3.952
6967	10.0
6977	12.0
21168808	12.009
960	18.439
61213	12.781
7472	10.103
11207996	9.439
29016	10.771
7747	9.771
7627	9.103
10571	8.439
7076	11.771
7003	10.771
9614	9.164
7739	8.340
8883	18.0
7757	14.771
7511	12.771
7509	11.771
29005	10.771
10420	9.771
7478	9.988
7475	8.771
7463	7.771
21111806	12.327
21111820	10.340
21171407	11.566
11910	7.332
13850082	19.435
7872	12.771
7875	14.771
7913	16.771
7670	11.664
8568	10.771
14846	12.439
7800	11.439
11843	9.771
29012	8.771
10797	9.664
7538	10.439
7536	9.439
11755	6.439
7706	7.771
7761	8.107
10492	7.107
11680	7.439
11706	8.439
10653	6.439
68179	7.720
11727	2.553
21108550	12.327
9724	16.0
11731	5.340
8950	10.0
14866	17.0
6720	15.664
7559	2.332
10236	12.0
7012	5.332
11065	5.332
28981	8.332
99681	22.435
8525	6.771
6176	9.664
7081	6.332
6313	4.332
9903	13.0
55123	8.107
12012	7.107
7534	9.664
10791	7.664
11125	6.107
7782	5.107
6316	9.855
9325	12.327
123860	9.328
28986	7.664
6335	5.439
7616	6.771
7129	11.0
10788	7.664
7621	7.664
8329688	16.482
10777	6.664
441	7.332
7838	6.332
5949	5.332
29029	8.332
7772	4.332
256	3.332
512	2.332
21169510	41.764
7676	11.903
13875281	13.903
7220	9.0
7248	11.0
11661	11.0
12674	16.0
8097	14.0
12972	11.664
9976	9.664
7514	7.664
215929	8.664
11025	6.664
7734	4.107
7016	5.664
1095	8.340
2038738	10.191
12259	16.0
13836589	4.664
172	1.332
13836520	6.996
13875230	13.903
18219	12.467
10801109	28.563
29004	16.316
7871	11.664
21153	12.664
7802	8.664
12218	10.664
12632	9.664
7760	7.664
11095	6.664
21106173	16.316
7607	5.664
13866746	21.818
7577	2.774
7506	11.332
9228	15.067
7239	12.340
11647	14.103
7530	10.665
1266019	16.771
109838	5.996
6321	4.664
13874867	10.103
6314	4.332
4510484	8.332
62530	10.499
13842613	10.665
7391	10.996
7242	9.499
26325086	17.316
13862665	7.771
15443	9.332
124968	10.382
9581	12.828
66809	10.218
221082	10.0
13875320	21.305
6642	18.0
13835376	7.328
127750	6.996
13857694	17.807
7673	19.305
7662	23.710
363458	9.329
7684	8.997
61111	9.496
13875196	12.828
11042	10.499
24972	13.163
28992	10.997
13875160	13.903
13875258	21.305
9994	2.332
29015	7.328
4446445	7.332
4444608	5.332
394562	3.332
13839199	8.499
18724	14.332
7238	9.664
21105959	11.664
13866817	17.807
13875392	21.305
13839575	8.328
6322	4.664
558020	10.091
21132380	10.499
13677	17.0
65750	12.332
63903	10.332
10940	10.499
13865438	11.664
13868640	32.611
29001	8.328
21106135	11.664
13837988	17.807
10400	18.499
8067	41.421
13839109	10.435
21105905	9.332
11077	10.332
906	14.0
13865426	11.435
10710415	11.877
21106560	9.332
20843	10.997
15965	15.771
70682	19.305
13658	15.329
11862	17.305
7710	14.305
7809	16.305
7765	15.305
6794	13.665
26516	19.566
17131	27.011
21106520	8.332
924	11.332
13862559	23.710
6788	16.0
13861343	40.904
73412	11.604
8904	6.665
13874733	8.332
24535	14.997
25552	12.997
10437215	12.882
11087	27.132
10909	18.0
10918	18.0
15489	21.903
2441	21.664
10939	10.664
11784	12.236
8868	13.996
7518	25.209
21106019	15.236
24533	9.831
1020	6.332
2039535	11.882
8374	16.771
21106586	13.435
11756	7.822
71089	9.025
7688	8.831
8902	6.665
10937	10.332
6897	14.771
17443	10.550
6883	13.439
11785	12.236
7240	9.499
503239	12.025
21106571	29.614
10908	18.0
3463	73.941
16388	29.444
6828	16.0
7161	15.664
8141	7.664
7679	8.664
4444456	6.903
66996	13.577
13840690	10.952
11667	15.568
13864445	23.710
21108548	30.295
21106163	29.614
14256731	16.993
6311	4.166
30595	15.439
13865424	11.332
13229	13.218
7175	15.439
7157	15.439
917	17.831
13875356	32.611
12044	18.0
12682	20.0
71628	8.665
9363	9.759
6296	15.664
70715	22.209
62632	15.166
78998	14.166
11884	12.166
16177	11.166
15853	10.166
67360	9.166
11866	6.166
15846	8.166
29026	7.166
11846	5.166
7770	4.166
7717	3.166
62808	9.856
21106366	12.664
7420	12.952
21168831	11.952
455090	12.412
71437	37.958
13063	17.0
558878	11.332
25886	9.218
71430	13.877
559096	30.329
13868660	33.035
707	41.421
387	7.771
10018	7.439
61001	25.916
20570	11.859
21106540	29.614
15855	15.664
7790	8.323
8903	6.692
62489	9.997
8899	8.949
13634	9.332
13630	19.638
553578	11.332
66565	13.185
10437135	11.689
66021	13.059
7221	9.332
7383	15.653
6339	115.127
6736	16.0
10851	18.0
10850	18.0
23977588	78.364
24043	7.218
12069	9.605
191367	8.605
11799	7.605
7615	6.605
11265	11.551
67653	11.903
21106032	7.903
1348	7.692
66896	21.664
62534	12.886
62408	12.886
7389	10.886
38364	31.112
12045	18.0
2003	74.037
17784	12.551
12637	11.439
21106524	11.332
13875212	32.611
19475	6.052
13647	12.771
21168826	11.332
6780	14.499
10841	18.0
25889	9.384
25890	12.218
10227261	20.657
220998	13.218
12954	11.218
13851576	14.653
12047	18.0
16736498	78.364
6478	20.0
8912	14.657
10849	18.0
11038	40.437
89076	22.163
199342	21.332
19477	9.218
6287	22.380
13811	15.132
14169248	9.052
10437074	12.596
21105878	13.328
21168813	13.664
235	9.332
8186	13.664
13872122	16.653
8098	14.332
6737	19.903
6789	19.903
15861	20.0
4445317	20.664
11632	9.218
13885245	15.771
8674	13.328
7132	11.664
11783	19.638
27488	31.112
10813	18.0
7202	17.723
30516	10.218
26325090	8.831
21112023	14.828
13876539	10.332
68676	25.246
551	22.328
11776	45.916
66895	17.664
66887	16.664
9893	13.664
63518	15.664
59482	14.664
6881	12.664
13839308	10.166
10586285	31.802
218253	21.903
7689	12.726
63310	16.685
7299	17.0
10829	18.0
12957	7.052
84036	8.218
68152	11.384
24041	9.052
19953955	5.858
14556	15.103
21106140	17.328
1361549	17.332
10831	18.0
23886	27.807
33421	27.807
70714	19.998
15755	25.807
14995	25.807
14994	25.807
67470	25.807
15476	25.807
15756	25.807
6592	21.0
21943	8.052
10106	25.380
19956441	6.858
11930	10.467
10384035	12.131
65936	9.997
14227	17.568
11584	26.744
13867714	16.997
19957731	9.858
120489	10.799
7302	18.328
16387	25.669
502245	20.823
5708	7.218
16159	16.759
13648	12.163
13835126	17.568
34863	33.710
23730	6.052
23621376	4.858
21106146	14.771
12231	11.218
15619	20.0
15789876	26.321
7224	9.166
11600	11.660
21106144	14.771
13863774	14.771
7138	12.771
6604	26.306
25677	39.614
6840	23.328
12816	9.664
21111781	12.996
15475	25.807
15477	25.807
15478	25.807
15524	25.807
158870	31.710
157093	31.710
83374	31.710
457144	31.710
135925	31.710
457145	31.710
8807	20.0
19476	7.052
28969	14.103
13863629	9.328
7278	14.439
13644	11.997
21106014	15.236
6852	17.664
6735	27.305
30572	14.210
21106013	18.674
26260	20.0
4932499	22.0
12586	20.733
7964	40.352
6193	41.352
15620	20.0
11708	48.264
13859497	18.435
9943	9.664
456015	13.919
63906	22.637
15621	20.0
11632871	19.321
13856009	11.997
8876	14.0
21106020	18.674
15488	21.903
84188	31.710
136000	31.710
135983	31.710
136001	31.710
136002	31.710
136003	31.710
84235	31.710
82755	37.614
82712	37.614
157094	37.614
103011	37.614
102798	37.614
82762	37.614
13849665	28.644
24326358	35.359
5894	4.886
68437	20.0
26010	27.807
30600	27.807
33455	27.807
33934	27.807
33932	27.807
34866	33.710
34665	33.710
34664	33.710
37904	33.710
34864	33.710
34188	33.710
34865	33.710
11974	59.221
33416	18.321
15409	16.771
21106036	19.098
8855	14.859
2915	27.679
13328	76.605
7225	9.499
7685	20.743
21111817	22.637
20124	27.804
2923	20.973
21106470	14.997
56793	39.614
454495	39.614
40191	39.614
56791	39.614
35581	39.614
56774	45.517
82765	45.517
2185	18.997
13853953	18.674
457140	31.710
27793	37.614
82754	37.614
457138	37.614
102897	37.614
457139	37.614
102947	37.614
97173	37.614
102720	37.614
102801	37.614
102833	37.614
102721	37.614
102856	37.614
102933	37.614
103066	37.614
97172	37.614
7030	9.988
62484	34.570
87265	30.464
12699	24.0
21429023	79.844
13837303	23.541
78	9.499
13837329	20.877
65701	32.796
59577	10.384
2283071	22.0
13104	21.551
21106008	16.660
247721	16.439
4489	11.328
13835706	22.644
2275	5.439
3918	28.103
106355	37.614
102741	43.517
97055	43.517
97198	43.517
5993	4.553
28682	12.495
13856959	22.771
553649	18.0
13848341	12.877
10864	26.076
10169	27.0
8860	22.665
6838	26.882
34874	39.614
36972	39.614
56788	39.614
533188	39.614
35579	39.614
16182	39.614
46262	39.614
35580	39.614
82818	39.614
56790	39.614
56795	39.614
33458	39.614
82777	39.614
35584	39.614
56785	39.614
56792	39.614
34189	39.614
34859	51.421
84346	51.421
56760	51.421
56755	51.421
33666	51.421
13867413	7.605
6781	16.435
13865630	15.541
7241	9.665
12061	11.166
15473	27.807
17099	27.807
17098	27.807
33933	27.807
15474	27.807
34868	33.710
37905	33.710
34869	33.710
37918	33.710
37915	33.710
34867	33.710
25605	33.710
26011	33.710
34870	33.710
34666	33.710
21924	33.710
36973	45.517
37744	45.517
46894	45.517
45444	45.517
56769	45.517
56780	45.517
34847	45.517
39406	45.517
35081	45.517
56781	45.517
56771	45.517
6842	35.358
10101	18.383
13835351	17.772
6773	17.772
102834	43.517
102722	43.517
154865	43.517
96948	43.517
102743	43.517
102857	43.517
154866	43.517
106356	43.517
102787	43.517
97240	43.517
102742	43.517
136966	17.678
13054	14.052
7636	12.320
21105699	16.665
29107	7.052
7029	8.771
19231	10.550
67460	12.166
9873	31.343
17868	16.859
6524	29.541
8243	29.541
6528	31.541
13837319	27.541
8241	25.541
11422	15.052
6855	19.664
69982	21.874
97257	49.421
97224	49.421
102923	49.421
96868	49.421
96864	49.421
97234	49.421
97233	49.421
154062	49.421
97142	49.421
2075	31.166
21106148	16.435
6023	18.317
65763	22.007
56782	57.324
36977	57.324
83414	57.324
84348	57.324
82823	57.324
11586	20.210
1278	22.997
62472	20.210
26563	21.985
36975	45.517
56778	45.517
43354	45.517
37779	45.517
45445	45.517
36974	45.517
35585	45.517
34848	45.517
84344	45.517
34850	45.517
82819	45.517
56772	45.517
82820	45.517
16415	45.517
56779	45.517
56768	45.517
56777	45.517
84345	45.517
34668	45.517
16736486	79.844
8111	22.0
642951	26.113
13300034	48.327
96965	55.324
33198	55.324
82783	51.421
34852	51.421
37000	51.421
37019	51.421
56765	51.421
39198	51.421
82740	51.421
56761	51.421
56756	51.421
56766	51.421
83413	51.421
34851	51.421
36976	51.421
56767	51.421
56763	51.421
5775	48.664
21106145	18.435
11422351	24.051
56787	39.614
35583	39.614
82807	39.614
56794	39.614
33386	39.614
33457	39.614
47912	39.614
82817	39.614
46893	39.614
33280	39.614
35582	39.614
33304	39.614
46263	39.614
553171	12.877
10488	9.771
34667	33.710
34871	33.710
34873	33.710
56784	33.710
34872	33.710
970	22.0
556589	14.996
29153	28.0
11917	38.0
204209	23.831
21106581	18.435
15827	61.228
70806	25.332
4437893	24.771
9824	23.664
2908	36.786
33407	63.228
36985	63.228
35205	63.228
15637	63.228
82821	63.228
8329	23.328
2625	43.580
86007	28.870
13835344	15.328
76154	26.391
73390	15.602
11773	12.332
11582	15.937
7172	19.542
2991	19.664
34853	51.421
37745	51.421
36978	51.421
34190	51.421
34191	51.421
36771	51.421
36710	51.421
56757	51.421
549017	51.421
84347	51.421
56764	51.421
56758	51.421
47914	51.421
56762	51.421
33984	51.421
33983	51.421
34860	57.324
82738	57.324
36982	57.324
36979	57.324
47915	57.324
56783	57.324
36981	57.324
37004	57.324
36980	57.324
222538	14.131
13848793	18.103
7176	16.103
7211	19.542
65523	14.270
13090	26.343
82751	69.131
36989	69.131
8800	28.0
62060	44.641
2975965	38.471
33282	45.517
46285	45.517
46284	45.517
82806	45.517
56776	45.517
47913	45.517
32952	45.517
45446	45.517
43353	45.517
56773	45.517
26325089	49.912
6588	20.771
2849146	14.463
10437335	15.795
33281	39.614
56786	39.614
56789	39.614
33456	39.614
46264	39.614
9187483	39.305
5978	8.103
10257	19.542
2699	37.901
5739	30.0
6577	21.551
8816	30.0
659	3.664
13835294	27.328
8817	30.0
526	16.103
7199	14.664
6514	30.328
36990	63.228
35912	63.228
45448	63.228
36987	63.228
36988	63.228
13860	15.004
33986	57.324
36983	57.324
36986	57.324
45447	57.324
35566	57.324
47916	57.324
46137	57.324
550258	57.324
33985	57.324
2928	65.8
8788	36.0
15484	75.035
20132	23.218
7315	24.652
6453	33.232
6753	25.993
9797	35.095
192748	26.981
8799	36.0
10437836	20.543
2121	23.381
34854	51.421
46136	51.421
82736	51.421
56759	51.421
36984	51.421
6621	16.771
17347	19.442
15517	21.048
56775	45.517
56770	45.517
11283	36.473
36029	37.502
35206	69.131
64155	18.771
34192	63.228
82822	63.228
8763	42.0
8804	36.0
5557	38.206
75956	26.985
6775	12.332
2246	36.0
5113	54.378
26325182	41.068
11672	12.332
105291	15.377
35108	57.324
29117	30.782
33316	51.421
5678	38.0
156255	9.665
18336	22.437
4449	10.665
12549	40.469
374462	6.665
13662	15.768
10437239	16.543
8351654	16.318
83191	45.767
5774	46.767
5145918	48.885
58496	66.103
92468	48.767
11439687	25.461
92494	47.767
91432	37.539
8124942	41.706
24722	39.313
133166	43.103
8101973	39.706
509179	30.649
67594	29.312
4228778	27.985
10162	57.530
4444479	62.424
4444107	49.298
21108577	17.103
5552	51.321
21486195	62.915
4911	42.213
75995	46.642
2424	26.903
4444362	84.836
14441700	18.955
23055	26.536
14829	25.536
6093	19.637
13848808	16.103
21105897	17.435
6898	16.328
4268	29.460
8058	24.767
8060	25.435
7566	2.166
62310	18.435
6338	5.605
10498	5.118
6057	45.423
21105848	15.660
518	0.0
7546	3.332
7013	12.807
10292746	76.701
13835550	2.332
6128	5.666
175	3.664
6745	16.439
10343	24.206
2041618	42.716
10784857	62.439
274	1.774
6106	111.639
62826	22.147
8543	6.903
6630	12.332
13837787	15.435
10772140	7.390
6148	17.955
62589	8.332
7686	8.499
56144	36.987
7791	6.332
6105	2.502
13837537	6.997
21106570	35.517
6135	4.439
2927	45.423
8262	20.329
3548	23.883
11434292	26.674
7624	7.665
38403	24.989
2282428	36.713
9251	42.567
13571291	2.166
71312	52.122
11153	4.669
3973	26.828
75951	11.328
68832	9.328
92731	44.736
6102	1.166
76894	39.274
4624	32.321
7794	9.332
70850	4.332
11811	3.166
7777	4.166
15482	9.332
7856	7.332
8562	5.332
7730	3.332
654	1.0
2062437	26.557
13837280	17.568
72551	12.328
7630	9.877
23208	1.774
11864	6.0
11845	5.0
454215	39.030
9254	27.158
9253	32.572
83734	34.739
553742	5.903
15077490	47.197
2018460	33.210
22191	10.328
72793	11.328
12442	8.234
2018165	8.617
7406	17.103
2271976	37.764
1448	22.206
21782117	76.701
12209	4.0
9286	11.331
391	0.0
4514529	0.0
16641	3.932
6125	14.616
6104	8.713
11911	37.945
6119	47.987
7551	13.305
15427	11.166
9256	17.917
4444553	57.532
10652594	51.533
21106179	7.506
71390	34.829
107412	18.447
558928	5.903
24641	12.328
2916	44.258
558875	13.305
2297441	26.605
29282	29.245
9120	22.206
12730	29.577
4471584	53.307
9088156	37.536
12456	8.0
17880	7.0
11806	3.0
7558	2.0
6095	1.0
6086	0.0
2293678	69.815
10364	9.0
29036	83.532
21111822	13.340
7681	11.340
13863618	11.996
12874	29.412
59483	37.478
2056044	32.830
3441	41.493
13638	8.332
11154	31.188
6326	17.568
10801842	15.085
4768	28.069
6774	15.993
20848	29.069
5932	44.660
10756	16.996
61149	30.990
6130	18.051
5977	26.138
13838404	132.774
7223	9.166
15495	19.435
5198	39.672
21105594	60.765
58234	21.664
21105591	57.101
12577	13.833
6145	6.499
6310	4.166
7606	5.166
23255	4.332
6123	3.332
8576	9.166
7851	7.166
15387	8.166
7811	5.166
7835	6.166
7769	4.166
7716	3.166
7564	2.166
6101	1.166
6089	0.0
217	0.0
13835977	2.166
7703	6.332
60329	4.830
7727	3.498
1609	4.498
6342	29.232
13869414	11.997
21106077	66.672
10481872	65.576
6179	49.610
7234	9.332
18941	31.081
4760	28.412
12705	26.245
11003	17.665
2169	25.903
10837	22.206
6916	19.435
8093	23.328
8030	23.439
12197	2.0
30713	18.405
6790	16.332
5027	23.737
552744	6.439
21112738	3.952
7677	8.332
48024	8.665
8319	16.332
26286843	32.819
29040	31.009
6132	11.840
6301	13.996
13850142	16.996
390927	16.996
19709	15.993
60121	13.660
13869434	12.332
13869462	12.332
13840647	12.332
13860491	12.332
9349	11.496
14620	23.125
14916	28.768
992	18.877
9016	26.868
8935	15.997
21106519	13.332
12133	20.959
4103087	24.539
5376	33.931
2760	56.760
9786472	58.760
196288	60.760
139025	62.760
60858	24.048
12933	24.836
10181341	13.439
7736	5.332
447	12.328
4759	25.292
33617	26.292
30881	24.125
4447447	45.155
28552	30.235
3438	46.226
3544	21.439
4444102	38.649
21106059	54.141
10675065	16.495
4514586	0.0
13854944	5.498
13860641	11.332
13853758	13.332
21159695	12.332
21106525	11.332
13854136	10.332
13835151	10.332
10991	11.332
13860692	10.332
29008	5.332
13860775	11.997
4745	23.602
13303	24.079
7466	8.213
11699	10.380
4366810	13.380
10422	12.380
11695	9.380
13869480	11.997
10892	16.103
13849981	13.996
15093	19.342
206493	22.212
13842001	7.831
13854248	14.236
11961	26.043
6002	47.325
7480	10.218
21106058	54.101
13836399	6.996
5889	8.332
299166	14.661
6835	18.332
3534	35.1
5162	42.598
75662	74.745
21106365	29.344
499714	11.052
558917	11.332
11629	15.660
14627	17.163
512621	19.976
3693	29.103
5026296	21.664
13836021	3.498
1087	1.774
4514549	0.0
13302	25.079
256210	16.997
13849989	11.332
15016	17.166
13836591	4.996
2654	25.970
13856352	10.166
15520	58.290
3841535	30.819
18717	10.664
455353	7.996
16778	5.996
7705	7.328
7728	3.664
59447	8.831
7528	10.997
13835459	6.665
13848467	12.328
13869451	14.236
13871489	20.870
13869339	14.236
13860817	20.139
21111772	26.043
13853943	15.103
21106518	13.997
6658	22.051
11369	72.060
11180	9.996
11739	9.996
11056	8.996
6146	6.996
11194	10.996
6165	7.996
11216	9.996
62230	10.996
11210	9.996
11732	8.332
7459	6.332
11024	6.332
5830	10.332
57726	21.996
72556	13.328
11610	14.384
124	16.103
238	12.439
15803	15.664
7026	7.664
7678	8.664
9970	9.664
13837686	14.568
10008	8.859
6807	24.568
21108576	13.997
11488212	16.771
27749	26.367
3216	48.681
4470736	54.641
4343	46.645
8103122	39.985
3652	47.895
49179	51.870
5791	40.328
70660	19.483
15954	8.664
11819	8.664
7622	7.664
99440	10.664
11239	6.664
11543	8.664
10790	7.664
15486	10.664
18920	8.664
11861	9.664
123993	9.664
11036	7.664
11029	7.664
11794	6.664
10511	7.664
21011	5.664
11678	6.664
3644	3.664
6320	4.664
10947	5.664
10787	7.664
11793	6.332
7236	9.664
55443	13.332
453675	14.332
69340	12.332
10992	11.332
5439	7.213
71193	22.721
2700	41.557
10251740	12.435
7190	14.439
11525	5.664
4481813	2.498
13871721	3.332
6974	21.970
16804	18.664
11778	20.139
11954	26.043
13860720	20.139
76394	12.163
7131	11.664
13876103	16.328
13871718	11.332
4575338	44.155
2937774	17.767
206561	16.435
7310	16.546
5233	35.539
197564	48.657
193441	51.321
9579	15.602
7533	9.332
6164	7.332
56559	18.332
9053802	14.332
29000	5.332
7434	8.332
6312	4.332
8398	5.332
11898	19.332
72522	18.332
7928	17.332
14348	16.332
2581	15.332
11891	14.332
7917	13.332
7915	12.332
7901	11.332
7892	10.332
7882	9.332
8574	8.332
932	7.332
7812	5.332
7837	6.332
6040	4.332
258	3.332
1004	2.332
682	1.332
9391	15.916
63156	5.332
12626	4.332
60524	4.664
59674	4.332
10248	14.664
16119	14.664
12643	8.664
11752	6.218
21106900	17.993
15753	17.384
3210	17.332
392447	14.439
13854242	17.103
7600	15.328
13872989	2.332
62597	3.332
4937830	2.332
69177	16.664
10244	16.664
8733	3.498
7568	4.118
6633	20.471
12229	8.997
31006	53.996
13860434	15.660
5551	51.321
13866593	5.332
21106015	4.284
13839174	12.664
11021	11.332
8960	0.0
11465	14.218
4590	18.380
2157	20.541
11809	5.284
748	0.0
12823	15.236
10328	29.796
120621	8.384
12445	11.550
20119	7.218
6334	5.052
55205	8.218
13816	6.052
26765	7.052
192642	8.052
122446	11.052
21181	8.052
28994	2.553
11460	13.052
7145	15.103
6550	19.103
106796	42.546
5550	47.325
5633	48.657
13860335	9.332
24099	4.498
15702	31.051
10996	22.703
7279	16.799
5091	20.439
1262	27.103
880	13.384
13837702	4.332
21106535	9.568
12225	8.025
773	5.692
864	0.0
415	3.332
1141	12.685
1664	8.665
21361761	24.827
21105998	15.664
12640	7.859
6480	15.499
10437210	14.661
776	13.499
8273	20.329
7397	13.052
71787	10.519
4777	28.159
9219586	37.439
2457	30.132
1266393	10.753
7021	6.467
11694	8.799
11244	7.467
13850879	29.309
6600	21.052
62964	31.435
3322	44.888
13047	32.278
10438331	33.634
5976	15.570
13846959	15.103
6688	28.977
5542	56.760
19232037	57.760
19232038	59.760
18547147	60.760
21587143	62.760
11286	25.875
8070	14.439
55091	39.045
733	6.328
25472	24.703
18801	6.498
68156	5.498
10857	20.471
589165	16.919
6610	24.048
8470	22.703
953	14.771
6593	21.665
21105870	11.332
63889	14.9
123207	22.302
123	11.996
2241	12.052
62466	14.052
62485	14.052
63968	18.997
13839128	12.664
83866	11.328
18707	27.873
7961	36.326
4450907	44.155
10254	14.052
62467	17.955
5236	24.903
5660	37.328
305	22.312
3741	34.244
12244	14.664
13839151	12.664
13257	10.997
32555	33.591
13835336	2.498
13835861	7.831
73479	14.329
13839123	12.664
9911	14.664
13865680	11.664
11604	11.664
13835772	10.664
61538	14.664
194092	15.052
8528	11.385
3008	28.606
7140	14.439
4611	15.439
21105859	12.996
13846658	18.664
66567	31.499
8140	20.471
1019	5.665
67465	17.384
79280	15.660
5807	32.061
11595	17.771
2068	24.903
6646	13.657
7443	12.329
83850	11.328
12060	12.664
14678	13.664
61411	16.664
28982	11.664
6330	5.052
11795	7.052
173	4.052
67270	22.051
6033	22.051
7092	20.051
58563	14.716
2925	36.910
8341	16.664
13839105	12.664
65	20.471
13846663	16.664
21106091	17.664
65785	19.435
11596	17.435
10243171	15.384
62517	13.660
86435	18.103
70652	19.103
70988	18.435
10464	6.052
13839012	18.664
4333	38.881
21106169	13.584
13839110	12.664
13839082	10.664
21105871	10.664
9874	15.439
11332993	15.384
28973	15.660
27296	14.660
11651	13.660
8665	12.328
61707	7.052
3584	46.723
4744	23.049
466305	23.099
10246	14.664
21109330	13.993
10948	5.996
13835224	4.996
13835235	2.664
81815	13.211
2206	22.570
86394	21.570
54833	50.734
7155	25.981
230	21.427
11576	16.439
2606	39.432
2079	26.570
42330	23.570
8657	12.328
10903	18.664
6907	18.435
11193	11.439
20545	21.439
6649	9.439
8012	8.439
6333	5.439
971	8.664
9454	16.602
577	12.325
10181339	14.439
44152	23.570
137720	27.103
13846749	17.435
8900	6.052
6177	10.439
7469	9.439
7064	9.439
10001	8.439
6341	7.439
259	6.439
1005	5.439
9326	11.828
967	38.182
11589	15.439
5596	10.997
13249	17.439
3951	7.439
8552	8.439
7701	7.439
7888	13.439
12013	15.439
2863	12.439
7803	9.439
171	4.439
7866	11.439
3756	14.439
10033	19.439
370	10.439
12071	21.439
10035	22.439
13884973	11.660
13029	26.375
6706	28.408
4962	11.996
4575	26.570
11591	15.771
9218	16.548
11107	8.633
3277	28.602
8183	19.210
79969	17.439
9350	11.828
10980	25.744
11588	33.570
9574	15.602
6674	25.744
10972	25.744
11563	33.570
693	1.553
10411	19.288
11625	26.689
331	15.103
7018	7.948
768	17.796
6586	20.439
64699	41.599
191058	18.103
5593	14.025
6739	16.664
10986	18.103
392	10.997
28947	20.155
21106018	16.568
13835630	10.495
13875219	14.568
13842573	21.970
6950	14.357
14299946	55.5
13030	26.375
9360	11.828
8071	18.342
10432	29.796
11294	22.568
4963	14.716
13875432	14.568
434	18.342
5139	38.130
19766	32.278
9547	15.602
13835293	8.664
13875441	21.970
11769	29.796
65272	62.996
191	12.877
10181338	16.103
7151	42.046
5541	58.066
592	8.103
13839441	5.664
13835209	4.664
13839416	6.664
63908	12.661
221226	13.993
26325085	36.164
61765	12.996
7001	26.375
6675	33.570
21105795	11.996
17339596	62.860
11080	10.997
4380	40.928
16359	25.113
63054	21.318
72056	12.664
34095	10.664
18685	9.664
62628	8.664
11875	7.664
48085	48.870
5026	34.466
1906	16.048
278	1.774
10606755	26.852
13839553	3.664
18177	19.823
5882	19.210
763	0.0
1015	14.911
12499	24.482
5915	13.799
7189	14.328
10664	15.435
7044	25.113
12478	11.830
68568	14.384
89258	27.981
10205670	6.020
26325087	27.302
26325088	27.302
6035	15.328
6013	51.332
937	0.0
13835604	5.997
21106172	26.375
7042	21.874
10628694	17.464
10616	19.210
955	15.435
1143	4.467
61191	22.916
12821	11.830
7098	22.916
9564	13.328
84971	13.657
388391	13.657
1710	33.017
6079	18.342
5554	37.328
13837760	11.328
132	15.103
2005981	7.587
10771217	19.055
18	17.767
1151	20.903
185	17.437
11083	20.471
8182	18.877
6988	20.471
6492	19.328
913	12.771
78467	15.716
9965	17.103
1577	8.772
440	17.321
120548	14.329
3513	47.368
744	20.516
7745	10.103
1078	10.877
11366	26.375
844	9.877
6371	27.328
10772050	39.432
7208	18.877
61739	19.328
11489	16.357
63863	21.674
5142	22.384
13835932	9.993
10975	22.206
1446	17.767
5553	39.993
6066	24.270
3350	17.767
40130	23.659
4878	11.328
8282	19.328
376	13.877
10025	14.877
5004	16.877
7142	15.103
10870	22.206
20198	25.877
1253	16.103
71	17.767
65234	39.649
6665	29.687
29400	76.077
1043	49.699
4067	50.983
62265	25.648
7150	21.431
55075	64.550
4444100	35.985
789	12.877
541032	51.244
96749	17.321
7984	11.328
3102535	8.997
64016	29.103
7146	17.767
361	20.431
6045	109.725
10197150	10.877
4599	29.570
472932	14.183
5768	45.187