Compound Id	BondCount
502855	14
6191	7
26325183	24
5709	9
6153	4
16425	6
8521	20
23150	8
8520	16
66656	7
26824	16
18019	20
26325084	42
6190	7
11919	8
10696	16
26325083	38
10451	20
23101	12
122090	13
26325082	34
26325081	30
10449	24
26325080	26
66655	9
14021447	22
67991	8
109705	18
17619	6
692	1
291	0
6084	1
6094	2
7555	3
6120	3
7712	4
6308	4
9646	4
10781	7
15802	8
17976	8
7767	5
7604	5
7010	5
6163	5
6340	5
8560	6
11094	6
11023	6
11055	6
10786	6
7619	6
10755	6
11551	6
349	7
11035	7
11104	7
10795	7
10445	7
7849	8
17558	8
13439	8
13402	8
14840	9
13448	9
13619	10
7890	11
11882	12
11883	13
10540	15
7929	19
11897	20
11899	21
12017	22
12072	23
11900	24
11901	25
11146	26
11902	27
10542	31
11906	35
8878	8
11585	11
11557190	18
10452	12
108106	24
127983	1
78828	14
68328	10
67414	18
13837650	3
13853215	7
9392	7
10765	4
7674	7
14998	6
10614293	7
6156	4
12201	5
11109	5
24142	14
13622	13
16180	12
7891	11
12446	5
29025	8
12635	10
11121	6
7713	4
12809	9
7833	7
7556	3
7954	2
555074	6
7957	3
4516601	7
56442	3
4483639	4
4516599	7
4512361	7
4483638	4
4449912	3
4512642	7
18410	10
22408	0
66675	7
10113	4
9484	4
6085	1
7024	6
15438	8
8896	5
14751	8
221117	8
7787	6
8908	7
8909	8
8910	10
71433	5
22814	0
9095782	7
6151	4
6188	7
11099	4
73583	7
7340	12
8158	6
11110	5
9642	2
11996	6
10756390	20
62827	7
7626	6
10265264	8
56117	8
11230	4
63631	5
11086	7
11841	8
6402	11
1406720	17
1114	3
14692	9
10179173	8
21800	8
8544	5
7788	6
4927801	30
10325078	7
55188	6
68224	20
24263	11
6364	11
11749	5
14672	5
11228	4
11857	7
391428	11
10733068	25
454638	17
9990	3
6309	4
7557	3
558883	4
56020	4
10124	5
6111	3
10265270	11
14198	11
7180	10
9411	8
6149	4
15765	8
553642	8
15413	10
7182	10
10669	10
8569	8
12220	10
7823	6
11849	6
10441	3
3168	4
11833	5
455420	8
10709	4
10179239	11
11761	6
6108	2
69914	15
59573	6
11671339	15
7956	2
55090	5
10053	4
28993	9
10054	4
9461	7
16791	7
11117	6
205483	11
10979	10
61346	8
6186	7
69371	8
69569	12
7181	10
99596	6
11351244	8
16841	6
61266	23
6187	7
2656	12
6827	13
20939	10
7817	6
11788	7
13835316	3
6270	12
454209	5
9633	8
9377	6
9243	2
11148	1
923	2
6121	3
6315	4
6118	3
8577	10
14349	9
7852	8
14680	7
7776	5
7330	5
6122	3
7732	4
11729	3
6307	4
13255	7
10512	5
13837797	6
6098	2
10536	8
7827	6
9233	4
18607	4
5730	4
10526	6
120464	6
24590970	6
7733	4
7850	8
11865	7
7714	4
10437	3
6097	2
12219	9
7848	8
61487	5
11863	7
7810	6
7766	5
7711	4
7552	3
6092	2
12010	6
11830	5
10497	4
31029	3
6100	2
12228	7
6042	4
13836713	3
13803	7
7815	6
7560	3
6103	2
6635	9
6087	1
7721	4
6083	1
1039	2
6088	1
13837281	5
56232	11
5979	7
13837190	4
7074	9
7170	12
10534	7
10410	10
68503	8
14694	5
7090	10
7028	6
10487	7
13492	13
15747	14
8356	10
18971812	7
14688	15
71876	12
7128	9
7183	10
7088	10
15461	11
13299573	8
7073	9
2340753	5
8554	6
10340	6
13487	12
7385	9
8531	10
7448	10
764	8
10325184	5
6406	6
12066	5
7738	5
10404	11
7419	10
7219	8
11660	9
6999	10
18688	8
7737	5
1108	7
236	6
7521	8
7641	8
7659	9
11871	7
55130	8
10433	8
11992	7
10253	10
60886	19
83962	15
12161	8
7671	9
10446	7
62249	7
11526	5
7672	7
7786	5
8335	10
7657	8
22453	8
7065	7
13875283	8
7553	3
11409	9
3631	9
13835836	7
55084	10
7694	9
7482	8
11716	9
11045	8
7515	7
13836549	12
13836674	3
6967	8
6977	9
21168808	6
960	17
61213	5
7472	7
11207996	7
29016	8
7747	7
7627	6
10571	6
7076	9
7003	8
9614	7
7739	5
8883	12
7757	13
7511	11
7509	10
29005	9
10420	8
7478	7
7475	7
7463	6
21111806	8
21111820	6
21171407	3
11910	5
13850082	13
7872	11
7875	13
7913	15
7670	9
8568	9
14846	11
7800	10
11843	8
29012	7
10797	7
7538	9
7536	8
11755	5
7706	6
7761	7
10492	6
11680	6
11706	7
10653	5
68179	8
11727	3
21108550	8
9724	11
11731	3
8950	9
14866	12
6720	11
7559	3
10236	9
7012	5
11065	5
28981	8
99681	14
8525	5
6176	6
7081	6
6313	4
9903	10
55123	8
12012	7
7534	8
10791	6
11125	6
7782	5
6316	4
9325	8
123860	9
28986	7
6335	4
7616	5
7129	9
10788	6
7621	6
8329688	5
10777	5
441	8
7838	7
5949	6
29029	9
7772	5
256	4
512	3
21169510	8
7676	7
13875281	8
7220	8
7248	9
11661	9
12674	13
8097	11
12972	11
9976	9
7514	7
215929	8
11025	6
7734	4
7016	5
1095	5
2038738	8
12259	11
13836589	5
172	2
13836520	8
13875230	8
18219	4
10801109	14
29004	9
7871	11
21153	12
7802	8
12218	10
12632	9
7760	7
11095	6
21106173	9
7607	5
13866746	11
7577	3
7506	10
9228	8
7239	8
11647	10
7530	8
1266019	13
109838	6
6321	4
13874867	7
6314	4
4510484	8
62530	9
13842613	8
7391	9
7242	8
26325086	9
13862665	6
15443	8
124968	7
9581	9
66809	8
221082	9
13875320	8
6642	12
13835376	7
127750	7
13857694	8
7673	7
7662	9
363458	7
7684	7
61111	7
13875196	9
11042	8
24972	9
28992	8
13875160	8
13875258	8
9994	4
29015	6
4446445	8
4444608	6
394562	4
13839199	7
18724	10
7238	8
21105959	9
13866817	8
13875392	8
13839575	8
6322	4
558020	7
21132380	8
13677	13
65750	11
63903	9
10940	8
13865438	9
13868640	8
29001	6
21106135	9
13837988	8
10400	15
8067	12
13839109	8
21105905	8
11077	8
906	11
13865426	8
10710415	8
21106560	8
20843	8
15965	12
70682	9
13658	10
11862	7
7710	4
7809	6
7765	5
6794	11
26516	9
17131	13
21106520	7
924	9
13862559	9
6788	12
13861343	6
73412	5
8904	6
13874733	7
24535	11
25552	10
10437215	10
11087	7
10909	13
10918	13
15489	14
2441	12
10939	8
11784	7
8868	10
7518	8
21106019	9
24533	8
1020	6
2039535	9
8374	13
21106586	9
11756	5
71089	7
7688	7
8902	6
10937	8
6897	11
17443	8
6883	10
11785	7
7240	8
503239	9
21106571	10
10908	13
3463	19
16388	15
6828	13
7161	11
8141	6
7679	7
4444456	4
66996	7
13840690	8
11667	9
13864445	9
21108548	8
21106163	10
14256731	13
6311	4
30595	11
13865424	9
13229	10
7175	11
7157	11
917	13
13875356	8
12044	14
12682	14
71628	8
9363	7
6296	10
70715	7
62632	16
78998	15
11884	13
16177	12
15853	11
67360	10
11866	7
15846	9
29026	8
11846	6
7770	5
7717	4
62808	7
21106366	10
7420	10
21168831	9
455090	9
71437	13
13063	13
558878	10
25886	8
71430	9
559096	20
13868660	8
707	12
387	5
10018	6
61001	13
20570	9
21106540	10
15855	11
7790	6
8903	6
62489	8
8899	5
13634	8
13630	7
553578	10
66565	8
10437135	9
66021	7
7221	8
7383	9
6339	5
6736	12
10851	13
10850	13
23977588	21
24043	6
12069	8
191367	7
11799	6
7615	5
11265	8
67653	9
21106032	5
1348	6
66896	19
62534	10
62408	10
7389	9
38364	9
12045	14
2003	21
17784	8
12637	11
21106524	9
13875212	8
19475	5
13647	9
21168826	9
6780	11
10841	13
25889	7
25890	11
10227261	15
220998	12
12954	10
13851576	8
12047	14
16736498	21
6478	14
8912	12
10849	13
11038	8
89076	17
199342	15
19477	8
6287	10
13811	11
14169248	8
10437074	7
21105878	10
21168813	10
235	8
8186	10
13872122	10
8098	11
6737	12
6789	12
15861	14
4445317	14
11632	8
13885245	12
8674	10
7132	9
11783	7
27488	9
10813	13
7202	11
30516	9
26325090	9
21112023	10
13876539	9
68676	12
551	15
11776	9
66895	15
66887	14
9893	11
63518	13
59482	12
6881	10
13839308	9
10586285	16
218253	14
7689	7
63310	10
7299	14
10829	13
12957	6
84036	7
68152	7
24041	8
19953955	6
14556	11
21106140	13
1361549	15
10831	13
23886	15
33421	15
70714	7
15755	13
14995	13
14994	13
67470	13
15476	13
15756	13
6592	15
21943	7
10106	13
19956441	7
11930	7
10384035	9
65936	8
14227	10
11584	11
13867714	13
19957731	10
120489	8
7302	14
16387	15
502245	14
5708	6
16159	6
13648	9
13835126	10
34863	16
23730	5
23621376	5
21106146	10
12231	8
15619	14
15789876	19
7224	8
11600	8
21106144	10
13863774	10
7138	9
6604	13
25677	17
6840	16
12816	8
21111781	10
15475	13
15477	13
15478	13
15524	13
158870	14
157093	14
83374	14
457144	14
135925	14
457145	14
8807	14
19476	6
28969	10
13863629	7
7278	11
13644	9
21106014	9
6852	13
6735	12
30572	9
21106013	10
26260	14
4932499	15
12586	13
7964	12
6193	13
15620	14
11708	8
13859497	12
9943	8
456015	8
63906	9
15621	14
11632871	16
13856009	9
8876	11
21106020	10
15488	14
84188	14
136000	14
135983	14
136001	14
136002	14
136003	14
84235	14
82755	15
82712	15
157094	15
103011	15
102798	15
82762	15
13849665	20
24326358	13
5894	4
68437	14
26010	15
30600	15
33455	15
33934	15
33932	15
34866	16
34665	16
34664	16
37904	16
34864	16
34188	16
34865	16
11974	10
33416	15
15409	13
21106036	11
8855	11
2915	15
13328	21
7225	8
7685	7
21111817	9
20124	12
2923	10
21106470	11
56793	17
454495	17
40191	17
56791	17
35581	17
56774	18
82765	18
2185	15
13853953	10
457140	14
27793	15
82754	15
457138	15
102897	15
457139	15
102947	15
97173	15
102720	15
102801	15
102833	15
102721	15
102856	15
102933	15
103066	15
97172	15
7030	6
62484	11
87265	9
12699	17
21429023	20
13837303	16
78	8
13837329	14
65701	10
59577	8
2283071	15
13104	16
21106008	12
247721	13
4489	8
13835706	14
2275	5
3918	19
106355	15
102741	16
97055	16
97198	16
5993	4
28682	9
13856959	17
553649	15
13848341	9
10864	10
10169	21
8860	16
6838	19
34874	17
36972	17
56788	17
533188	17
35579	17
16182	17
46262	17
35580	17
82818	17
56790	17
56795	17
33458	17
82777	17
35584	17
56785	17
56792	17
34189	17
34859	19
84346	19
56760	19
56755	19
33666	19
13867413	6
6781	11
13865630	11
7241	8
12061	10
15473	15
17099	15
17098	15
33933	15
15474	15
34868	16
37905	16
34869	16
37918	16
37915	16
34867	16
25605	16
26011	16
34870	16
34666	16
21924	16
36973	18
37744	18
46894	18
45444	18
56769	18
56780	18
34847	18
39406	18
35081	18
56781	18
56771	18
6842	16
10101	7
13835351	13
6773	13
102834	16
102722	16
154865	16
96948	16
102743	16
102857	16
154866	16
106356	16
102787	16
97240	16
102742	16
136966	9
13054	11
7636	7
21105699	13
29107	5
7029	6
19231	8
67460	11
9873	17
17868	13
6524	20
8243	22
6528	24
13837319	20
8241	18
11422	11
6855	14
69982	11
97257	17
97224	17
102923	17
96868	17
96864	17
97234	17
97233	17
154062	17
97142	17
2075	23
21106148	11
6023	10
65763	12
56782	20
36977	20
83414	20
84348	20
82823	20
11586	13
1278	16
62472	13
26563	18
36975	18
56778	18
43354	18
37779	18
45445	18
36974	18
35585	18
34848	18
84344	18
34850	18
82819	18
56772	18
82820	18
16415	18
56779	18
56768	18
56777	18
84345	18
34668	18
16736486	20
8111	16
642951	14
13300034	17
96965	18
33198	18
82783	19
34852	19
37000	19
37019	19
56765	19
39198	19
82740	19
56761	19
56756	19
56766	19
83413	19
34851	19
36976	19
56767	19
56763	19
5775	31
21106145	12
11422351	12
56787	17
35583	17
82807	17
56794	17
33386	17
33457	17
47912	17
82817	17
46893	17
33280	17
35582	17
33304	17
46263	17
553171	9
10488	7
34667	16
34871	16
34873	16
56784	16
34872	16
970	16
556589	12
29153	19
11917	28
204209	18
21106581	12
15827	19
70806	18
4437893	19
9824	16
2908	22
33407	21
36985	21
35205	21
15637	21
82821	21
8329	17
2625	23
86007	18
13835344	11
76154	12
73390	11
11773	10
11582	11
7172	12
2991	15
34853	19
37745	19
36978	19
34190	19
34191	19
36771	19
36710	19
56757	19
549017	19
84347	19
56764	19
56758	19
47914	19
56762	19
33984	19
33983	19
34860	20
82738	20
36982	20
36979	20
47915	20
56783	20
36981	20
37004	20
36980	20
222538	10
13848793	12
7176	11
7211	12
65523	10
13090	15
82751	22
36989	22
8800	19
62060	23
2975965	21
33282	18
46285	18
46284	18
82806	18
56776	18
47913	18
32952	18
45446	18
43353	18
56773	18
26325089	29
6588	14
2849146	10
10437335	11
33281	17
56786	17
56789	17
33456	17
46264	17
9187483	21
5978	4
10257	12
2699	24
5739	21
6577	16
8816	21
659	3
13835294	18
8817	21
526	11
7199	11
6514	20
36990	21
35912	21
45448	21
36987	21
36988	21
13860	9
33986	20
36983	20
36986	20
45447	20
35566	20
47916	20
46137	20
550258	20
33985	20
2928	20
8788	24
15484	23
20132	18
7315	17
6453	19
6753	17
9797	22
192748	16
8799	24
10437836	13
2121	15
34854	19
46136	19
82736	19
56759	19
36984	19
6621	11
17347	10
15517	13
56775	18
56770	18
11283	21
36029	21
35206	22
64155	13
34192	21
82822	21
8763	27
8804	24
5557	24
75956	20
6775	10
2246	24
5113	31
26325182	17
11672	10
105291	9
35108	20
29117	16
33316	19
5678	26
156255	7
18336	13
4449	8
12549	22
374462	6
13662	10
10437239	10
8351654	9
83191	27
5774	28
5145918	26
58496	37
92468	30
11439687	16
92494	29
91432	22
8124942	26
24722	28
133166	26
8101973	24
509179	23
67594	16
4228778	22
10162	34
4444479	35
4444107	25
21108577	12
5552	29
21486195	38
4911	24
75995	34
2424	15
4444362	47
14441700	5
23055	5
14829	4
6093	2
13848808	11
21105897	12
6898	12
4268	18
8058	17
8060	18
7566	3
62310	13
6338	4
10498	4
6057	19
21105848	11
518	0
7546	5
7013	5
10292746	23
13835550	3
6128	3
175	3
6745	12
10343	14
2041618	15
10784857	18
274	2
6106	2
62826	7
8543	4
6630	9
13837787	10
10772140	4
6148	4
62589	7
7686	7
56144	9
7791	6
6105	2
13837537	6
21106570	11
6135	3
2927	19
8262	14
3548	17
11434292	11
7624	6
38403	9
2282428	6
9251	6
13571291	3
71312	6
11153	2
3973	7
75951	9
68832	7
92731	8
6102	2
76894	14
4624	21
7794	8
70850	4
11811	4
7777	5
15482	10
7856	8
8562	6
7730	4
654	2
2062437	6
13837280	4
72551	10
7630	6
23208	2
11864	7
11845	6
454215	6
9254	6
9253	6
83734	6
553742	3
15077490	6
2018460	7
22191	8
72793	9
12442	3
2018165	4
7406	12
2271976	25
1448	13
21782117	23
12209	5
9286	5
391	0
4514529	0
16641	2
6125	3
6104	2
11911	5
6119	3
7551	3
15427	10
9256	6
4444553	25
10652594	15
21106179	3
71390	3
107412	7
558928	3
24641	10
2916	2
558875	3
2297441	15
29282	17
9120	13
12730	18
4471584	24
9088156	15
12456	9
17880	8
11806	4
7558	3
6095	2
6086	1
2293678	6
10364	8
29036	3
21111822	8
7681	7
13863618	9
12874	16
59483	12
2056044	11
3441	6
13638	8
11154	2
6326	4
10801842	9
4768	15
6774	11
20848	15
5932	27
10756	11
61149	11
6130	3
5977	3
13838404	3
7223	8
15495	14
5198	23
21105594	42
58234	12
21105591	38
12577	5
6145	4
6310	4
7606	5
23255	4
6123	3
8576	10
7851	8
15387	9
7811	6
7835	7
7769	5
7716	4
7564	3
6101	2
6089	1
217	0
13835977	3
7703	6
60329	5
7727	4
1609	5
6342	5
13869414	9
21106077	44
10481872	38
6179	6
7234	8
18941	17
4760	16
12705	15
11003	14
2169	14
10837	13
6916	14
8093	17
8030	17
12197	3
30713	5
6790	12
5027	13
552744	5
21112738	3
7677	7
48024	7
8319	12
26286843	21
29040	6
6132	3
6301	10
13850142	11
390927	11
19709	11
60121	10
13869434	9
13869462	9
13840647	9
13860491	9
9349	8
14620	15
14916	19
992	12
9016	6
8935	12
21106519	11
12133	14
4103087	14
5376	22
2760	32
9786472	34
196288	36
139025	38
60858	17
12933	13
10181341	10
7736	5
447	9
4759	16
33617	16
30881	16
4447447	26
28552	16
3438	28
3544	15
4444102	23
21106059	33
10675065	8
4514586	0
13854944	5
13860641	9
13853758	10
21159695	10
21106525	9
13854136	8
13835151	8
10991	9
13860692	8
29008	5
13860775	9
4745	17
13303	14
7466	6
11699	8
4366810	10
10422	9
11695	7
13869480	9
10892	11
13849981	10
15093	11
206493	13
13842001	7
13854248	8
11961	10
6002	27
7480	8
21106058	37
13836399	7
5889	7
299166	10
6835	14
3534	23
5162	24
75662	42
21106365	16
499714	8
558917	10
11629	11
14627	12
512621	8
3693	20
5026296	12
13836021	4
1087	2
4514549	0
13302	14
256210	12
13849989	10
15016	18
13836591	5
2654	17
13856352	9
15520	38
3841535	20
18717	7
455353	8
16778	6
7705	6
7728	4
59447	7
7528	8
13835459	6
13848467	10
13869451	8
13871489	13
13869339	8
13860817	9
21111772	10
13853943	10
21106518	10
6658	11
11369	10
11180	6
11739	7
11056	6
6146	4
11194	7
6165	5
11216	7
62230	8
11210	7
11732	6
7459	6
11024	6
5830	9
57726	13
72556	11
11610	11
124	11
238	9
15803	11
7026	6
7678	7
9970	8
13837686	8
10008	7
6807	15
21108576	10
11488212	11
27749	15
3216	26
4470736	34
4343	29
8103122	25
3652	29
49179	32
5791	24
70660	11
15954	7
11819	7
7622	6
99440	7
11239	5
11543	7
10790	6
15486	10
18920	8
11861	9
123993	8
11036	7
11029	7
11794	6
10511	7
21011	5
11678	6
3644	3
6320	4
10947	5
10787	6
11793	6
7236	8
55443	12
453675	13
69340	11
10992	9
5439	5
71193	11
2700	24
10251740	8
7190	10
11525	5
4481813	3
13871721	4
6974	8
16804	12
11778	9
11954	10
13860720	9
76394	9
7131	9
13876103	12
13871718	10
4575338	25
2937774	12
206561	11
7310	12
5233	21
197564	28
193441	29
9579	10
7533	8
6164	5
56559	18
9053802	14
29000	5
7434	8
6312	4
8398	5
11898	20
72522	19
7928	18
14348	17
2581	16
11891	15
7917	14
7915	13
7901	12
7892	11
7882	10
8574	9
932	8
7812	6
7837	7
6040	5
258	4
1004	3
682	2
9391	6
63156	6
12626	5
60524	4
59674	5
10248	10
16119	10
12643	7
11752	5
21106900	12
15753	12
3210	15
392447	11
13854242	12
7600	11
13872989	3
62597	4
4937830	3
69177	11
10244	11
8733	4
7568	3
6633	9
12229	7
31006	27
13860434	11
5551	29
13866593	6
21106015	3
13839174	9
11021	9
8960	1
11465	11
4590	13
2157	13
11809	4
748	1
12823	9
10328	8
120621	6
12445	7
20119	6
6334	4
55205	7
13816	5
26765	6
192642	6
122446	7
21181	7
28994	3
11460	10
7145	10
6550	12
106796	24
5550	28
5633	29
13860335	8
24099	5
15702	16
10996	13
7279	12
5091	19
1262	18
880	10
13837702	5
21106535	5
12225	6
773	5
864	1
415	4
1141	8
1664	7
21361761	18
21105998	11
12640	6
6480	11
10437210	10
776	10
8273	14
7397	10
71787	7
4777	20
9219586	25
2457	20
1266393	6
7021	5
11694	7
11244	5
13850879	18
6600	15
62964	18
3322	22
13047	11
10438331	15
5976	9
13846959	10
6688	16
5542	32
19232037	33
19232038	35
18547147	36
21587143	38
11286	15
8070	10
55091	6
733	5
25472	14
18801	7
68156	6
10857	9
589165	10
6610	17
8470	13
953	10
6593	15
21105870	10
63889	8
123207	8
123	9
2241	9
62466	10
62485	10
63968	14
13839128	9
83866	8
18707	9
7961	5
4450907	25
10254	10
62467	10
5236	14
5660	23
305	12
3741	17
12244	10
13839151	9
13257	8
32555	20
13835336	3
13835861	5
73479	10
13839123	9
9911	10
13865680	9
11604	9
13835772	8
61538	10
194092	11
8528	8
3008	14
7140	10
4611	12
21105859	10
13846658	14
66567	10
8140	9
1019	5
67465	12
79280	12
5807	18
11595	12
2068	14
6646	9
7443	9
83850	8
12060	10
14678	11
61411	11
28982	9
6330	4
11795	6
173	3
67270	11
6033	11
7092	10
58563	10
2925	20
8341	12
13839105	9
65	9
13846663	11
21106091	12
65785	14
11596	12
10243171	11
62517	10
86435	13
70652	14
70988	13
10464	5
13839012	14
4333	21
21106169	5
13839110	9
13839082	8
21105871	8
9874	11
11332993	11
28973	12
27296	11
11651	10
8665	9
61707	5
3584	27
4744	17
466305	14
10246	10
21109330	7
10948	5
13835224	4
13835235	3
81815	8
2206	13
86394	12
54833	34
7155	15
230	12
11576	11
2606	6
2079	16
42330	14
8657	9
10903	14
6907	13
11193	7
20545	19
6649	7
8012	6
6333	4
971	7
9454	11
577	8
10181339	11
44152	14
137720	18
13846749	12
8900	5
6177	6
7469	7
7064	7
10001	6
6341	5
259	5
1005	4
9326	8
967	12
11589	11
5596	8
13249	16
3951	5
8552	7
7701	6
7888	12
12013	14
2863	11
7803	8
171	3
7866	10
3756	13
10033	18
370	9
12071	20
10035	21
13884973	7
13029	10
6706	11
4962	9
4575	16
11591	11
9218	11
11107	7
3277	19
8183	12
79969	13
9350	8
10980	10
11588	10
9574	10
6674	10
10972	10
11563	10
693	2
10411	11
11625	11
331	10
7018	5
768	11
6586	14
64699	8
191058	12
5593	10
6739	12
10986	12
392	8
28947	13
21106018	9
13835630	9
13875219	8
13842573	8
6950	10
14299946	16
13030	10
9360	8
8071	10
10432	8
11294	13
4963	10
13875432	8
434	10
5139	20
19766	11
9547	10
13835293	6
13875441	8
11769	8
65272	36
191	9
10181338	11
7151	12
5541	31
592	5
13839441	6
13835209	5
13839416	7
63908	9
221226	10
26325085	14
61765	10
7001	10
6675	10
21105795	9
17339596	18
11080	8
4380	25
16359	13
63054	11
72056	13
34095	11
18685	10
62628	9
11875	8
48085	31
5026	18
1906	11
278	2
10606755	9
13839553	4
18177	13
5882	12
763	1
1015	10
12499	12
5915	10
7189	10
10664	10
7044	13
12478	9
68568	10
89258	16
10205670	4
26325087	14
26325088	14
6035	11
6013	26
937	0
13835604	6
21106172	10
7042	13
10628694	11
10616	12
955	10
1143	3
61191	11
12821	9
7098	11
9564	9
84971	9
388391	9
1710	21
6079	10
5554	23
13837760	8
132	10
2005981	3
10771217	5
18	11
1151	12
185	11
11083	9
8182	12
6988	9
6492	13
913	9
78467	11
9965	12
1577	6
440	11
120548	10
3513	18
744	12
7745	7
1078	7
11366	10
844	6
6371	18
10772050	6
7208	12
61739	13
11489	11
63863	8
5142	11
13835932	7
10975	13
1446	11
5553	24
6066	16
3350	11
40130	14
4878	8
8282	13
376	10
10025	11
5004	13
7142	10
10870	13
20198	14
1253	11
71	11
65234	24
6665	14
29400	43
1043	29
4067	34
62265	15
7150	13
55075	12
4444100	22
789	8
541032	11
96749	11
7984	8
3102535	7
64016	20
7146	11
361	12
6045	61
10197150	7
4599	18
472932	9
5768	24