Compound Id	HBondAcceptorCount
502855	3
6191	0
26325183	2
5709	3
6153	0
16425	0
8521	4
23150	1
8520	3
66656	1
26824	3
18019	4
26325084	9
6190	0
11919	0
10696	4
26325083	8
10451	5
23101	2
122090	2
26325082	7
26325081	6
10449	6
26325080	5
66655	1
14021447	4
67991	1
109705	0
17619	1
692	1
291	0
6084	0
6094	0
7555	0
6120	0
7712	0
6308	0
9646	0
10781	0
15802	0
17976	0
7767	0
7604	0
7010	0
6163	0
6340	0
8560	0
11094	0
11023	0
11055	0
10786	0
7619	0
10755	0
11551	0
349	0
11035	0
11104	0
10795	0
10445	0
7849	0
17558	0
13439	0
13402	0
14840	0
13448	0
13619	0
7890	0
11882	0
11883	0
10540	0
7929	0
11897	0
11899	0
12017	0
12072	0
11900	0
11901	0
11146	0
11902	0
10542	0
11906	0
8878	0
11585	3
11557190	3
10452	3
108106	4
127983	0
78828	2
68328	1
67414	3
13837650	0
13853215	0
9392	0
10765	0
7674	0
14998	1
10614293	0
6156	0
12201	0
11109	0
24142	0
13622	0
16180	0
7891	0
12446	0
29025	0
12635	0
11121	0
7713	0
12809	0
7833	0
7556	0
7954	0
555074	0
7957	0
4516601	0
56442	0
4483639	0
4516599	0
4512361	0
4483638	0
4449912	0
4512642	0
18410	0
22408	0
66675	0
10113	0
9484	0
6085	0
7024	0
15438	0
8896	0
14751	0
221117	0
7787	0
8908	0
8909	0
8910	0
71433	0
22814	0
9095782	0
6151	0
6188	0
11099	0
73583	0
7340	1
8158	1
11110	0
9642	0
11996	1
10756390	4
62827	0
7626	1
10265264	0
56117	2
11230	1
63631	1
11086	0
11841	1
6402	0
1406720	0
1114	1
14692	0
10179173	0
21800	0
8544	0
7788	0
4927801	5
10325078	0
55188	1
68224	4
24263	0
6364	0
11749	1
14672	1
11228	1
11857	0
391428	0
10733068	5
454638	0
9990	0
6309	0
7557	0
558883	0
56020	0
10124	0
6111	0
10265270	0
14198	0
7180	0
9411	2
6149	0
15765	0
553642	0
15413	3
7182	0
10669	0
8569	1
12220	1
7823	1
11849	1
10441	1
3168	1
11833	1
455420	1
10709	1
10179239	0
11761	0
6108	0
69914	3
59573	2
11671339	3
7956	1
55090	0
10053	0
28993	0
10054	0
9461	1
16791	0
11117	0
205483	3
10979	0
61346	0
6186	0
69371	0
69569	2
7181	0
99596	0
11351244	0
16841	0
61266	0
6187	0
2656	1
6827	0
20939	0
7817	1
11788	1
13835316	0
6270	4
454209	0
9633	0
9377	0
9243	0
11148	0
923	1
6121	0
6315	0
6118	0
8577	0
14349	0
7852	0
14680	0
7776	0
7330	0
6122	0
7732	1
11729	0
6307	0
13255	1
10512	0
13837797	1
6098	0
10536	0
7827	0
9233	0
18607	0
5730	0
10526	0
120464	0
24590970	0
7733	1
7850	0
11865	0
7714	0
10437	0
6097	0
12219	0
7848	0
61487	0
11863	0
7810	0
7766	0
7711	0
7552	0
6092	0
12010	0
11830	0
10497	0
31029	0
6100	0
12228	0
6042	0
13836713	0
13803	3
7815	0
7560	0
6103	0
6635	0
6087	0
7721	0
6083	0
1039	0
6088	0
13837281	0
56232	0
5979	0
13837190	2
7074	2
7170	0
10534	0
10410	0
68503	3
14694	0
7090	0
7028	1
10487	0
13492	0
15747	0
8356	0
18971812	0
14688	0
71876	2
7128	0
7183	0
7088	0
15461	0
13299573	0
7073	2
2340753	0
8554	1
10340	0
13487	0
7385	0
8531	0
7448	0
764	0
10325184	0
6406	2
12066	2
7738	0
10404	0
7419	0
7219	0
11660	0
6999	0
18688	2
7737	1
1108	0
236	0
7521	0
7641	0
7659	0
11871	0
55130	2
10433	2
11992	2
10253	0
60886	0
83962	2
12161	4
7671	2
10446	2
62249	2
11526	3
7672	0
7786	0
8335	0
7657	2
22453	2
7065	2
13875283	0
7553	0
11409	0
3631	1
13835836	2
55084	2
7694	2
7482	2
11716	2
11045	2
7515	2
13836549	0
13836674	0
6967	0
6977	0
21168808	0
960	2
61213	0
7472	2
11207996	2
29016	2
7747	2
7627	2
10571	2
7076	2
7003	2
9614	0
7739	0
8883	0
7757	2
7511	2
7509	2
29005	2
10420	2
7478	3
7475	2
7463	2
21111806	0
21111820	0
21171407	0
11910	1
13850082	2
7872	2
7875	2
7913	2
7670	1
8568	2
14846	2
7800	2
11843	2
29012	2
10797	1
7538	2
7536	2
11755	2
7706	2
7761	2
10492	2
11680	2
11706	2
10653	2
68179	2
11727	2
21108550	0
9724	0
11731	0
8950	0
14866	0
6720	1
7559	1
10236	0
7012	1
11065	1
28981	1
99681	2
8525	2
6176	1
7081	1
6313	1
9903	0
55123	2
12012	2
7534	1
10791	1
11125	2
7782	2
6316	0
9325	0
123860	2
28986	1
6335	2
7616	2
7129	0
10788	1
7621	1
8329688	0
10777	1
441	1
7838	1
5949	1
29029	1
7772	1
256	1
512	1
21169510	2
7676	0
13875281	0
7220	0
7248	0
11661	0
12674	0
8097	0
12972	1
9976	1
7514	1
215929	1
11025	1
7734	2
7016	1
1095	0
2038738	3
12259	0
13836589	2
172	1
13836520	2
13875230	0
18219	0
10801109	3
29004	3
7871	1
21153	1
7802	1
12218	1
12632	1
7760	1
11095	1
21106173	3
7607	1
13866746	0
7577	2
7506	1
9228	0
7239	0
11647	2
7530	2
1266019	2
109838	2
6321	1
13874867	3
6314	1
4510484	1
62530	1
13842613	1
7391	0
7242	1
26325086	3
13862665	2
15443	1
124968	2
9581	0
66809	1
221082	0
13875320	0
6642	0
13835376	2
127750	2
13857694	0
7673	0
7662	0
363458	2
7684	2
61111	1
13875196	0
11042	1
24972	2
28992	2
13875160	0
13875258	0
9994	1
29015	2
4446445	1
4444608	1
394562	1
13839199	1
18724	1
7238	0
21105959	0
13866817	0
13875392	0
13839575	3
6322	1
558020	2
21132380	1
13677	0
65750	1
63903	1
10940	1
13865438	0
13868640	0
29001	2
21106135	0
13837988	0
10400	1
8067	0
13839109	3
21105905	1
11077	1
906	0
13865426	3
10710415	3
21106560	1
20843	2
15965	2
70682	0
13658	2
11862	0
7710	0
7809	0
7765	0
6794	1
26516	0
17131	3
21106520	1
924	1
13862559	0
6788	0
13861343	0
73412	0
8904	2
13874733	1
24535	2
25552	2
10437215	2
11087	0
10909	0
10918	0
15489	0
2441	1
10939	1
11784	1
8868	0
7518	0
21106019	1
24533	2
1020	1
2039535	2
8374	2
21106586	3
11756	0
71089	2
7688	2
8902	2
10937	1
6897	2
17443	2
6883	2
11785	1
7240	1
503239	3
21106571	0
10908	0
3463	0
16388	5
6828	0
7161	1
8141	1
7679	1
4444456	0
66996	2
13840690	0
11667	0
13864445	0
21108548	0
21106163	0
14256731	3
6311	1
30595	2
13865424	1
13229	1
7175	2
7157	2
917	2
13875356	0
12044	0
12682	0
71628	2
9363	1
6296	1
70715	2
62632	1
78998	1
11884	1
16177	1
15853	1
67360	1
11866	1
15846	1
29026	1
11846	1
7770	1
7717	1
62808	2
21106366	1
7420	0
21168831	0
455090	3
71437	0
13063	0
558878	1
25886	1
71430	3
559096	2
13868660	0
707	0
387	0
10018	2
61001	1
20570	2
21106540	0
15855	1
7790	3
8903	2
62489	1
8899	1
13634	1
13630	1
553578	1
66565	1
10437135	2
66021	2
7221	1
7383	0
6339	0
6736	0
10851	0
10850	0
23977588	3
24043	1
12069	0
191367	0
11799	0
7615	0
11265	1
67653	0
21106032	0
1348	2
66896	1
62534	2
62408	2
7389	2
38364	0
12045	0
2003	0
17784	1
12637	4
21106524	1
13875212	0
19475	1
13647	0
21168826	1
6780	1
10841	0
25889	1
25890	1
10227261	4
220998	1
12954	1
13851576	0
12047	0
16736498	3
6478	0
8912	4
10849	0
11038	0
89076	1
199342	1
19477	1
6287	4
13811	3
14169248	1
10437074	2
21105878	0
21168813	1
235	1
8186	1
13872122	0
8098	1
6737	0
6789	0
15861	0
4445317	1
11632	1
13885245	2
8674	0
7132	1
11783	1
27488	0
10813	0
7202	0
30516	1
26325090	1
21112023	1
13876539	1
68676	2
551	0
11776	0
66895	1
66887	1
9893	1
63518	1
59482	1
6881	1
13839308	1
10586285	2
218253	0
7689	1
63310	4
7299	0
10829	0
12957	1
84036	1
68152	1
24041	1
19953955	1
14556	3
21106140	0
1361549	1
10831	0
23886	0
33421	0
70714	2
15755	0
14995	0
14994	0
67470	0
15476	0
15756	0
6592	0
21943	1
10106	4
19956441	1
11930	3
10384035	2
65936	3
14227	1
11584	2
13867714	2
19957731	1
120489	2
7302	0
16387	5
502245	4
5708	1
16159	0
13648	2
13835126	1
34863	0
23730	1
23621376	1
21106146	0
12231	2
15619	0
15789876	5
7224	1
11600	1
21106144	0
13863774	0
7138	0
6604	1
25677	0
6840	0
12816	2
21111781	1
15475	0
15477	0
15478	0
15524	0
158870	0
157093	0
83374	0
457144	0
135925	0
457145	0
8807	0
19476	1
28969	1
13863629	1
7278	2
13644	2
21106014	1
6852	0
6735	0
30572	5
21106013	0
26260	0
4932499	0
12586	1
7964	4
6193	4
15620	0
11708	0
13859497	1
9943	2
456015	2
63906	1
15621	0
11632871	5
13856009	2
8876	0
21106020	0
15488	0
84188	0
136000	0
135983	0
136001	0
136002	0
136003	0
84235	0
82755	0
82712	0
157094	0
103011	0
102798	0
82762	0
13849665	6
24326358	0
5894	1
68437	0
26010	0
30600	0
33455	0
33934	0
33932	0
34866	0
34665	0
34664	0
37904	0
34864	0
34188	0
34865	0
11974	0
33416	5
15409	2
21106036	0
8855	2
2915	0
13328	1
7225	2
7685	1
21111817	1
20124	1
2923	1
21106470	2
56793	0
454495	0
40191	0
56791	0
35581	0
56774	0
82765	0
2185	2
13853953	0
457140	0
27793	0
82754	0
457138	0
102897	0
457139	0
102947	0
97173	0
102720	0
102801	0
102833	0
102721	0
102856	0
102933	0
103066	0
97172	0
7030	3
62484	2
87265	1
12699	0
21429023	0
13837303	4
78	2
13837329	4
65701	1
59577	2
2283071	0
13104	1
21106008	1
247721	2
4489	2
13835706	6
2275	2
3918	3
106355	0
102741	0
97055	0
97198	0
5993	2
28682	3
13856959	2
553649	0
13848341	4
10864	0
10169	0
8860	1
6838	1
34874	0
36972	0
56788	0
533188	0
35579	0
16182	0
46262	0
35580	0
82818	0
56790	0
56795	0
33458	0
82777	0
35584	0
56785	0
56792	0
34189	0
34859	0
84346	0
56760	0
56755	0
33666	0
13867413	3
6781	0
13865630	4
7241	2
12061	1
15473	0
17099	0
17098	0
33933	0
15474	0
34868	0
37905	0
34869	0
37918	0
37915	0
34867	0
25605	0
26011	0
34870	0
34666	0
21924	0
36973	0
37744	0
46894	0
45444	0
56769	0
56780	0
34847	0
39406	0
35081	0
56781	0
56771	0
6842	0
10101	4
13835351	4
6773	4
102834	0
102722	0
154865	0
96948	0
102743	0
102857	0
154866	0
106356	0
102787	0
97240	0
102742	0
136966	1
13054	1
7636	3
21105699	2
29107	2
7029	2
19231	3
67460	1
9873	1
17868	2
6524	4
8243	4
6528	4
13837319	4
8241	4
11422	2
6855	1
69982	0
97257	0
97224	0
102923	0
96868	0
96864	0
97234	0
97233	0
154062	0
97142	0
2075	1
21106148	0
6023	1
65763	1
56782	0
36977	0
83414	0
84348	0
82823	0
11586	2
1278	2
62472	2
26563	6
36975	0
56778	0
43354	0
37779	0
45445	0
36974	0
35585	0
34848	0
84344	0
34850	0
82819	0
56772	0
82820	0
16415	0
56779	0
56768	0
56777	0
84345	0
34668	0
16736486	0
8111	0
642951	2
13300034	0
96965	0
33198	0
82783	0
34852	0
37000	0
37019	0
56765	0
39198	0
82740	0
56761	0
56756	0
56766	0
83413	0
34851	0
36976	0
56767	0
56763	0
5775	1
21106145	1
11422351	3
56787	0
35583	0
82807	0
56794	0
33386	0
33457	0
47912	0
82817	0
46893	0
33280	0
35582	0
33304	0
46263	0
553171	4
10488	2
34667	0
34871	0
34873	0
56784	0
34872	0
970	0
556589	1
29153	0
11917	0
204209	2
21106581	1
15827	0
70806	1
4437893	2
9824	1
2908	3
33407	0
36985	0
35205	0
15637	0
82821	0
8329	2
2625	2
86007	6
13835344	1
76154	3
73390	4
11773	2
11582	1
7172	0
2991	1
34853	0
37745	0
36978	0
34190	0
34191	0
36771	0
36710	0
56757	0
549017	0
84347	0
56764	0
56758	0
47914	0
56762	0
33984	0
33983	0
34860	0
82738	0
36982	0
36979	0
47915	0
56783	0
36981	0
37004	0
36980	0
222538	4
13848793	1
7176	2
7211	0
65523	4
13090	1
82751	0
36989	0
8800	0
62060	5
2975965	1
33282	0
46285	0
46284	0
82806	0
56776	0
47913	0
32952	0
45446	0
43353	0
56773	0
26325089	2
6588	0
2849146	4
10437335	4
33281	0
56786	0
56789	0
33456	0
46264	0
9187483	0
5978	2
10257	0
2699	2
5739	0
6577	1
8816	0
659	1
13835294	2
8817	0
526	1
7199	2
6514	2
36990	0
35912	0
45448	0
36987	0
36988	0
13860	1
33986	0
36983	0
36986	0
45447	0
35566	0
47916	0
46137	0
550258	0
33985	0
2928	0
8788	0
15484	0
20132	1
7315	1
6453	2
6753	1
9797	1
192748	2
8799	0
10437836	3
2121	3
34854	0
46136	0
82736	0
56759	0
36984	0
6621	2
17347	2
15517	3
56775	0
56770	0
11283	0
36029	4
35206	0
64155	3
34192	0
82822	0
8763	0
8804	0
5557	5
75956	3
6775	2
2246	0
5113	4
26325182	3
11672	2
105291	3
35108	0
29117	2
33316	0
5678	0
156255	2
18336	3
4449	2
12549	1
374462	2
13662	0
10437239	3
8351654	4
83191	3
5774	3
5145918	3
58496	3
92468	3
11439687	4
92494	3
91432	6
8124942	6
24722	2
133166	3
8101973	6
509179	4
67594	1
4228778	4
10162	3
4444479	6
4444107	7
21108577	2
5552	5
21486195	6
4911	4
75995	4
2424	6
4444362	11
14441700	0
23055	0
14829	0
6093	0
13848808	2
21105897	2
6898	2
4268	5
8058	1
8060	2
7566	1
62310	2
6338	0
10498	1
6057	0
21105848	1
518	0
7546	1
7013	0
10292746	1
13835550	2
6128	0
175	1
6745	2
10343	0
2041618	3
10784857	6
274	2
6106	0
62826	0
8543	0
6630	1
13837787	0
10772140	2
6148	0
62589	1
7686	1
56144	0
7791	1
6105	0
13837537	2
21106570	0
6135	0
2927	0
8262	0
3548	3
11434292	2
7624	1
38403	1
2282428	0
9251	0
13571291	1
71312	0
11153	0
3973	1
75951	2
68832	2
92731	0
6102	1
76894	3
4624	1
7794	1
70850	1
11811	1
7777	1
15482	1
7856	1
8562	1
7730	1
654	1
2062437	0
13837280	0
72551	2
7630	3
23208	2
11864	0
11845	0
454215	0
9254	0
9253	0
83734	0
553742	0
15077490	0
2018460	0
22191	2
72793	2
12442	0
2018165	0
7406	2
2271976	5
1448	0
21782117	1
12209	0
9286	0
391	0
4514529	0
16641	0
6125	0
6104	0
11911	0
6119	0
7551	0
15427	1
9256	0
4444553	7
10652594	5
21106179	0
71390	0
107412	0
558928	0
24641	2
2916	0
558875	0
2297441	6
29282	5
9120	0
12730	6
4471584	7
9088156	3
12456	0
17880	0
11806	0
7558	0
6095	0
6086	0
2293678	0
10364	0
29036	0
21111822	0
7681	0
13863618	1
12874	5
59483	3
2056044	0
3441	0
13638	1
11154	0
6326	0
10801842	2
4768	5
6774	0
20848	5
5932	3
10756	1
61149	0
6130	0
5977	0
13838404	0
7223	1
15495	2
5198	4
21105594	4
58234	1
21105591	4
12577	0
6145	1
6310	1
7606	1
23255	1
6123	1
8576	1
7851	1
15387	1
7811	1
7835	1
7769	1
7716	1
7564	1
6101	1
6089	1
217	1
13835977	1
7703	2
60329	2
7727	2
1609	2
6342	0
13869414	1
21106077	4
10481872	7
6179	0
7234	1
18941	5
4760	5
12705	5
11003	1
2169	5
10837	0
6916	2
8093	2
8030	2
12197	0
30713	0
6790	1
5027	5
552744	2
21112738	0
7677	1
48024	2
8319	1
26286843	1
29040	0
6132	0
6301	1
13850142	1
390927	1
19709	0
60121	0
13869434	1
13869462	1
13840647	1
13860491	1
9349	1
14620	5
14916	2
992	4
9016	0
8935	2
21106519	1
12133	5
4103087	1
5376	4
2760	6
9786472	6
196288	6
139025	6
60858	1
12933	4
10181341	2
7736	1
447	0
4759	5
33617	5
30881	5
4447447	2
28552	6
3438	3
3544	2
4444102	1
21106059	7
10675065	0
4514586	0
13854944	2
13860641	1
13853758	1
21159695	1
21106525	1
13854136	1
13835151	1
10991	1
13860692	1
29008	1
13860775	1
4745	4
13303	5
7466	3
11699	3
4366810	3
10422	3
11695	3
13869480	1
10892	2
13849981	1
15093	2
206493	3
13842001	2
13854248	1
11961	1
6002	3
7480	2
21106058	4
13836399	2
5889	1
299166	1
6835	1
3534	4
5162	6
75662	8
21106365	1
499714	2
558917	1
11629	1
14627	0
512621	1
3693	3
5026296	1
13836021	2
1087	2
4514549	0
13302	5
256210	0
13849989	1
15016	1
13836591	2
2654	6
13856352	1
15520	4
3841535	1
18717	1
455353	2
16778	2
7705	2
7728	2
59447	2
7528	2
13835459	2
13848467	1
13869451	1
13871489	6
13869339	1
13860817	1
21111772	1
13853943	1
21106518	2
6658	3
11369	0
11180	1
11739	1
11056	1
6146	1
11194	1
6165	1
11216	1
62230	1
11210	1
11732	1
7459	1
11024	1
5830	1
57726	1
72556	1
11610	2
124	2
238	2
15803	1
7026	1
7678	1
9970	1
13837686	0
10008	2
6807	0
21108576	2
11488212	3
27749	3
3216	5
4470736	7
4343	5
8103122	2
3652	5
49179	5
5791	2
70660	5
15954	1
11819	1
7622	1
99440	1
11239	1
11543	1
10790	1
15486	1
18920	1
11861	1
123993	1
11036	1
11029	1
11794	1
10511	1
21011	1
11678	1
3644	1
6320	1
10947	1
10787	1
11793	1
7236	0
55443	1
453675	1
69340	1
10992	1
5439	3
71193	3
2700	3
10251740	2
7190	2
11525	1
4481813	0
13871721	1
6974	0
16804	0
11778	1
11954	1
13860720	1
76394	1
7131	1
13876103	0
13871718	1
4575338	2
2937774	2
206561	2
7310	3
5233	6
197564	4
193441	5
9579	2
7533	1
6164	1
56559	1
9053802	1
29000	1
7434	1
6312	1
8398	1
11898	1
72522	1
7928	1
14348	1
2581	1
11891	1
7917	1
7915	1
7901	1
7892	1
7882	1
8574	1
932	1
7812	1
7837	1
6040	1
258	1
1004	1
682	1
9391	1
63156	1
12626	1
60524	0
59674	1
10248	0
16119	0
12643	1
11752	2
21106900	1
15753	2
3210	1
392447	2
13854242	3
7600	2
13872989	1
62597	1
4937830	1
69177	0
10244	0
8733	2
7568	1
6633	0
12229	0
31006	7
13860434	1
5551	5
13866593	2
21106015	1
13839174	0
11021	1
8960	2
11465	2
4590	2
2157	3
11809	1
748	1
12823	1
10328	0
120621	2
12445	2
20119	2
6334	2
55205	2
13816	2
26765	2
192642	2
122446	2
21181	2
28994	2
11460	2
7145	1
6550	3
106796	3
5550	4
5633	5
13860335	1
24099	2
15702	3
10996	3
7279	3
5091	2
1262	2
880	2
13837702	2
21106535	1
12225	2
773	2
864	1
415	2
1141	4
1664	2
21361761	1
21105998	0
12640	2
6480	1
10437210	1
776	1
8273	0
7397	2
71787	4
4777	2
9219586	2
2457	3
1266393	2
7021	3
11694	3
11244	3
13850879	7
6600	2
62964	0
3322	6
13047	0
10438331	0
5976	5
13846959	1
6688	0
5542	6
19232037	6
19232038	6
18547147	6
21587143	6
11286	3
8070	2
55091	2
733	3
25472	3
18801	2
68156	2
10857	0
589165	2
6610	2
8470	3
953	3
6593	1
21105870	1
63889	0
123207	0
123	1
2241	2
62466	2
62485	2
63968	0
13839128	0
83866	2
18707	0
7961	1
4450907	2
10254	2
62467	2
5236	6
5660	1
305	7
3741	5
12244	0
13839151	0
13257	0
32555	8
13835336	2
13835861	2
73479	0
13839123	0
9911	0
13865680	0
11604	0
13835772	0
61538	0
194092	2
8528	3
3008	3
7140	2
4611	2
21105859	1
13846658	0
66567	1
8140	0
1019	2
67465	2
79280	0
5807	8
11595	3
2068	6
6646	5
7443	0
83850	2
12060	0
14678	0
61411	0
28982	0
6330	2
11795	2
173	2
67270	3
6033	3
7092	3
58563	2
2925	3
8341	0
13839105	0
65	0
13846663	0
21106091	0
65785	2
11596	2
10243171	2
62517	0
86435	2
70652	2
70988	2
10464	2
13839012	0
4333	4
21106169	1
13839110	0
13839082	0
21105871	0
9874	2
11332993	2
28973	0
27296	0
11651	0
8665	0
61707	2
3584	4
4744	4
466305	2
10246	0
21109330	2
10948	2
13835224	2
13835235	2
81815	3
2206	5
86394	5
54833	8
7155	2
230	6
11576	2
2606	2
2079	5
42330	5
8657	0
10903	0
6907	2
11193	2
20545	2
6649	2
8012	2
6333	2
971	0
9454	2
577	4
10181339	2
44152	5
137720	2
13846749	2
8900	3
6177	2
7469	2
7064	2
10001	2
6341	2
259	2
1005	2
9326	0
967	0
11589	2
5596	1
13249	2
3951	2
8552	2
7701	2
7888	2
12013	2
2863	2
7803	2
171	2
7866	2
3756	2
10033	2
370	2
12071	2
10035	2
13884973	2
13029	0
6706	2
4962	1
4575	5
11591	3
9218	2
11107	3
3277	2
8183	2
79969	2
9350	0
10980	2
11588	2
9574	2
6674	2
10972	2
11563	2
693	2
10411	2
11625	2
331	2
7018	2
768	5
6586	2
64699	3
191058	3
5593	2
6739	0
10986	3
392	1
28947	2
21106018	0
13835630	4
13875219	0
13842573	0
6950	3
14299946	5
13030	0
9360	0
8071	2
10432	0
11294	0
4963	2
13875432	0
434	2
5139	6
19766	0
9547	2
13835293	2
13875441	0
11769	0
65272	2
191	4
10181338	2
7151	0
5541	5
592	3
13839441	2
13835209	2
13839416	2
63908	0
221226	0
26325085	2
61765	2
7001	0
6675	2
21105795	1
17339596	6
11080	1
4380	6
16359	2
63054	0
72056	2
34095	2
18685	2
62628	2
11875	2
48085	5
5026	6
1906	2
278	2
10606755	1
13839553	2
18177	4
5882	2
763	2
1015	4
12499	0
5915	3
7189	1
10664	0
7044	2
12478	1
68568	3
89258	2
10205670	2
26325087	2
26325088	2
6035	1
6013	7
937	1
13835604	3
21106172	0
7042	2
10628694	2
10616	2
955	0
1143	3
61191	0
12821	1
7098	0
9564	0
84971	5
388391	5
1710	4
6079	2
5554	1
13837760	0
132	2
2005981	2
10771217	2
18	2
1151	4
185	5
11083	0
8182	4
6988	0
6492	0
913	3
78467	2
9965	2
1577	4
440	6
120548	1
3513	7
744	6
7745	4
1078	4
11366	0
844	4
6371	0
10772050	2
7208	4
61739	0
11489	2
63863	3
5142	4
13835932	4
10975	0
1446	2
5553	2
6066	4
3350	2
40130	4
4878	0
8282	0
376	4
10025	4
5004	4
7142	2
10870	0
20198	4
1253	3
71	2
65234	1
6665	0
29400	9
1043	10
4067	8
62265	4
7150	2
55075	0
4444100	1
789	4
541032	0
96749	6
7984	4
3102535	0
64016	3
7146	2
361	2
6045	13
10197150	4
4599	5
472932	6
5768	11