Compound Id	ChiPathCluster [VPC-6]
502855	0.407
6191	0.0
26325183	1.240
5709	0.118
6153	0.0
16425	0.0
8521	51.409
23150	13.778
8520	39.110
66656	N/A
26824	38.895
18019	47.545
26325084	110.970
6190	0.0
11919	0.0
10696	49.197
26325083	98.671
10451	61.496
23101	26.811
122090	25.795
26325082	86.372
26325081	74.073
10449	73.795
26325080	61.773
66655	13.271
14021447	49.474
67991	16.337
109705	1.021
17619	N/A
692	0.0
291	0.0
6084	0.0
6094	0.0
7555	0.0
6120	0.0
7712	0.0
6308	0.0
9646	0.0
10781	0.816
15802	0.391
17976	1.443
7767	0.0
7604	0.0
7010	0.0
6163	0.0
6340	0.0
8560	0.0
11094	0.204
11023	0.204
11055	0.25
10786	0.236
7619	0.236
10755	0.0
11551	0.0
349	0.0
11035	0.289
11104	0.667
10795	0.962
10445	1.021
7849	0.0
17558	0.144
13439	2.652
13402	0.0
14840	0.0
13448	2.5
13619	0.0
7890	0.0
11882	0.0
11883	0.0
10540	0.0
7929	0.0
11897	0.0
11899	0.0
12017	0.0
12072	0.0
11900	0.0
11901	0.0
11146	0.0
11902	0.0
10542	0.0
11906	0.0
8878	0.766
11585	0.325
11557190	37.175
10452	36.898
108106	55.765
127983	0.0
78828	24.876
68328	12.480
67414	41.824
13837650	0.0
13853215	0.0
9392	0.0
10765	0.0
7674	0.408
14998	0.433
10614293	1.021
6156	0.0
12201	0.0
11109	0.0
24142	0.0
13622	0.0
16180	0.0
7891	0.0
12446	0.0
29025	0.0
12635	0.0
11121	0.0
7713	0.0
12809	0.0
7833	0.0
7556	0.0
7954	0.0
555074	0.0
7957	0.0
4516601	0.0
56442	0.0
4483639	0.0
4516599	0.0
4512361	0.0
4483638	0.0
4449912	0.0
4512642	0.0
18410	0.361
22408	0.0
66675	0.0
10113	0.0
9484	0.0
6085	0.0
7024	0.0
15438	0.348
8896	0.0
14751	0.493
221117	1.138
7787	0.0
8908	0.0
8909	0.0
8910	0.0
71433	0.0
22814	0.0
9095782	0.0
6151	0.0
6188	0.0
11099	0.0
73583	0.0
7340	0.573
8158	0.0
11110	0.0
9642	0.0
11996	0.144
10756390	40.077
62827	0.008
7626	0.136
10265264	1.138
56117	0.854
11230	0.0
63631	0.0
11086	0.289
11841	0.136
6402	3.767
1406720	11.322
1114	0.0
14692	0.0
10179173	1.138
21800	1.138
8544	0.0
7788	0.0
4927801	69.706
10325078	0.0
55188	0.0
68224	40.562
24263	2.440
6364	4.360
11749	0.0
14672	0.0
11228	0.0
11857	0.0
391428	2.440
10733068	50.060
454638	12.196
9990	0.0
6309	0.0
7557	0.0
558883	0.0
56020	0.0
10124	0.0
6111	0.0
10265270	1.886
14198	3.764
7180	0.836
9411	0.081
6149	0.0
15765	1.138
553642	0.0
15413	1.273
7182	0.837
10669	0.859
8569	0.0
12220	0.0
7823	0.0
11849	0.0
10441	0.0
3168	0.0
11833	0.0
455420	0.0
10709	0.0
10179239	1.886
11761	0.408
6108	0.0
69914	30.421
59573	0.0
11671339	30.322
7956	0.0
55090	0.0
10053	0.0
28993	0.143
10054	0.0
9461	0.030
16791	0.0
11117	0.0
205483	0.355
10979	0.893
61346	0.126
6186	0.0
69371	41.335
69569	29.0
7181	0.835
99596	0.0
11351244	0.383
16841	0.0
61266	1.717
6187	0.0
2656	4.376
6827	1.886
20939	0.912
7817	0.0
11788	0.316
13835316	0.0
6270	1.343
454209	0.0
9633	0.0
9377	0.0
9243	0.0
11148	0.0
923	0.0
6121	0.0
6315	0.0
6118	0.0
8577	0.0
14349	0.0
7852	0.0
14680	0.0
7776	0.0
7330	0.0
6122	0.0
7732	0.0
11729	0.0
6307	0.0
13255	0.340
10512	0.0
13837797	0.0
6098	0.0
10536	0.0
7827	0.0
9233	0.0
18607	0.0
5730	0.0
10526	0.0
120464	0.0
24590970	0.0
7733	0.0
7850	0.0
11865	0.0
7714	0.0
10437	0.0
6097	0.0
12219	0.0
7848	0.0
61487	0.0
11863	0.0
7810	0.0
7766	0.0
7711	0.0
7552	0.0
6092	0.0
12010	0.0
11830	0.0
10497	0.0
31029	0.0
6100	0.0
12228	N/A
6042	0.0
13836713	0.0
13803	0.0
7815	0.0
7560	0.0
6103	0.0
6635	2.236
6087	0.0
7721	0.0
6083	0.0
1039	0.0
6088	0.0
13837281	0.0
56232	0.177
5979	0.0
13837190	0.0
7074	0.189
7170	1.149
10534	0.0
10410	0.497
68503	0.0
14694	0.0
7090	0.219
7028	0.0
10487	0.463
13492	0.256
15747	0.256
8356	0.623
18971812	0.0
14688	0.177
71876	0.107
7128	0.425
7183	0.605
7088	0.975
15461	1.219
13299573	0.205
7073	0.243
2340753	0.0
8554	0.0
10340	0.0
13487	0.256
7385	0.243
8531	0.543
7448	0.389
764	0.138
10325184	0.0
6406	0.029
12066	0.0
7738	0.0
10404	0.256
7419	0.273
7219	0.169
11660	0.394
6999	1.483
18688	0.465
7737	0.0
1108	0.128
236	0.0
7521	0.415
7641	0.367
7659	0.683
11871	0.0
55130	0.165
10433	0.165
11992	0.185
10253	0.956
60886	1.563
83962	7.618
12161	0.0
7671	0.362
10446	0.269
62249	0.227
11526	0.0
7672	0.802
7786	0.0
8335	0.7
7657	0.165
22453	0.258
7065	0.185
13875283	0.226
7553	0.0
11409	0.512
3631	0.147
13835836	0.096
55084	0.092
7694	0.071
7482	0.080
11716	0.050
11045	0.050
7515	0.059
13836549	0.464
13836674	0.0
6967	0.415
6977	0.839
21168808	0.0
960	0.023
61213	0.0
7472	0.185
11207996	0.059
29016	0.083
7747	0.185
7627	0.048
10571	0.048
7076	0.107
7003	0.091
9614	0.048
7739	0.0
8883	3.818
7757	0.071
7511	0.071
7509	0.071
29005	0.071
10420	0.080
7478	0.034
7475	0.059
7463	0.042
21111806	0.105
21111820	0.0
21171407	0.0
11910	0.0
13850082	0.704
7872	0.029
7875	0.029
7913	0.029
7670	0.421
8568	0.029
14846	0.050
7800	0.050
11843	0.029
29012	0.029
10797	0.439
7538	0.050
7536	0.050
11755	0.0
7706	0.042
7761	0.068
10492	0.039
11680	0.042
11706	0.059
10653	0.0
68179	0.0
11727	0.0
21108550	0.111
9724	4.893
11731	0.0
8950	0.192
14866	1.064
6720	1.644
7559	0.0
10236	0.904
7012	0.0
11065	0.0
28981	0.201
99681	2.122
8525	0.0
6176	0.0
7081	0.0
6313	0.0
9903	0.585
55123	0.0
12012	0.0
7534	0.447
10791	0.083
11125	0.0
7782	0.0
6316	0.0
9325	0.111
123860	0.0
28986	0.102
6335	0.0
7616	0.0
7129	0.295
10788	0.083
7621	0.083
8329688	0.0
10777	0.0
441	0.0
7838	0.0
5949	0.0
29029	0.0
7772	0.0
256	0.0
512	0.0
21169510	0.597
7676	0.145
13875281	0.455
7220	0.119
7248	0.369
11661	0.326
12674	1.030
8097	0.874
12972	0.144
9976	0.174
7514	0.102
215929	0.087
11025	0.072
7734	0.0
7016	0.0
1095	0.0
2038738	0.053
12259	2.405
13836589	0.0
172	0.0
13836520	0.020
13875230	0.401
18219	0.0
10801109	3.478
29004	0.418
7871	0.051
21153	0.051
7802	0.051
12218	0.051
12632	0.051
7760	0.051
11095	0.072
21106173	0.418
7607	0.0
13866746	0.358
7577	0.0
7506	0.258
9228	0.250
7239	0.293
11647	0.415
7530	0.683
1266019	0.261
109838	0.0
6321	0.0
13874867	0.083
6314	0.0
4510484	0.142
62530	0.188
13842613	0.284
7391	0.140
7242	0.131
26325086	0.550
13862665	0.024
15443	0.304
124968	0.029
9581	0.178
66809	0.076
221082	0.175
13875320	0.707
6642	3.563
13835376	0.0
127750	0.0
13857694	0.438
7673	0.252
7662	0.834
363458	0.167
7684	0.183
61111	0.038
13875196	0.156
11042	0.332
24972	0.552
28992	0.266
13875160	0.455
13875258	0.707
9994	0.0
29015	0.0
4446445	0.0
4444608	0.0
394562	0.0
13839199	0.099
18724	0.858
7238	0.098
21105959	0.342
13866817	0.499
13875392	0.613
13839575	0.0
6322	0.0
558020	0.029
21132380	0.295
13677	1.084
65750	0.223
63903	0.210
10940	0.332
13865438	0.274
13868640	1.179
29001	0.029
21106135	0.326
13837988	0.499
10400	0.288
8067	4.782
13839109	0.017
21105905	0.140
11077	0.295
906	0.513
13865426	0.083
10710415	0.117
21106560	0.131
20843	0.266
15965	0.261
70682	0.0
13658	1.003
11862	0.0
7710	0.0
7809	0.0
7765	0.0
6794	0.559
26516	0.390
17131	1.823
21106520	0.099
924	0.329
13862559	1.047
6788	0.827
13861343	0.0
73412	0.0
8904	0.0
13874733	0.099
24535	0.803
25552	0.480
10437215	0.107
11087	0.325
10909	1.142
10918	1.127
15489	0.727
2441	6.156
10939	0.573
11784	0.113
8868	0.3
7518	0.773
21106019	0.339
24533	0.108
1020	0.0
2039535	0.092
8374	0.255
21106586	0.301
11756	0.0
71089	0.077
7688	0.077
8902	0.0
10937	0.332
6897	0.257
17443	0.063
6883	0.223
11785	0.113
7240	0.093
503239	0.245
21106571	1.852
10908	1.315
3463	26.106
16388	0.782
6828	0.513
7161	1.062
8141	0.0
7679	0.144
4444456	0.0
66996	0.087
13840690	0.180
11667	0.3
13864445	1.144
21108548	0.508
21106163	1.906
14256731	0.284
6311	0.0
30595	0.575
13865424	0.309
13229	0.559
7175	0.413
7157	0.468
917	1.091
13875356	0.993
12044	0.960
12682	1.617
71628	0.137
9363	0.038
6296	1.652
70715	0.151
62632	0.0
78998	0.0
11884	0.0
16177	0.0
15853	0.0
67360	0.0
11866	0.0
15846	0.0
29026	0.0
11846	0.0
7770	0.0
7717	0.0
62808	0.029
21106366	0.298
7420	0.281
21168831	0.255
455090	0.212
71437	8.619
13063	0.852
558878	0.196
25886	0.080
71430	0.232
559096	5.6
13868660	0.961
707	9.349
387	0.0
10018	0.0
61001	0.574
20570	0.264
21106540	2.045
15855	1.062
7790	0.0
8903	0.0
62489	0.076
8899	0.0
13634	0.098
13630	0.195
553578	0.196
66565	0.081
10437135	0.099
66021	0.087
7221	0.093
7383	0.335
6339	0.0
6736	0.954
10851	1.237
10850	1.369
23977588	24.767
24043	0.0
12069	0.0
191367	0.0
11799	0.0
7615	0.0
11265	0.470
67653	0.0
21106032	0.0
1348	0.0
66896	0.377
62534	0.286
62408	0.347
7389	0.1
38364	1.658
12045	0.791
2003	28.079
17784	0.498
12637	0.0
21106524	0.348
13875212	1.179
19475	0.0
13647	0.372
21168826	0.322
6780	0.426
10841	1.493
25889	0.115
25890	0.197
10227261	0.398
220998	0.182
12954	0.212
13851576	0.245
12047	0.699
16736498	24.767
6478	1.636
8912	0.0
10849	1.356
11038	1.458
89076	0.404
199342	1.404
19477	0.120
6287	0.314
13811	0.752
14169248	0.193
10437074	0.087
21105878	0.201
21168813	0.532
235	0.1
8186	0.404
13872122	0.330
8098	0.455
6737	1.020
6789	0.873
15861	1.806
4445317	2.965
11632	0.158
13885245	0.277
8674	0.255
7132	0.221
11783	0.195
27488	1.703
10813	1.523
7202	0.358
30516	0.185
26325090	0.0
21112023	0.275
13876539	0.168
68676	0.935
551	1.062
11776	2.088
66895	0.377
66887	0.377
9893	0.381
63518	0.377
59482	0.388
6881	0.322
13839308	0.160
10586285	0.951
218253	1.026
7689	0.113
63310	0.596
7299	0.515
10829	1.555
12957	0.041
84036	0.1
68152	0.163
24041	0.079
19953955	0.0
14556	0.229
21106140	0.604
1361549	0.443
10831	1.492
23886	1.670
33421	1.706
70714	0.151
15755	1.519
14995	1.742
14994	1.658
67470	1.345
15476	1.498
15756	1.218
6592	1.533
21943	0.1
10106	0.427
19956441	0.0
11930	0.263
10384035	0.084
65936	0.056
14227	0.576
11584	0.613
13867714	0.358
19957731	0.0
120489	0.059
7302	0.298
16387	0.699
502245	0.452
5708	0.0
16159	0.210
13648	0.176
13835126	0.432
34863	2.473
23730	0.0
23621376	0.0
21106146	0.370
12231	0.210
15619	1.772
15789876	0.530
7224	0.089
11600	0.142
21106144	0.402
13863774	0.354
7138	0.123
6604	1.165
25677	3.391
6840	1.149
12816	0.078
21111781	0.3
15475	1.682
15477	1.701
15478	1.468
15524	1.235
158870	2.277
157093	1.829
83374	1.998
457144	2.156
135925	2.548
457145	2.186
8807	1.326
19476	0.024
28969	0.172
13863629	0.019
7278	0.273
13644	0.180
21106014	0.383
6852	0.694
6735	1.428
30572	0.128
21106013	0.405
26260	1.901
4932499	2.501
12586	1.706
7964	6.625
6193	7.796
15620	2.216
11708	1.801
13859497	0.430
9943	0.081
456015	0.176
63906	0.523
15621	1.927
11632871	0.0
13856009	0.189
8876	0.385
21106020	0.387
15488	0.832
84188	2.604
136000	2.278
135983	2.009
136001	2.134
136002	2.519
136003	2.047
84235	1.814
82755	2.897
82712	3.123
157094	2.533
103011	2.596
102798	3.555
82762	2.843
13849665	0.422
24326358	1.458
5894	0.0
68437	2.233
26010	1.657
30600	1.324
33455	1.395
33934	1.241
33932	1.557
34866	2.273
34665	2.040
34664	2.182
37904	2.573
34864	1.985
34188	2.193
34865	1.922
11974	6.162
33416	0.0
15409	0.297
21106036	0.3
8855	0.378
2915	2.350
13328	28.459
7225	0.069
7685	0.195
21111817	0.6
20124	0.982
2923	0.814
21106470	0.353
56793	3.313
454495	3.049
40191	2.963
56791	2.845
35581	2.966
56774	4.204
82765	3.882
2185	0.236
13853953	0.441
457140	2.540
27793	3.903
82754	3.245
457138	2.853
102897	2.994
457139	3.326
102947	3.358
97173	3.050
102720	3.021
102801	3.566
102833	2.901
102721	2.871
102856	3.324
102933	2.685
103066	2.976
97172	2.396
7030	0.0
62484	0.731
87265	0.650
12699	1.870
21429023	29.740
13837303	0.716
78	0.072
13837329	0.676
65701	0.722
59577	0.346
2283071	2.458
13104	1.734
21106008	0.487
247721	0.288
4489	0.123
13835706	0.307
2275	0.0
3918	2.753
106355	3.304
102741	3.907
97055	3.681
97198	4.144
5993	0.0
28682	0.150
13856959	0.417
553649	0.351
13848341	0.076
10864	0.686
10169	1.707
8860	1.044
6838	0.715
34874	2.877
36972	2.976
56788	2.643
533188	2.959
35579	2.785
16182	2.411
46262	2.817
35580	2.552
82818	2.853
56790	3.455
56795	2.788
33458	3.677
82777	2.473
35584	2.413
56785	2.386
56792	2.409
34189	2.693
34859	5.019
84346	5.092
56760	4.696
56755	5.255
33666	4.374
13867413	0.013
6781	0.348
13865630	0.122
7241	0.069
12061	0.213
15473	1.151
17099	1.257
17098	1.045
33933	1.272
15474	0.940
34868	1.956
37905	2.358
34869	1.871
37918	2.363
37915	1.693
34867	1.856
25605	2.191
26011	1.772
34870	1.751
34666	1.744
21924	1.610
36973	3.890
37744	4.198
46894	3.754
45444	3.684
56769	4.390
56780	3.717
34847	3.807
39406	3.538
35081	3.334
56781	3.604
56771	3.456
6842	3.934
10101	0.0
13835351	0.543
6773	0.627
102834	4.807
102722	4.323
154865	3.842
96948	3.840
102743	4.241
102857	3.531
154866	3.769
106356	4.114
102787	4.137
97240	4.522
102742	4.310
136966	0.355
13054	0.328
7636	0.069
21105699	0.441
29107	0.0
7029	0.0
19231	0.136
67460	0.244
9873	2.584
17868	0.401
6524	0.891
8243	0.715
6528	0.715
13837319	0.715
8241	0.727
11422	0.489
6855	0.865
69982	0.882
97257	5.554
97224	5.359
102923	5.914
96868	4.958
96864	4.786
97234	5.028
97233	5.230
154062	4.910
97142	5.493
2075	2.356
21106148	0.247
6023	0.457
65763	0.715
56782	5.906
36977	6.071
83414	5.583
84348	6.598
82823	5.747
11586	0.380
1278	1.101
62472	0.444
26563	0.0
36975	3.580
56778	3.564
43354	3.346
37779	4.034
45445	3.330
36974	3.472
35585	3.421
34848	3.187
84344	3.736
34850	3.281
82819	3.958
56772	3.255
82820	3.671
16415	5.015
56779	3.893
56768	2.901
56777	2.874
84345	3.178
34668	3.329
16736486	29.740
8111	1.246
642951	0.835
13300034	3.048
96965	6.449
33198	6.852
82783	4.775
34852	4.595
37000	4.968
37019	4.559
56765	4.569
39198	4.243
82740	5.730
56761	4.794
56756	4.692
56766	4.762
83413	4.207
34851	4.444
36976	4.885
56767	4.094
56763	3.666
5775	15.033
21106145	0.489
11422351	1.884
56787	2.657
35583	2.383
82807	2.662
56794	2.377
33386	2.573
33457	3.435
47912	2.577
82817	2.489
46893	2.113
33280	2.282
35582	2.276
33304	2.405
46263	2.534
553171	0.050
10488	0.083
34667	1.576
34871	1.591
34873	1.470
56784	2.060
34872	1.485
970	1.412
556589	0.394
29153	2.487
11917	4.066
204209	0.620
21106581	0.371
15827	8.216
70806	1.828
4437893	0.395
9824	1.588
2908	2.163
33407	6.793
36985	7.414
35205	6.959
15637	7.125
82821	7.089
8329	0.679
2625	3.878
86007	1.403
13835344	0.321
76154	1.275
73390	0.184
11773	0.231
11582	0.289
7172	0.357
2991	0.606
34853	4.283
37745	4.639
36978	4.267
34190	4.252
34191	4.404
36771	4.547
36710	4.108
56757	4.164
549017	5.296
84347	4.138
56764	4.387
56758	4.047
47914	4.361
56762	5.230
33984	4.124
33983	3.965
34860	5.636
82738	5.444
36982	5.673
36979	5.639
47915	6.101
56783	5.284
36981	5.330
37004	6.225
36980	5.523
222538	0.164
13848793	0.478
7176	0.298
7211	0.309
65523	0.152
13090	1.051
82751	8.301
36989	8.467
8800	2.564
62060	7.691
2975965	2.946
33282	3.084
46285	3.735
46284	3.089
82806	3.078
56776	3.084
47913	3.650
32952	2.916
45446	2.910
43353	2.903
56773	3.066
26325089	4.336
6588	0.922
2849146	0.141
10437335	0.166
33281	2.001
56786	2.379
56789	2.017
33456	2.033
46264	2.273
9187483	1.417
5978	0.0
10257	0.401
2699	2.777
5739	2.135
6577	0.635
8816	2.664
659	0.0
13835294	1.747
8817	2.292
526	0.272
7199	0.433
6514	2.072
36990	7.013
35912	6.521
45448	6.978
36987	6.715
36988	6.863
13860	0.383
33986	5.342
36983	5.480
36986	5.327
45447	6.308
35566	5.724
47916	4.930
46137	5.699
550258	5.153
33985	5.182
2928	4.333
8788	3.704
15484	9.809
20132	0.654
7315	0.282
6453	2.344
6753	1.204
9797	1.381
192748	0.767
8799	3.535
10437836	0.393
2121	1.258
34854	4.161
46136	3.868
82736	4.156
56759	3.874
36984	3.7
6621	0.505
17347	0.663
15517	1.131
56775	2.805
56770	2.821
11283	3.966
36029	1.636
35206	8.055
64155	0.545
34192	6.401
82822	6.491
8763	4.796
8804	3.279
5557	3.688
75956	0.382
6775	0.254
2246	3.453
5113	12.198
26325182	1.371
11672	0.202
105291	0.136
35108	4.946
29117	1.630
33316	3.609
5678	3.025
156255	0.157
18336	0.809
4449	0.542
12549	2.935
374462	0.0
13662	0.150
10437239	0.188
8351654	0.057
83191	12.174
5774	12.151
5145918	5.302
58496	29.409
92468	12.177
11439687	0.986
92494	12.154
91432	2.505
8124942	2.667
24722	0.764
133166	11.914
8101973	2.690
509179	0.382
67594	1.911
4228778	0.382
10162	5.262
4444479	15.481
4444107	3.699
21108577	0.330
5552	13.386
21486195	3.477
4911	2.116
75995	0.764
2424	1.729
4444362	4.252
14441700	0.0
23055	0.0
14829	0.0
6093	0.0
13848808	0.365
21105897	0.386
6898	0.408
4268	1.641
8058	0.504
8060	0.549
7566	0.0
62310	0.392
6338	0.0
10498	0.0
6057	2.618
21105848	0.425
518	N/A
7546	0.0
7013	0.0
10292746	29.606
13835550	0.0
6128	0.0
175	0.0
6745	0.612
10343	0.949
2041618	N/A
10784857	N/A
274	0.0
6106	0.0
62826	0.043
8543	0.0
6630	0.656
13837787	0.236
10772140	0.0
6148	0.0
62589	0.289
7686	0.289
56144	0.351
7791	0.0
6105	0.0
13837537	0.0
21106570	3.173
6135	0.0
2927	2.101
8262	0.907
3548	1.240
11434292	N/A
7624	0.167
38403	0.073
2282428	0.0
9251	0.0
13571291	0.0
71312	0.0
11153	0.0
3973	0.115
75951	0.184
68832	0.144
92731	0.321
6102	0.0
76894	N/A
4624	1.101
7794	0.167
70850	0.0
11811	0.0
7777	0.0
15482	0.0
7856	0.0
8562	0.0
7730	0.0
654	0.0
2062437	0.0
13837280	0.0
72551	0.169
7630	0.017
23208	0.0
11864	0.0
11845	0.0
454215	0.0
9254	0.0
9253	0.0
83734	0.0
553742	0.0
15077490	0.0
2018460	0.359
22191	0.144
72793	0.210
12442	0.0
2018165	0.0
7406	0.343
2271976	3.737
1448	0.507
21782117	29.606
12209	0.0
9286	0.0
391	0.0
4514529	0.0
16641	0.0
6125	0.0
6104	0.0
11911	0.0
6119	0.0
7551	0.0
15427	0.248
9256	0.0
4444553	4.056
10652594	N/A
21106179	0.0
71390	0.0
107412	0.025
558928	0.0
24641	0.218
2916	0.0
558875	0.0
2297441	0.649
29282	0.998
9120	0.468
12730	0.717
4471584	4.791
9088156	30.292
12456	0.0
17880	0.0
11806	0.0
7558	0.0
6095	0.0
6086	0.0
2293678	0.0
10364	0.096
29036	0.0
21111822	0.518
7681	0.172
13863618	0.204
12874	0.979
59483	57.375
2056044	0.279
3441	0.0
13638	0.0
11154	0.0
6326	0.0
10801842	0.578
4768	0.618
6774	0.409
20848	0.786
5932	12.944
10756	1.599
61149	0.269
6130	0.0
5977	0.0
13838404	0.0
7223	0.136
15495	0.386
5198	2.3
21105594	3.925
58234	6.929
21105591	4.205
12577	0.0
6145	0.0
6310	0.0
7606	0.0
23255	0.0
6123	0.0
8576	0.0
7851	0.0
15387	0.0
7811	0.0
7835	0.0
7769	0.0
7716	0.0
7564	0.0
6101	0.0
6089	0.0
217	0.0
13835977	0.0
7703	0.091
60329	0.0
7727	0.0
1609	0.0
6342	0.0
13869414	0.194
21106077	4.358
10481872	2.952
6179	0.0
7234	0.120
18941	0.846
4760	0.811
12705	0.709
11003	0.364
2169	0.516
10837	0.554
6916	0.331
8093	0.796
8030	1.064
12197	0.0
30713	0.0
6790	0.680
5027	0.413
552744	0.0
21112738	0.0
7677	0.236
48024	0.224
8319	0.746
26286843	1.199
29040	0.0
6132	0.0
6301	0.287
13850142	1.473
390927	1.473
19709	0.444
60121	0.265
13869434	0.639
13869462	0.621
13840647	0.677
13860491	0.639
9349	0.148
14620	0.443
14916	1.091
992	0.475
9016	0.0
8935	0.736
21106519	0.396
12133	0.336
4103087	0.742
5376	1.447
2760	13.480
9786472	13.512
196288	13.524
139025	13.524
60858	0.636
12933	2.084
10181341	0.220
7736	0.0
447	0.2
4759	0.550
33617	0.716
30881	0.519
4447447	8.756
28552	0.692
3438	2.536
3544	1.037
4444102	1.504
21106059	2.476
10675065	0.073
4514586	0.0
13854944	0.0
13860641	0.357
13853758	0.511
21159695	0.366
21106525	0.289
13854136	0.286
13835151	0.286
10991	0.343
13860692	0.259
29008	0.0
13860775	0.233
4745	0.466
13303	0.608
7466	0.029
11699	0.056
4366810	0.120
10422	0.150
11695	0.042
13869480	0.225
10892	0.386
13849981	0.287
15093	0.483
206493	0.712
13842001	0.1
13854248	0.316
11961	1.305
6002	13.8
7480	0.102
21106058	3.990
13836399	0.0
5889	0.074
299166	0.262
6835	0.611
3534	3.0
5162	2.041
75662	6.653
21106365	2.047
499714	0.480
558917	0.218
11629	0.352
14627	0.6
512621	N/A
3693	1.246
5026296	6.929
13836021	0.0
1087	0.0
4514549	0.0
13302	0.706
256210	0.571
13849989	0.218
15016	0.0
13836591	0.0
2654	0.584
13856352	0.202
15520	3.758
3841535	0.793
18717	0.478
455353	0.0
16778	0.0
7705	0.053
7728	0.0
59447	0.204
7528	0.618
13835459	0.0
13848467	0.139
13869451	0.285
13871489	0.365
13869339	0.316
13860817	0.723
21111772	1.433
13853943	0.277
21106518	0.392
6658	1.090
11369	4.297
11180	0.0
11739	0.414
11056	0.112
6146	0.0
11194	0.295
6165	0.0
11216	0.335
62230	0.464
11210	0.0
11732	0.112
7459	0.091
11024	0.091
5830	0.189
57726	4.624
72556	0.148
11610	0.253
124	0.314
238	0.147
15803	1.932
7026	0.0
7678	0.183
9970	0.183
13837686	0.273
10008	0.057
6807	0.968
21108576	0.316
11488212	0.482
27749	0.813
3216	4.293
4470736	3.847
4343	3.586
8103122	2.168
3652	3.615
49179	5.437
5791	11.542
70660	0.341
15954	0.390
11819	0.390
7622	0.105
99440	0.569
11239	0.0
11543	0.390
10790	0.105
15486	0.156
18920	0.065
11861	0.065
123993	0.543
11036	0.129
11029	0.129
11794	0.091
10511	0.065
21011	0.0
11678	0.091
3644	0.0
6320	0.0
10947	0.0
10787	0.105
11793	0.091
7236	0.208
55443	0.256
453675	0.256
69340	0.256
10992	0.377
5439	0.0
71193	0.714
2700	2.103
10251740	0.061
7190	0.337
11525	0.0
4481813	0.0
13871721	0.0
6974	0.437
16804	2.802
11778	0.615
11954	1.545
13860720	0.749
76394	0.109
7131	0.266
13876103	0.510
13871718	0.241
4575338	8.668
2937774	0.285
206561	0.251
7310	0.196
5233	2.011
197564	13.754
193441	13.402
9579	0.208
7533	0.7
6164	0.0
56559	0.144
9053802	0.144
29000	0.0
7434	0.250
6312	0.0
8398	0.0
11898	0.0
72522	0.0
7928	0.0
14348	0.0
2581	0.0
11891	0.0
7917	0.0
7915	0.0
7901	0.0
7892	0.0
7882	0.0
8574	0.0
932	0.0
7812	0.0
7837	0.0
6040	0.0
258	0.0
1004	0.0
682	0.0
9391	0.0
63156	0.0
12626	0.0
60524	0.0
59674	0.0
10248	0.978
16119	1.113
12643	0.122
11752	0.0
21106900	0.521
15753	1.043
3210	0.442
392447	0.185
13854242	0.360
7600	0.476
13872989	0.0
62597	0.0
4937830	0.0
69177	1.790
10244	1.810
8733	0.0
7568	0.0
6633	0.681
12229	0.0
31006	7.133
13860434	0.393
5551	14.286
13866593	0.0
21106015	0.0
13839174	0.580
11021	0.356
8960	0.0
11465	0.295
4590	0.366
2157	0.457
11809	0.0
748	0.0
12823	0.389
10328	0.550
120621	0.059
12445	0.329
20119	0.051
6334	0.0
55205	0.036
13816	0.0
26765	0.051
192642	0.059
122446	0.278
21181	0.072
28994	0.0
11460	0.253
7145	0.259
6550	0.634
106796	1.944
5550	13.470
5633	12.489
13860335	0.126
24099	0.0
15702	0.638
10996	0.574
7279	0.333
5091	0.023
1262	1.356
880	0.211
13837702	0.0
21106535	0.0
12225	0.0
773	0.0
864	0.0
415	0.0
1141	0.087
1664	0.057
21361761	0.580
21105998	0.854
12640	0.0
6480	0.662
10437210	0.296
776	0.346
8273	0.874
7397	0.239
71787	0.065
4777	1.122
9219586	3.256
2457	1.727
1266393	0.051
7021	0.0
11694	0.051
11244	0.0
13850879	0.902
6600	1.104
62964	3.729
3322	2.142
13047	2.287
10438331	1.794
5976	0.170
13846959	0.225
6688	0.921
5542	14.364
19232037	14.372
19232038	14.416
18547147	14.408
21587143	14.408
11286	1.072
8070	0.433
55091	0.0
733	0.0
25472	0.956
18801	0.0
68156	0.0
10857	0.718
589165	0.267
6610	0.576
8470	0.556
953	0.249
6593	1.207
21105870	0.174
63889	0.178
123207	0.309
123	0.186
2241	0.164
62466	0.431
62485	0.353
63968	0.549
13839128	0.577
83866	0.392
18707	0.946
7961	0.0
4450907	8.668
10254	0.467
62467	0.469
5236	1.198
5660	7.560
305	0.471
3741	1.678
12244	1.061
13839151	0.606
13257	0.157
32555	1.544
13835336	0.0
13835861	0.0
73479	0.412
13839123	0.554
9911	1.079
13865680	0.310
11604	0.3
13835772	0.247
61538	1.153
194092	0.552
8528	0.137
3008	1.012
7140	0.4
4611	0.260
21105859	0.249
13846658	0.584
66567	0.214
8140	0.647
1019	0.0
67465	0.716
79280	0.234
5807	1.348
11595	0.469
2068	1.285
6646	0.271
7443	0.155
83850	0.392
12060	0.333
14678	0.364
61411	1.871
28982	0.257
6330	0.0
11795	0.042
173	0.0
67270	0.964
6033	0.717
7092	0.486
58563	0.238
2925	1.699
8341	0.634
13839105	0.577
65	0.680
13846663	0.998
21106091	1.251
65785	0.305
11596	0.297
10243171	0.406
62517	0.225
86435	0.377
70652	0.381
70988	0.387
10464	0.0
13839012	0.686
4333	0.878
21106169	0.0
13839110	0.484
13839082	0.247
21105871	0.225
9874	0.509
11332993	0.418
28973	0.221
27296	0.231
11651	0.214
8665	0.169
61707	0.0
3584	3.065
4744	0.527
466305	0.776
10246	1.097
21109330	0.0
10948	0.0
13835224	0.0
13835235	0.0
81815	0.015
2206	1.061
86394	1.0
54833	2.962
7155	0.706
230	0.569
11576	0.751
2606	0.0
2079	1.831
42330	1.539
8657	0.194
10903	0.623
6907	0.337
11193	0.065
20545	0.167
6649	0.053
8012	0.037
6333	0.0
971	0.057
9454	0.297
577	0.109
10181339	0.256
44152	1.279
137720	1.356
13846749	0.333
8900	0.0
6177	0.0
7469	0.176
7064	0.176
10001	0.037
6341	0.0
259	0.0
1005	0.0
9326	0.124
967	3.639
11589	0.344
5596	0.164
13249	0.023
3951	0.0
8552	0.023
7701	0.032
7888	0.023
12013	0.023
2863	0.023
7803	0.023
171	0.0
7866	0.023
3756	0.023
10033	0.023
370	0.023
12071	0.023
10035	0.023
13884973	0.305
13029	1.364
6706	0.9
4962	0.243
4575	2.608
11591	0.272
9218	0.278
11107	0.021
3277	1.222
8183	0.376
79969	0.451
9350	0.124
10980	0.537
11588	0.655
9574	0.234
6674	0.727
10972	0.659
11563	0.812
693	0.0
10411	0.433
11625	0.635
331	0.265
7018	0.0
768	0.342
6586	0.932
64699	0.448
191058	0.486
5593	0.287
6739	0.682
10986	0.374
392	0.164
28947	0.406
21106018	0.628
13835630	0.212
13875219	0.273
13842573	0.437
6950	0.236
14299946	41.569
13030	1.301
9360	0.116
8071	0.474
10432	0.550
11294	1.252
4963	0.288
13875432	0.249
434	0.436
5139	1.210
19766	2.385
9547	0.244
13835293	0.0
13875441	0.395
11769	0.495
65272	29.848
191	0.046
10181338	0.253
7151	2.056
5541	16.182
592	0.0
13839441	0.0
13835209	0.0
13839416	0.0
63908	0.120
221226	0.159
26325085	0.567
61765	0.244
7001	1.322
6675	0.902
21105795	0.193
17339596	2.491
11080	0.151
4380	2.509
16359	0.821
63054	0.381
72056	0.0
34095	0.0
18685	0.0
62628	0.0
11875	0.0
48085	5.151
5026	1.088
1906	0.291
278	0.0
10606755	0.073
13839553	0.0
18177	0.376
5882	0.304
763	0.0
1015	0.196
12499	0.490
5915	0.169
7189	0.289
10664	0.225
7044	0.766
12478	0.170
68568	0.265
89258	1.305
10205670	0.0
26325087	0.764
26325088	0.996
6035	0.394
6013	7.057
937	0.0
13835604	0.0
21106172	1.177
7042	0.527
10628694	0.337
10616	0.438
955	0.217
1143	0.0
61191	0.289
12821	0.177
7098	0.338
9564	0.368
84971	0.271
388391	0.271
1710	2.231
6079	0.365
5554	8.045
13837760	0.138
132	0.222
2005981	0.0
10771217	0.0
18	0.4
1151	0.380
185	0.342
11083	0.564
8182	0.386
6988	0.680
6492	0.861
913	0.123
78467	0.332
9965	0.347
1577	0.0
440	0.519
120548	0.383
3513	3.360
744	0.428
7745	0.058
1078	0.039
11366	1.360
844	0.006
6371	2.180
10772050	0.0
7208	0.307
61739	0.814
11489	0.5
63863	5.307
5142	0.6
13835932	0.060
10975	0.495
1446	0.352
5553	8.567
6066	1.049
3350	0.391
40130	1.514
4878	0.128
8282	0.810
376	0.046
10025	0.046
5004	0.046
7142	0.252
10870	0.538
20198	4.631
1253	0.327
71	0.349
65234	1.865
6665	0.721
29400	6.496
1043	2.896
4067	3.031
62265	0.879
7150	0.553
55075	8.274
4444100	1.378
789	0.096
541032	4.427
96749	0.460
7984	0.0
3102535	0.081
64016	1.178
7146	0.366
361	0.489
6045	20.041
10197150	0.026
4599	1.949
472932	0.068
5768	2.709