Compound Id	APol
502855	27.476
6191	6.862
26325183	42.866
5709	16.598
6153	3.988
16425	6.242
8521	75.233
23150	34.124
76894	55.343
2041618	58.436
8520	61.530
66656	31.031
26824	61.530
18019	75.233
11434292	44.733
26325084	147.266
6190	8.485
11919	32.796
10696	54.811
26325083	133.564
10451	68.514
23101	47.827
122090	49.587
26325082	119.861
26325081	106.158
512621	35.089
10449	82.217
26325080	92.455
66655	35.884
10652594	53.046
14021447	78.753
67991	30.964
109705	22.853
17619	27.937
9256	6.972
692	3.896
291	4.427
6084	7.521
6094	10.614
7555	13.708
6120	13.708
7712	16.802
6308	16.802
9646	16.802
10781	26.082
15802	29.176
17976	29.176
7767	19.895
7604	19.895
7010	19.895
6163	19.895
6340	19.895
8560	22.989
11094	22.989
11023	22.989
11055	22.989
10786	22.989
7619	22.989
10755	22.989
11551	22.989
349	26.082
11035	26.082
11104	26.082
10795	26.082
10445	26.082
7849	29.176
17558	29.176
13439	29.176
13402	29.176
14840	32.269
13448	32.269
13619	35.363
7890	38.457
11882	41.550
11883	44.644
10540	50.831
7929	63.205
11897	66.299
11899	69.392
12017	72.486
12072	75.580
11900	78.673
11901	81.767
11146	84.860
11902	87.954
10542	100.328
11906	112.703
8878	20.322
11585	22.785
11557190	65.050
10452	41.108
10784857	63.655
108106	79.560
127983	1.902
78828	51.347
68328	37.644
67414	59.670
13837650	10.547
13853215	10.108
9392	10.108
10765	15.468
7674	21.655
14998	24.317
10614293	25.415
61149	12.830
6156	20.422
12201	18.562
11109	18.562
24142	46.404
13622	43.310
16180	40.217
7891	37.123
12446	18.562
29025	27.842
12635	34.029
11121	21.655
7713	15.468
12809	30.936
7833	24.749
7556	12.374
7954	9.281
555074	21.655
7957	12.374
4516601	24.749
56442	12.374
4483639	15.468
4516599	24.749
4512361	24.749
4483638	15.468
4449912	12.374
4512642	24.749
18410	30.936
22408	6.310
66675	33.322
10113	15.468
9484	7.191
23208	2.406
6085	6.187
7024	18.562
15438	24.749
8896	15.468
14751	24.749
221117	24.749
7787	18.562
8908	21.655
8909	24.749
8910	30.936
71433	22.182
22814	5.630
9095782	13.269
6151	7.234
14299946	52.519
6188	11.731
11099	14.134
73583	13.311
7340	40.223
8158	21.662
11110	17.228
9642	7.947
12577	7.082
11996	20.697
10756390	61.851
62827	10.065
7626	20.697
10265264	24.749
13835550	11.054
56117	28.213
11230	15.475
63631	18.568
11086	20.322
21106179	4.098
11841	26.884
6402	28.269
1406720	42.403
2056044	12.830
1114	12.381
14692	29.602
10179173	24.749
21800	24.749
8544	14.134
7788	17.228
4927801	99.450
9088156	55.781
29040	9.465
10325078	10.978
55188	20.697
7624	21.662
68224	61.851
24263	28.269
6364	28.269
11749	17.604
14672	17.604
11228	14.510
11864	23.415
12209	17.228
11857	20.322
391428	28.269
10733068	77.314
454638	42.403
12456	29.602
17880	26.509
11845	20.322
11806	14.134
9990	11.041
6309	14.134
7557	11.041
558883	14.134
56020	14.134
10124	17.228
6111	9.281
10265270	29.602
14198	28.269
7794	27.849
7180	28.269
9286	7.082
9411	13.649
14441700	11.908
6148	8.814
6149	8.857
15765	24.749
553642	23.415
15413	32.108
7182	28.269
10669	28.269
66567	13.851
6132	5.721
8569	26.884
12220	33.071
7823	20.697
11849	20.697
10441	11.416
3168	14.510
11833	17.604
455420	26.884
10709	14.510
7558	11.041
6095	7.947
10179239	29.602
12197	9.707
11761	22.795
6108	7.560
69914	46.388
59573	22.026
70850	15.475
38403	10.758
11671339	46.388
7956	8.323
55090	18.315
11180	20.697
274	3.364
6145	15.475
10053	16.091
28993	28.269
59483	44.003
11811	15.475
7777	18.568
15482	34.036
454215	9.465
7856	27.849
8562	21.662
10054	15.221
7730	15.475
11739	23.791
11056	20.697
6146	14.510
9461	12.847
654	9.288
11194	23.791
6165	17.604
11216	23.791
62230	26.884
16791	23.415
18717	23.791
11210	23.791
518	5.104
11117	15.894
205483	23.750
10979	28.269
61346	11.579
6186	13.354
391	4.234
69371	36.222
69569	44.666
6310	15.475
7606	18.568
7181	28.269
99596	13.421
23255	15.475
6123	12.381
4514529	2.18
11351244	17.654
499714	19.797
78467	22.785
16841	8.595
2062437	12.668
61266	26.69
15954	23.791
11819	23.791
7622	20.697
99440	23.791
11239	17.604
11543	23.791
10790	20.697
6187	13.354
2656	30.404
6827	35.789
20939	28.269
9016	10.218
7817	19.364
11788	20.328
13835316	9.214
6270	36.004
454209	13.488
9633	25.972
9377	19.785
9243	7.411
11148	4.317
923	3.002
6121	12.128
8576	34.036
7851	27.849
15387	30.943
6315	15.221
7811	21.662
7835	24.755
7769	18.568
7716	15.475
7564	12.381
6101	9.288
6089	6.194
6118	12.998
8577	35.169
14349	32.076
7852	28.982
14680	25.889
7776	19.702
7330	12.801
6122	15.298
63863	29.541
2282428	11.088
15486	33.071
7732	13.176
18920	26.884
11861	29.978
123993	26.884
11036	23.791
11029	23.791
11794	20.697
11732	20.697
10511	23.791
21011	17.604
11678	20.697
7533	26.884
3644	11.416
6320	14.510
10947	17.604
6164	17.604
11729	13.514
9254	10.218
9251	11.088
6307	16.091
62589	20.328
7686	20.328
13837280	10.727
9253	11.841
13255	19.364
10512	18.315
13837797	18.030
16641	4.082
6098	7.7
10536	28.982
7827	22.795
9233	16.608
18607	16.608
5730	10.48
3441	11.088
83734	11.841
217	3.1
56559	57.820
9053802	45.446
10787	20.697
29000	17.604
11793	20.697
10526	21.408
120464	21.408
7434	26.884
7459	20.697
11024	20.697
6312	14.510
8398	17.604
24590970	14.291
7733	11.843
56144	13.092
23055	13.531
6130	7.344
7850	27.595
11865	24.502
7714	15.221
10437	12.128
6097	9.034
12219	31.559
7848	28.465
61487	19.185
11863	25.372
7810	22.278
7766	19.185
7711	16.091
7552	12.998
6092	9.904
7791	17.235
12010	24.578
11830	21.485
10497	18.391
31029	15.298
6100	12.204
12228	21.274
6042	12.060
553742	9.214
13836713	12.181
13803	22.828
11898	64.007
72522	60.914
7928	57.820
14348	54.727
2581	51.633
11891	48.539
7917	45.446
7915	42.352
7901	39.259
7892	36.165
7882	33.071
8574	29.978
932	26.884
7812	20.697
7837	23.791
6040	17.604
258	14.510
1004	11.416
682	8.323
7815	22.795
7560	13.514
6103	10.421
6635	20.12
14829	10.437
6087	5.940
11525	16.270
7721	16.608
6083	6.810
1039	10.421
6088	9.110
864	5.229
13837281	12.24
937	2.136
56232	34.838
71390	8.214
5979	16.6
13837190	12.218
7074	25.019
15077490	12.711
13872989	10.083
13638	23.422
7170	33.122
10534	17.654
6128	7.301
9391	11.087
6086	4.854
10410	26.935
68503	24.588
10675065	13.159
14694	10.328
7090	17.325
7028	16.270
63156	19.364
12626	16.270
62597	13.176
15803	31.738
10487	20.075
13492	36.216
15747	39.309
8356	26.935
13849981	30.404
12933	40.062
6105	4.208
18971812	14.892
14688	47.213
6125	10.547
13835977	11.048
5977	8.967
71876	34.3
7128	23.842
7183	26.935
7088	26.935
15461	30.029
13299573	12.449
107412	11.688
7073	26.353
455353	24.593
16778	18.406
7705	18.406
2340753	11.198
7728	12.218
8554	16.270
10340	13.603
21112738	9.460
4481813	8.756
13487	33.122
7385	23.842
8531	26.935
7448	26.935
4514586	3.05
764	16.165
10325184	11.198
6406	15.738
12066	10.885
7738	10.509
7098	18.127
10404	30.029
7419	26.935
7219	20.748
11660	23.842
6999	26.935
5026296	30.404
18688	23.259
7737	13.176
13871721	13.176
1108	17.654
236	14.561
7521	20.748
7641	20.748
7659	23.842
11871	25.695
55130	23.259
10433	23.259
11992	20.166
13836399	21.499
7703	20.335
10253	26.935
60886	22.056
83962	36.060
12161	23.630
7671	26.353
10446	20.166
62249	20.166
11526	11.687
13571291	7.714
71312	11.958
7026	16.270
7678	19.364
9970	22.457
7672	20.945
7786	19.508
8335	26.935
6301	30.404
10606755	10.758
7657	23.259
22453	23.259
7065	20.166
11193	20.166
13836591	15.312
13875283	17.545
7553	11.664
11409	23.842
13249	48.008
3631	12.381
13835836	21.499
55084	29.446
7694	26.353
7482	23.259
11716	26.353
11045	23.259
7515	20.166
13836549	13.902
7546	13.176
7677	20.328
13836674	10.794
2293678	11.958
6967	20.748
6977	23.842
21168808	15.701
960	51.101
6177	17.072
61213	11.908
20545	57.289
7472	20.166
11207996	19.499
29016	23.259
7747	20.166
7627	17.072
10571	17.072
7076	25.019
6649	20.166
8012	17.072
7003	20.592
13854944	16.277
6104	7.454
4937830	8.749
61191	18.127
9614	14.451
7739	12.607
8883	28.269
7757	38.727
7511	32.540
7509	29.446
29005	26.353
10420	23.259
7478	17.874
7475	20.166
7463	17.072
6333	9.551
21111806	14.341
10364	18.081
21111820	15.701
21171407	13.964
3210	44.539
10756	30.404
11910	16.270
7469	20.166
7064	20.166
60329	16.277
13842001	22.464
13850082	36.060
21106169	7.993
7872	32.540
7875	38.727
7913	44.914
7670	28.644
8568	26.353
14846	32.540
7800	29.446
11843	23.259
29012	20.166
10797	22.457
7538	26.353
7536	23.259
11755	13.978
7706	17.072
7761	20.166
10492	17.072
11680	17.072
11706	20.166
10653	13.978
68179	22.890
10001	17.072
6341	13.978
11727	7.422
7727	13.183
3951	12.645
21108550	14.341
13836021	13.183
9724	29.602
11731	13.321
8950	22.508
14866	31.789
6720	30.404
13850142	30.404
558917	30.404
11153	5.831
7559	8.749
558928	9.214
415	14.148
390927	30.404
10236	23.842
7012	16.270
11065	16.270
28981	25.551
99681	36.060
8525	13.978
6176	19.364
7081	19.364
6313	13.176
13837702	17.242
9903	22.508
13849989	30.404
55123	23.259
12012	20.166
7534	25.551
10791	19.364
11125	17.072
7782	13.978
8552	20.166
7701	17.072
6316	13.641
9325	14.341
13866593	20.335
11911	13.574
55091	13.296
552744	12.645
7888	35.633
12013	41.821
123860	27.686
28986	22.457
2863	32.540
6335	10.885
7803	23.259
259	13.978
7616	12.645
171	7.791
24641	28.113
7129	22.508
7866	29.446
3756	38.727
10033	54.195
30713	10.328
10788	19.364
7621	19.364
8329688	12.778
10777	16.270
441	25.551
7838	22.457
5949	19.364
370	26.353
29029	28.644
7772	16.270
256	13.176
512	10.083
1005	10.885
2018460	15.051
21169510	18.518
48024	19.002
7013	15.154
7676	16.074
13875281	19.168
7220	19.414
7248	22.508
11661	22.508
12674	31.789
8097	25.602
12071	60.382
10035	63.476
12972	34.831
9976	28.644
7514	22.457
215929	25.551
11025	19.364
7734	10.885
7016	16.270
1087	4.504
60524	11.850
72551	28.113
763	2.938
1095	15.274
6179	15.087
2038738	14.1
11154	10.624
12259	30.029
3973	14.223
13836589	15.312
172	6.989
13836520	18.832
22191	21.926
75951	25.019
72793	25.019
13835336	10.090
13875230	19.168
18219	16.221
4514549	5.35
10801109	40.489
15016	58.785
29004	20.968
7871	34.831
21153	37.925
7802	25.551
12218	31.738
12632	28.644
7760	22.457
11095	19.364
21106173	20.968
7607	16.270
13866746	14.012
7577	7.791
7506	30.404
13835861	16.277
6326	12.060
9228	15.964
29036	10.707
13838404	11.577
7239	20.554
11647	25.019
7530	22.095
21106535	14.443
6119	9.837
10251740	13.873
9326	15.253
2916	9.194
558875	10.954
6106	13.794
3544	36.486
1266019	36.060
109838	18.406
6321	13.176
175	10.083
13874867	16.540
6314	11.843
4510484	24.217
68832	18.832
62530	22.515
13842613	19.421
7391	21.550
7984	20.010
11809	12.930
7242	19.421
58234	30.404
26325086	20.968
13862665	15.738
15443	21.124
124968	11.797
9581	18.347
66809	17.130
221082	22.508
13875320	20.038
6642	33.122
62826	12.558
13835376	21.499
127750	21.499
12442	9.794
13857694	17.587
7673	16.944
7443	16.598
7662	19.1
1609	16.277
363458	18.037
7684	18.037
61111	13.124
13875196	18.347
11042	19.421
24972	21.188
28992	18.094
13875160	19.168
13875258	20.038
73479	19.692
8935	29.504
15093	22.532
9994	10.083
29015	13.978
278	4.698
4446445	24.217
4444608	18.030
394562	11.843
13839199	16.328
18724	25.608
7238	18.456
21105959	21.550
13866817	17.587
13875392	20.038
13839575	22.301
6322	11.843
558020	11.797
733	13.020
6342	13.574
21132380	19.421
7551	12.287
12244	24.644
1266393	17.474
13677	29.122
124	21.820
132	18.727
21106015	9.836
65750	28.702
63903	22.515
10940	19.421
13865438	21.550
7223	19.421
13868640	19.327
29001	15.738
59674	14.936
21106135	21.550
10248	24.644
13837988	17.587
8528	16.768
8900	8.154
10400	31.315
8067	23.64
13839109	20.968
13837537	14.943
21105905	19.421
11077	19.421
13839123	21.550
9911	24.644
13839174	21.550
906	22.934
7630	13.447
13865426	19.634
13884973	21.499
10710415	19.634
8543	13.641
13835604	17.079
6093	8.324
59447	19.002
21106560	19.421
20843	18.094
15965	27.206
70682	30.849
13658	24.282
11862	24.662
7710	15.381
7809	21.568
7765	18.474
69177	27.737
21111822	20.554
6794	28.702
7681	17.461
26516	25.431
17131	32.961
10772140	9.304
7190	21.018
63054	14.924
18801	22.464
68156	19.370
21106520	16.328
16119	24.644
10244	27.737
924	22.515
13862559	19.1
6788	26.028
7131	21.550
7466	15.745
13861343	11.004
73412	17.604
8904	11.907
13874733	16.328
24535	27.375
25552	24.282
10437215	21.990
12225	12.574
13839151	21.550
13848808	21.820
8140	18.389
11087	19.244
10909	29.122
10918	29.122
15489	29.301
2441	29.071
12499	14.814
7480	19.797
10939	21.124
7018	13.732
11784	14.747
13839128	21.550
8868	18.883
7518	18.457
21106019	18.636
7528	22.095
24533	18.094
1020	13.234
2039535	18.896
13839110	21.550
21105998	27.737
13865680	21.550
11604	21.550
8374	30.299
21106586	22.728
11756	10.360
8733	13.183
13835459	15.908
71089	15.001
7688	15.001
8902	11.907
10937	19.421
6897	24.112
773	10.147
17443	15.803
6883	21.018
11785	14.747
15495	31.101
1141	13.511
7240	18.088
503239	19.861
13860641	22.515
6974	17.746
21106571	20.614
10908	29.122
3463	36.194
16388	40.326
6828	27.788
7161	27.737
592	11.687
8141	14.936
7679	18.030
4444456	12.307
83866	20.166
66996	13.420
21105897	24.914
15427	25.608
5830	21.550
13840690	19.168
13839105	21.550
11667	19.970
13835772	18.456
61538	24.644
238	17.925
13864445	19.1
21108548	19.134
13047	21.416
21106163	20.614
967	22.929
13876103	27.206
2018165	8.814
14256731	33.768
6311	12.808
11699	21.932
12643	18.030
83850	20.166
30595	24.112
13839082	18.456
13865424	20.216
13853758	25.608
13860335	18.456
4366810	28.119
10422	25.026
11695	18.839
13229	29.084
24099	16.277
11576	24.112
7175	24.112
7157	24.112
12060	24.644
14678	27.737
11021	21.550
21105871	18.456
466305	31.101
13837686	16.876
61411	27.737
917	29.135
21106519	28.702
65	18.389
13029	19.902
13875356	19.327
19766	21.416
12044	30.882
12682	32.215
10181341	21.018
748	3.527
71628	23.855
7568	8.134
13839553	12.218
9363	13.124
6296	25.977
9574	17.815
971	15.363
13846663	27.737
21106091	30.831
10246	24.644
70715	14.290
13871718	24.644
2654	37.102
9547	17.815
92731	14.072
62632	49.931
78998	46.837
11884	40.650
16177	37.556
15853	34.463
67360	31.369
11866	22.088
15846	28.275
7566	9.714
29026	25.182
11846	18.995
7770	15.901
7717	12.808
6102	6.620
21109330	21.499
10948	15.312
13835293	18.406
13835224	12.218
13839441	18.406
13835235	9.125
62808	11.797
7236	19.797
11589	24.112
79969	30.299
21106366	23.310
62310	28.008
7420	25.355
28982	21.550
19709	25.446
21168831	22.261
55443	30.831
453675	33.924
60121	22.352
69340	27.737
10992	21.550
6633	18.389
16804	30.831
21159695	25.608
455090	19.861
57726	29.071
7234	19.421
6630	22.515
71437	30.652
13063	29.122
558878	29.071
2005981	9.527
25886	20.230
71430	20.968
7736	11.474
447	19.258
21106525	22.515
18707	19.259
559096	45.937
13868660	20.757
707	27.641
7140	21.018
8070	21.018
387	12.652
10018	13.978
61001	22.981
13854136	19.421
1664	15.001
20570	21.188
13854248	17.841
7001	19.902
11366	19.902
21106540	20.614
21106570	22.127
15855	27.737
7790	11.687
13835209	15.312
8903	11.907
62489	17.130
8899	11.280
13634	18.088
13630	15.617
13869434	22.515
553578	29.071
66565	13.014
10437135	18.896
66021	13.420
7221	18.088
10857	18.389
7383	23.131
13030	19.902
6339	17.054
6736	26.028
10851	29.122
10850	29.122
23977588	38.227
434	19.438
24043	15.376
12069	21.932
191367	18.839
11799	15.745
7615	12.652
6338	9.558
11265	22.897
6135	6.464
72056	40.061
34095	33.873
18685	30.780
62628	27.686
67653	29.109
11875	24.593
21106032	16.734
7021	13.616
1348	13.241
66896	51.152
62534	20.650
62408	20.650
7389	17.556
13848467	22.352
72556	25.446
13835151	19.421
10991	22.515
13860692	19.421
13869462	22.515
38364	19.970
12045	30.882
2003	39.534
17784	22.897
12637	25.886
13839416	21.499
11694	19.804
29008	14.141
2606	13.664
21106524	20.216
12823	19.970
5889	16.328
81815	10.191
13840647	22.515
13875212	19.327
9579	17.815
21105859	22.352
19475	12.283
9874	24.112
13647	20.599
9350	15.253
21168826	20.216
10801842	28.089
65785	31.101
13860491	22.515
6780	21.608
10841	29.122
5593	18.521
25889	19.804
25890	32.178
10227261	36.330
220998	35.271
12954	29.084
9454	20.909
9360	15.253
13851576	20.038
21105848	21.820
12047	30.882
16736498	38.227
913	16.598
6478	27.788
6745	27.206
8912	27.957
12229	14.036
6898	25.872
10849	29.122
11038	21.627
89076	35.210
21105870	23.310
199342	38.778
19477	22.897
6287	27.4
13811	32.178
14169248	22.897
1019	9.480
10437074	13.420
21105878	22.352
21168813	23.310
235	17.123
8186	23.310
11596	24.914
13860775	20.223
6674	20.308
11083	18.389
2206	26.688
13872122	26.225
8098	21.608
10328	20.046
6737	24.448
6789	24.448
15861	32.215
7600	32.540
4445317	37.018
11632	22.897
7961	12.862
13885245	27.206
8674	22.352
7132	20.216
13856352	22.515
8071	19.438
11783	15.617
10980	20.308
21106172	19.902
27488	19.970
10813	29.122
7202	21.205
30516	25.991
26325090	25.991
21112023	20.107
13876539	20.216
21106018	19.970
68676	24.045
551	27.256
11776	21.710
66895	38.778
66887	35.684
9893	26.404
63518	32.591
59482	29.497
6881	23.310
13839308	19.848
10586285	25.174
218253	29.301
8341	23.736
20198	31.477
7689	14.747
63310	19.698
7299	30.882
10829	29.122
191	20.436
12957	16.710
84036	19.804
68152	19.804
24041	22.897
19953955	16.710
13835630	24.068
14556	22.785
21106140	30.299
13863618	17.925
13837787	17.4
1361549	37.444
10831	29.122
23886	30.814
33421	30.814
992	21.289
70714	14.290
13875432	16.876
12640	12.574
6480	22.274
15755	25.961
14995	25.961
14994	25.961
67470	25.961
15476	25.961
15756	25.961
1906	22.785
6592	29.548
21943	19.804
10106	36.681
19956441	19.804
11930	19.804
10384035	18.896
65936	14.1
14227	21.730
11584	23.402
13867714	25.134
6706	21.110
6916	31.101
19957731	29.084
10205670	7.681
120489	15.803
13875219	16.876
7302	28.590
70660	25.296
16387	38.566
502245	28.441
5708	16.710
16159	16.914
13648	18.890
9349	16.218
63889	15.549
13835126	21.730
10437210	18.365
768	17.336
34863	32.328
23730	13.616
23621376	13.616
11332993	25.077
21106146	19.692
12231	17.130
13837760	16.165
10008	15.001
10972	20.308
2079	35.968
13869451	17.841
4759	36.571
33617	36.571
11961	20.867
15619	32.215
6739	23.736
953	19.692
331	18.727
15789876	45.079
7224	16.754
11600	16.165
21106144	19.692
13863774	19.692
10243171	25.077
7138	16.598
4878	16.165
6604	24.634
25677	33.841
6840	30.350
4590	28.972
12816	15.796
21111781	21.018
123207	16.419
776	19.848
15475	25.961
15477	25.961
15478	25.961
15524	25.961
2297441	30.255
158870	27.474
157093	27.474
83374	27.474
457144	27.474
135925	27.474
457145	27.474
8807	26.454
8182	21.289
19476	15.376
13871489	28.227
28969	21.018
13863629	13.071
7278	24.112
13644	18.890
21106014	18.636
13869480	20.223
42330	29.781
13869339	17.841
13875441	17.746
30881	36.571
14620	33.477
6852	26.830
6735	25.318
30572	19.109
392447	22.778
67465	28.170
4962	19.258
21106013	18.111
577	15.143
26260	32.215
4932499	35.309
4575338	46.095
12586	43.555
7964	31.997
6193	35.090
86394	23.594
13860817	19.354
21111772	20.867
15620	32.215
11708	23.927
6079	19.438
13859497	20.487
9943	15.796
28973	28.539
62517	22.352
456015	17.901
63906	19.506
1446	19.529
12133	30.384
15621	32.215
11632871	38.039
13856009	18.890
79280	28.539
27296	25.446
11651	22.352
8657	19.258
8665	19.258
4575	35.968
13842573	17.746
8876	22.934
63908	17.932
10181339	24.112
86435	28.008
21106020	18.111
15488	29.301
84188	27.474
136000	27.474
135983	27.474
136001	27.474
136002	27.474
136003	27.474
84235	27.474
10438331	27.355
82755	28.987
82712	28.987
157094	28.987
103011	28.987
102798	28.987
82762	28.987
13849665	48.549
24326358	28.473
5894	10.523
15702	29.608
221226	21.025
5976	14.313
68437	32.215
26010	30.814
30600	30.814
33455	30.814
33934	30.814
33932	30.814
5807	30.854
34866	32.328
34665	32.328
34664	32.328
37904	32.328
34864	32.328
34188	32.328
34865	32.328
11974	24.094
10771217	10.818
33416	34.946
15409	30.299
21106036	16.378
120548	21.990
11591	20.487
11778	19.354
44152	28.448
11954	20.867
8855	20.281
11769	20.046
18941	41.763
29282	41.763
6586	26.298
2915	29.354
13328	36.996
8960	4.867
10772050	12.331
7225	15.427
70652	31.101
7685	15.617
7208	21.289
21111817	19.506
20124	23.991
7406	24.914
10498	11.227
70988	28.008
9564	19.258
2923	19.780
21106470	20.281
10432	20.046
56793	33.841
454495	33.841
40191	33.841
56791	33.841
35581	33.841
56774	35.354
82765	35.354
7042	20.764
2185	29.988
4760	38.669
12874	38.669
13853953	18.111
6988	18.389
13869414	20.223
13860720	19.354
11294	25.250
457140	27.474
27793	28.987
82754	28.987
457138	28.987
102897	28.987
457139	28.987
102947	28.987
97173	28.987
102720	28.987
102801	28.987
102833	28.987
102721	28.987
102856	28.987
102933	28.987
103066	28.987
97172	28.987
64016	39.901
4450907	46.095
120621	18.037
12445	21.130
20119	18.037
7030	10.353
13835932	16.916
13257	17.130
2937774	23.587
62484	25.702
1015	15.867
87265	21.806
12699	34.402
21429023	39.041
10892	21.820
376	23.530
13837303	33.663
78	15.427
13837329	27.476
11595	25.879
4745	40.020
4768	34.189
20848	34.189
65701	24.9
8273	24.972
12705	35.575
8183	19.962
11563	22.608
59577	24.224
61707	14.943
11610	25.077
7397	21.983
6675	22.608
11588	22.608
2283071	35.309
8319	24.701
11003	29.555
13104	38.791
6334	11.850
206561	20.494
64699	17.191
21106008	24.914
5091	57.289
55205	21.130
13816	14.943
11244	13.616
247721	30.299
71	19.529
2169	31.095
13303	32.482
13302	32.482
4489	14.831
13835706	29.987
26765	18.037
192642	18.037
122446	21.130
21181	21.130
11752	14.943
2275	9.551
10464	14.943
6330	11.850
11795	18.037
173	8.756
3918	43.107
6790	24.701
106355	28.987
102741	30.5
97055	30.5
97198	30.5
5993	11.850
693	5.662
28682	17.563
191058	23.580
5596	17.130
18	19.529
6807	30.103
13856959	34.246
553649	32.642
13848341	20.436
10864	18.981
5027	28.002
2271976	48.231
10169	44.109
8860	29.981
10986	23.580
5915	20.656
7146	19.529
6838	35.637
34874	33.841
36972	33.841
56788	33.841
533188	33.841
35579	33.841
16182	33.841
46262	33.841
35580	33.841
82818	33.841
56790	33.841
56795	33.841
33458	33.841
82777	33.841
35584	33.841
56785	33.841
56792	33.841
34189	33.841
34859	36.867
84346	36.867
56760	36.867
56755	36.867
33666	36.867
8030	34.246
8060	35.048
13867413	13.078
7310	25.879
6781	20.494
21106365	31.121
13865630	26.623
26325085	42.444
26325087	42.444
26325088	42.444
7241	15.427
12061	22.941
61765	21.018
15473	30.814
17099	30.814
17098	30.814
33933	30.814
15474	30.814
34868	32.328
37905	32.328
34869	32.328
37918	32.328
37915	32.328
34867	32.328
25605	32.328
26011	32.328
34870	32.328
34666	32.328
21924	32.328
36973	35.354
37744	35.354
46894	35.354
45444	35.354
56769	35.354
56780	35.354
34847	35.354
39406	35.354
35081	35.354
56781	35.354
56771	35.354
3584	50.597
6842	32.254
4624	39.745
10101	18.119
10025	26.623
5004	32.810
28994	8.756
9218	21.873
13835351	23.645
6773	23.645
102834	30.5
102722	30.5
154865	30.5
96948	30.5
102743	30.5
102857	30.5
154866	30.5
106356	30.5
102787	30.5
97240	30.5
102742	30.5
136966	19.354
13054	23.750
7636	13.447
71787	16.178
21105795	17.925
11629	21.820
13853943	18.365
21105699	25.134
5439	12.652
29107	14.943
7029	12.645
19231	17.505
67460	26.035
299166	19.692
9873	31.916
17868	25.134
13860434	21.820
123	17.925
2157	24.382
13850879	40.070
6524	46.037
8243	52.225
6528	58.412
13837319	46.037
8241	39.850
11422	25.077
6855	28.590
13839012	28.590
2927	38.694
69982	23.970
6774	23.154
9965	24.914
8262	24.972
10903	28.590
206493	20.008
97257	32.014
97224	32.014
102923	32.014
96868	32.014
96864	32.014
97234	32.014
97233	32.014
154062	32.014
97142	32.014
4777	44.867
2075	51.636
18177	25.347
6665	20.164
21106148	20.494
6023	22.6
65763	20.673
56782	38.380
36977	38.380
83414	38.380
84348	38.380
82823	38.380
13846749	24.914
11107	19.804
11586	23.056
21106518	21.983
9120	19.437
3277	37.229
1278	28.654
6907	28.008
844	11.155
62472	23.056
6950	16.527
744	18.436
4444102	37.880
26563	41.935
6035	24.112
3548	42.311
392	17.130
21108576	21.983
1151	17.471
10628694	17.996
36975	35.354
56778	35.354
43354	35.354
37779	35.354
45445	35.354
36974	35.354
35585	35.354
34848	35.354
84344	35.354
34850	35.354
82819	35.354
56772	35.354
82820	35.354
16415	35.354
56779	35.354
56768	35.354
56777	35.354
84345	35.354
34668	35.354
16736486	39.041
8470	28.357
8111	31.308
10616	19.962
21106900	24.914
1577	9.920
642951	24.569
12730	42.565
6835	29.555
13300034	35.174
96965	33.527
33198	33.527
82783	36.867
34852	36.867
37000	36.867
37019	36.867
56765	36.867
39198	36.867
82740	36.867
56761	36.867
56756	36.867
56766	36.867
83413	36.867
34851	36.867
36976	36.867
56767	36.867
56763	36.867
1143	7.429
11460	21.983
11465	25.077
1448	19.437
5775	78.994
10254	21.983
10411	23.496
2241	18.890
62466	21.983
62485	21.983
7189	21.018
21106145	22.254
6658	23.925
11422351	27.019
25472	31.450
7150	23.424
32555	34.976
13854242	25.879
10181338	21.820
1078	14.249
56787	33.841
35583	33.841
82807	33.841
56794	33.841
33386	33.841
33457	33.841
47912	33.841
82817	33.841
46893	33.841
33280	33.841
35582	33.841
33304	33.841
46263	33.841
553171	19.102
10488	15.738
11488212	22.118
34667	32.328
34871	32.328
34873	32.328
56784	32.328
34872	32.328
970	31.308
556589	25.872
29153	34.828
11917	57.336
62467	20.403
3008	29.870
204209	39.269
10996	28.357
880	21.983
21106581	22.254
15827	35.040
70806	33.870
11369	29.412
4437893	39.099
5882	19.962
9824	29.016
12821	17.556
71193	23.925
67270	23.925
6033	23.925
7092	20.832
63968	27.263
2908	42.010
33407	39.894
36985	39.894
35205	39.894
15637	39.894
82821	39.894
8329	32.912
15753	28.170
17339596	32.767
6371	38.673
10664	17.4
2625	49.869
4333	34.356
6593	28.221
86007	36.601
13835344	24.112
76154	27.019
3534	48.762
7044	21.475
73390	21.458
7279	26.844
10343	22.531
185	17.634
7155	21.999
16359	21.475
84971	20.812
388391	20.812
11773	18.947
11582	18.791
7172	18.635
96749	23.374
2068	23.658
5236	23.658
21782117	40.336
2991	30.350
34853	36.867
37745	36.867
36978	36.867
34190	36.867
34191	36.867
36771	36.867
36710	36.867
56757	36.867
549017	36.867
84347	36.867
56764	36.867
56758	36.867
47914	36.867
56762	36.867
33984	36.867
33983	36.867
34860	38.380
82738	38.380
36982	38.380
36979	38.380
47915	38.380
56783	38.380
36981	38.380
37004	38.380
36980	38.380
222538	18.365
13848793	21.445
6492	24.538
7176	21.820
12478	17.556
7211	18.635
65523	18.365
11080	17.130
13090	31.490
230	20.706
194092	25.077
11625	24.366
8282	24.538
76394	16.229
82751	41.407
36989	41.407
8800	34.828
62060	45.079
2975965	41.324
33282	35.354
46285	35.354
46284	35.354
82806	35.354
56776	35.354
47913	35.354
32952	35.354
45446	35.354
43353	35.354
56773	35.354
26325089	68.431
6588	24.972
2849146	18.365
10437335	21.458
8058	31.954
589165	22.754
361	20.331
33281	33.841
56786	33.841
56789	33.841
33456	33.841
46264	33.841
9187483	43.398
5978	12.025
10257	18.635
58563	19.692
2699	53.156
5739	39.682
13846658	28.590
6577	30.790
7145	18.365
6057	40.028
8816	39.682
659	11.223
955	17.4
6600	30.357
13835294	31.578
8817	39.682
526	19.160
7199	25.077
6514	37.766
62964	42.149
6610	32.919
5553	50.089
36990	39.894
35912	39.894
45448	39.894
36987	39.894
36988	39.894
2700	40.954
13860	21.356
33986	38.380
36983	38.380
36986	38.380
45447	38.380
35566	38.380
47916	38.380
46137	38.380
550258	38.380
33985	38.380
4963	19.692
7151	22.166
2928	41.541
8788	43.202
6646	20.812
5554	49.287
15484	42.92
20132	36.977
27749	32.252
7315	31.954
789	16.009
6453	33.092
6753	29.818
10197150	12.915
9797	40.703
192748	25.093
8799	43.202
7142	18.727
10437836	26.326
2121	30.364
4268	33.728
34854	36.867
46136	36.867
82736	36.867
56759	36.867
36984	36.867
6621	19.685
17347	22.158
4103087	21.204
2925	39.039
3693	39.901
15517	23.212
56775	35.354
56770	35.354
11283	45.312
21361761	36.012
36029	42.393
35206	41.407
64155	28.972
34192	39.894
82822	39.894
8763	46.722
14627	22.410
61739	24.538
8804	43.202
3322	39.745
13846959	18.365
5557	48.231
3438	57.737
75956	41.986
68568	20.656
4447447	49.189
6775	18.947
2246	43.202
5113	55.433
26325182	27.135
7745	16.178
11672	18.947
105291	13.951
35108	38.380
28947	24.020
28552	33.288
29117	32.292
60858	32.919
1262	36.381
137720	36.381
6066	31.166
33316	36.867
11286	22.155
10837	19.437
5678	48.055
156255	19.002
18336	27.814
6550	20.118
5660	47.953
10292746	40.336
4449	22.095
12549	46.114
374462	15.908
256210	22.410
13662	16.073
21106059	71.554
8093	34.246
65272	87.744
9219586	47.473
4744	40.985
10437239	17.045
3216	53.017
26286843	38.050
440	24.707
10975	19.437
8351654	10.326
1710	38.206
305	21.508
83191	59.370
541032	23.314
11489	20.948
5774	62.463
5026	33.172
10870	19.437
89258	25.093
5145918	49.581
58496	87.212
92468	68.651
14916	34.154
5198	42.812
3841535	34.956
11439687	32.144
4470736	73.676
4380	46.425
92494	65.557
4343	58.215
91432	38.050
8103122	48.494
3350	19.529
8124942	50.424
24722	56.015
133166	56.276
8101973	44.237
5162	51.144
3652	54.753
509179	48.975
40130	32.248
5376	43.448
106796	45.001
2457	37.404
49179	73.348
67594	35.980
5791	53.714
5768	44.611
15520	73.833
3102535	14.703
5139	37.068
4228778	50.309
6688	21.474
55075	25.698
10162	59.805
4444479	71.483
4444107	44.476
4444100	37.078
5551	60.974
3741	30.368
5233	34.956
21108577	24.914
5542	66.629
5552	59.640
19232037	69.723
3513	32.142
65234	42.307
472932	13.951
4444553	45.616
19232038	75.910
6013	50.237
31006	51.039
18547147	79.004
62265	23.326
21587143	85.191
21486195	83.766
4911	45.363
2760	65.296
4611	27.206
21105591	79.701
4471584	42.523
6002	59.370
4599	33.728
75995	69.993
5550	60.172
54833	68.816
9786472	71.483
197564	60.172
5633	59.640
5932	59.370
10481872	78.012
193441	59.640
5541	62.624
21105594	84.023
48085	70.255
21106077	89.588
4067	66.602
5142	22.598
196288	77.670
75662	77.311
2424	26.752
4444362	80.356
21106058	85.036
139025	83.857
29400	76.779
1043	52.468
6045	125.261
1253	21.820