Compound Id	AutocorrelationCharge [ATSc4]
502855	-0.030
6191	0.238
26325183	0.227
5709	0.015
6153	0.0
16425	0.0
8521	-0.177
23150	0.018
76894	-0.143
2041618	-0.081
8520	-0.094
66656	0.017
26824	-0.078
18019	-0.205
11434292	-0.011
26325084	-0.609
6190	0.211
11919	0.0
10696	-0.334
26325083	-0.525
10451	-0.417
23101	-0.007
122090	-0.008
26325082	-0.442
26325081	-0.359
512621	0.013
10449	-0.5
26325080	-0.275
66655	0.018
10652594	-0.669
14021447	-0.192
67991	-0.012
109705	0.181
17619	0.016
9256	0.187
692	0.0
291	0.0
6084	0.0
6094	0.0
7555	0.0
6120	0.0
7712	0.0
6308	0.0
9646	0.0
10781	0.0
15802	0.0
17976	0.0
7767	0.0
7604	0.0
7010	0.0
6163	0.0
6340	0.0
8560	0.0
11094	0.0
11023	0.0
11055	0.0
10786	0.0
7619	0.0
10755	0.0
11551	0.0
349	0.0
11035	0.0
11104	0.0
10795	0.0
10445	0.0
7849	0.0
17558	0.0
13439	0.0
13402	0.0
14840	0.0
13448	0.0
13619	0.0
7890	0.0
11882	0.0
11883	0.0
10540	0.0
7929	0.0
11897	0.0
11899	0.0
12017	0.0
12072	0.0
11900	0.0
11901	0.0
11146	0.0
11902	0.0
10542	0.0
11906	0.0
8878	0.0
11585	-0.030
11557190	-0.108
10452	-0.050
10784857	-0.814
108106	-0.378
127983	0.0
78828	-0.022
68328	0.018
67414	-0.083
13837650	0.025
13853215	0.187
9392	0.186
10765	0.0
7674	0.0
14998	0.016
10614293	0.0
61149	0.0
6156	0.0
12201	0.0
11109	0.0
24142	0.0
13622	0.0
16180	0.0
7891	0.0
12446	0.0
29025	0.0
12635	0.0
11121	0.0
7713	0.0
12809	0.0
7833	0.0
7556	0.0
7954	0.0
555074	0.001
7957	0.0
4516601	0.001
56442	0.001
4483639	0.001
4516599	0.0
4512361	0.001
4483638	0.001
4449912	0.001
4512642	0.0
18410	0.0
22408	0.0
66675	0.0
10113	0.002
9484	0.0
23208	0.0
6085	0.0
7024	0.0
15438	0.0
8896	0.0
14751	0.0
221117	0.0
7787	0.0
8908	0.0
8909	0.0
8910	0.0
71433	0.0
22814	0.0
9095782	0.101
6151	0.0
14299946	-0.461
6188	0.165
11099	0.0
73583	0.102
7340	0.006
8158	0.008
11110	0.0
9642	0.0
12577	0.113
11996	0.016
10756390	-0.413
62827	0.050
7626	0.015
10265264	0.0
13835550	0.017
56117	-0.048
11230	0.003
63631	0.006
11086	0.001
21106179	0.0
11841	0.005
6402	0.001
1406720	0.0
2056044	-0.030
1114	0.0
14692	0.0
10179173	0.0
21800	0.0
8544	0.0
7788	0.0
4927801	-0.472
9088156	-0.010
29040	0.145
10325078	0.175
55188	0.014
7624	0.005
68224	-0.410
24263	0.001
6364	0.0
11749	0.003
14672	0.015
11228	0.011
11864	0.0
12209	0.0
11857	0.001
391428	0.001
10733068	-0.516
454638	0.001
12456	0.0
17880	0.0
11845	0.0
11806	0.0
9990	0.008
6309	0.0
7557	0.0
558883	0.0
56020	0.0
10124	0.001
6111	0.0
10265270	0.0
14198	0.0
7794	0.002
7180	0.0
9286	0.147
9411	0.313
14441700	-0.004
6148	0.0
6149	0.0
15765	0.0
553642	0.0
15413	-0.202
7182	0.002
10669	-0.001
66567	-0.275
6132	0.0
8569	0.007
12220	0.007
7823	0.007
11849	0.009
10441	0.006
3168	0.010
11833	0.005
455420	0.005
10709	0.005
7558	0.0
6095	0.0
10179239	0.0
12197	0.0
11761	0.002
6108	0.0
69914	-0.090
59573	-0.075
70850	0.004
38403	0.218
11671339	-0.090
7956	0.0
55090	0.0
11180	-0.001
274	0.0
6145	0.0
10053	0.0
28993	0.001
59483	-0.020
11811	0.002
7777	0.002
15482	0.003
454215	0.158
7856	0.003
8562	0.003
10054	0.0
7730	0.004
11739	0.0
11056	0.0
6146	0.0
9461	0.217
654	0.0
11194	-0.001
6165	0.0
11216	-0.001
62230	-0.001
16791	0.005
18717	-0.002
11210	-0.001
518	0.0
11117	0.0
205483	-0.020
10979	0.008
61346	-0.370
6186	0.143
391	0.0
69371	0.003
69569	-0.096
6310	0.0
7606	0.0
7181	0.006
99596	0.054
23255	0.0
6123	0.0
4514529	0.0
11351244	0.0
499714	-0.006
78467	0.004
16841	0.157
2062437	0.047
61266	-0.065
15954	-0.001
11819	0.0
7622	0.0
99440	0.0
11239	-0.001
11543	-0.002
10790	-0.002
6187	0.147
2656	0.013
6827	0.0
20939	0.001
9016	0.126
7817	0.007
11788	0.005
13835316	0.0
6270	-0.461
454209	-0.002
9633	-0.001
9377	-0.001
9243	0.0
11148	0.0
923	0.0
6121	0.0
8576	0.0
7851	0.0
15387	0.0
6315	0.0
7811	0.0
7835	0.0
7769	0.0
7716	0.0
7564	0.0
6101	0.0
6089	0.0
6118	0.0
8577	0.0
14349	0.0
7852	0.0
14680	0.0
7776	0.0
7330	0.0
6122	0.0
63863	-0.037
2282428	0.130
15486	-0.001
7732	0.008
18920	0.0
11861	0.0
123993	-0.002
11036	-0.001
11029	-0.001
11794	0.0
11732	-0.001
10511	0.0
21011	0.0
11678	-0.001
7533	-0.001
3644	0.0
6320	-0.001
10947	-0.001
6164	-0.002
11729	0.001
9254	0.140
9251	0.133
6307	0.0
62589	0.003
7686	0.004
13837280	0.027
9253	0.113
13255	0.010
10512	0.0
13837797	0.004
16641	0.0
6098	0.0
10536	0.001
7827	0.001
9233	0.001
18607	0.001
5730	0.0
3441	0.114
83734	0.124
217	0.0
56559	-0.001
9053802	-0.001
10787	-0.001
29000	-0.001
11793	-0.001
10526	0.0
120464	0.0
7434	-0.001
7459	-0.001
11024	-0.001
6312	-0.001
8398	-0.001
24590970	0.043
7733	0.007
56144	0.009
23055	-0.003
6130	0.0
7850	0.0
11865	0.0
7714	0.0
10437	0.0
6097	0.0
12219	0.0
7848	0.0
61487	0.0
11863	0.0
7810	0.0
7766	0.0
7711	0.0
7552	0.0
6092	0.0
7791	0.003
12010	0.0
11830	0.0
10497	0.0
31029	0.0
6100	0.0
12228	0.0
6042	0.0
553742	0.016
13836713	0.0
13803	-0.286
11898	-0.001
72522	-0.001
7928	-0.001
14348	-0.001
2581	-0.001
11891	-0.001
7917	-0.001
7915	-0.001
7901	-0.001
7892	-0.001
7882	-0.001
8574	-0.001
932	-0.001
7812	-0.001
7837	-0.001
6040	-0.001
258	-0.001
1004	-0.001
682	0.0
7815	0.0
7560	0.0
6103	0.0
6635	-0.003
14829	0.0
6087	0.0
11525	0.0
7721	0.0
6083	0.0
1039	0.0
6088	0.0
864	0.0
13837281	0.045
937	0.0
56232	0.0
71390	0.0
5979	0.110
13837190	-0.115
7074	-0.047
15077490	0.103
13872989	0.0
13638	0.003
7170	0.0
10534	0.0
6128	0.0
9391	0.085
6086	0.0
10410	0.0
68503	-0.306
10675065	-0.009
14694	0.068
7090	-0.009
7028	0.006
63156	0.002
12626	-0.011
62597	0.004
15803	-0.001
10487	-0.001
13492	0.0
15747	0.0
8356	0.0
13849981	-0.010
12933	-0.210
6105	0.0
18971812	0.086
14688	0.0
6125	0.0
13835977	0.0
5977	0.0
71876	-0.046
7128	0.0
7183	0.0
7088	0.0
15461	0.0
13299573	-0.352
107412	0.074
7073	-0.032
455353	0.112
16778	0.112
7705	0.113
2340753	0.055
7728	0.113
8554	0.007
10340	0.006
21112738	0.002
4481813	-0.003
13487	0.0
7385	0.0
8531	0.0
7448	0.0
4514586	0.0
764	-0.006
10325184	0.065
6406	-0.062
12066	0.0
7738	0.0
7098	0.018
10404	0.0
7419	0.0
7219	0.0
11660	0.0
6999	0.0
5026296	-0.002
18688	-0.036
7737	0.0
13871721	0.012
1108	0.0
236	0.0
7521	0.0
7641	0.0
7659	0.0
11871	0.003
55130	-0.009
10433	-0.025
11992	-0.009
13836399	0.112
7703	-0.033
10253	0.0
60886	0.006
83962	-0.007
12161	-0.636
7671	-0.003
10446	0.009
62249	-0.052
11526	-0.189
13571291	-0.003
71312	0.123
7026	-0.001
7678	-0.001
9970	-0.001
7672	0.0
7786	0.003
8335	0.0
6301	-0.010
10606755	-0.045
7657	-0.021
22453	-0.029
7065	-0.029
11193	-0.012
13836591	0.113
13875283	-0.001
7553	0.0
11409	0.0
13249	-0.004
3631	0.232
13835836	-0.060
55084	-0.023
7694	-0.023
7482	-0.023
11716	-0.024
11045	-0.024
7515	-0.024
13836549	-0.161
7546	0.0
7677	0.0
13836674	0.0
2293678	0.102
6967	0.0
6977	0.0
21168808	0.001
960	-0.004
6177	-0.013
61213	0.051
20545	-0.004
7472	-0.003
11207996	-0.005
29016	-0.016
7747	-0.017
7627	-0.002
10571	-0.045
7076	-0.046
6649	-0.008
8012	-0.008
7003	-0.057
13854944	0.095
6104	0.0
4937830	-0.012
61191	0.025
9614	-0.001
7739	0.0
8883	0.0
7757	-0.022
7511	-0.022
7509	-0.022
29005	-0.022
10420	-0.022
7478	-0.128
7475	-0.022
7463	-0.022
6333	-0.002
21111806	-0.069
10364	0.0
21111820	0.0
21171407	0.0
3210	0.025
10756	-0.003
11910	-0.007
7469	-0.004
7064	-0.008
60329	0.071
13842001	0.095
13850082	-0.010
21106169	0.106
7872	-0.016
7875	-0.016
7913	-0.016
7670	-0.003
8568	-0.016
14846	-0.037
7800	-0.037
11843	-0.016
29012	-0.016
10797	-0.008
7538	-0.037
7536	-0.037
11755	-0.008
7706	-0.016
7761	-0.027
10492	-0.029
11680	-0.037
11706	-0.037
10653	-0.037
68179	-0.025
10001	-0.004
6341	-0.009
11727	-0.041
7727	0.070
3951	-0.015
21108550	-0.008
13836021	0.069
9724	0.0
11731	0.007
8950	0.0
14866	0.0
6720	-0.005
13850142	-0.008
558917	0.023
11153	0.0
7559	-0.001
558928	0.016
415	-0.029
390927	-0.008
10236	0.0
7012	-0.005
11065	-0.002
28981	-0.004
99681	-0.001
8525	-0.014
6176	-0.005
7081	-0.004
6313	-0.005
13837702	0.006
9903	0.0
13849989	0.023
55123	-0.027
12012	-0.027
7534	-0.004
10791	-0.006
11125	-0.027
7782	-0.028
8552	-0.004
7701	-0.004
6316	0.021
9325	0.038
13866593	0.004
11911	0.053
55091	0.105
552744	0.018
7888	-0.004
12013	-0.004
123860	0.182
28986	-0.004
2863	-0.004
6335	-0.029
7803	-0.004
259	-0.004
7616	-0.012
171	0.0
24641	-0.076
7129	0.0
7866	-0.004
3756	-0.004
10033	-0.004
30713	0.105
10788	-0.003
7621	-0.002
8329688	0.041
10777	-0.004
441	-0.002
7838	-0.002
5949	-0.002
370	-0.004
29029	-0.002
7772	-0.002
256	-0.002
512	-0.003
1005	-0.005
2018460	-0.045
21169510	0.203
48024	0.096
7013	0.0
7676	-0.001
13875281	-0.001
7220	0.0
7248	0.0
11661	0.0
12674	0.0
8097	0.0
12071	-0.004
10035	-0.004
12972	-0.004
9976	-0.004
7514	-0.004
215929	-0.004
11025	-0.004
7734	-0.026
7016	-0.004
1087	0.0
60524	-0.006
72551	-0.073
763	0.0
1095	0.0
6179	0.087
2038738	0.102
11154	0.0
12259	0.0
3973	0.157
13836589	0.182
172	0.0
13836520	0.091
22191	-0.073
75951	-0.073
72793	-0.076
13835336	0.028
13875230	0.0
18219	-0.012
4514549	0.0
10801109	0.345
15016	0.0
29004	-0.122
7871	-0.002
21153	-0.002
7802	-0.002
12218	-0.002
12632	-0.002
7760	-0.002
11095	-0.002
21106173	-0.122
7607	-0.002
13866746	-0.111
7577	-0.047
7506	0.001
13835861	0.019
6326	0.042
9228	-0.005
29036	0.0
13838404	0.0
7239	0.001
11647	-0.004
7530	0.121
21106535	0.016
6119	0.0
10251740	0.182
9326	0.036
2916	0.0
558875	0.009
6106	0.0
3544	-0.008
1266019	-0.003
109838	0.183
6321	-0.002
175	0.0
13874867	-0.172
6314	-0.010
4510484	0.007
68832	-0.073
62530	0.004
13842613	0.005
7391	0.011
7984	-0.505
11809	-0.060
7242	0.004
58234	-0.002
26325086	-0.124
13862665	-0.026
15443	-0.004
124968	-0.058
9581	-0.063
66809	-0.051
221082	0.0
13875320	-0.001
6642	0.0
62826	0.083
13835376	0.185
127750	0.182
12442	0.030
13857694	-0.032
7673	0.0
7443	-0.003
7662	-0.096
1609	-0.049
363458	0.108
7684	0.156
61111	0.056
13875196	-0.010
11042	0.004
24972	0.058
28992	0.062
13875160	-0.001
13875258	0.0
73479	-0.003
8935	0.057
15093	0.002
9994	0.0
29015	0.182
278	0.0
4446445	0.013
4444608	0.013
394562	0.014
13839199	0.004
18724	0.003
7238	0.009
21105959	0.007
13866817	-0.003
13875392	0.0
13839575	0.363
6322	-0.001
558020	0.104
733	0.0
6342	0.070
21132380	0.004
7551	0.017
12244	-0.001
1266393	-0.013
13677	0.0
124	0.005
132	0.018
21106015	0.034
65750	0.003
63903	0.003
10940	0.004
13865438	0.009
7223	0.0
13868640	-0.002
29001	-0.071
59674	0.012
21106135	0.009
10248	-0.002
13837988	0.018
8528	-0.028
8900	0.0
10400	0.003
8067	-0.075
13839109	0.156
13837537	0.113
21105905	0.002
11077	0.002
13839123	-0.002
9911	-0.001
13839174	-0.002
906	0.0
7630	-0.087
13865426	-0.159
13884973	-0.049
10710415	-0.163
8543	-0.043
13835604	0.143
6093	0.0
59447	0.065
21106560	0.003
20843	0.062
15965	-0.030
70682	0.0
13658	0.054
11862	0.0
7710	-0.029
7809	0.004
7765	0.006
69177	-0.002
21111822	0.0
6794	0.009
7681	0.0
26516	0.0
17131	-0.310
10772140	0.061
7190	-0.008
63054	-0.108
18801	0.001
68156	0.006
21106520	0.002
16119	-0.002
10244	-0.002
924	0.005
13862559	-0.015
6788	0.0
7131	-0.001
7466	-0.108
13861343	0.067
73412	0.007
8904	0.069
13874733	0.003
24535	0.062
25552	0.062
10437215	0.110
12225	0.008
13839151	-0.001
13848808	-0.180
8140	-0.009
11087	0.0
10909	0.0
10918	0.0
15489	-0.001
2441	-0.007
12499	-0.158
7480	-0.016
10939	-0.005
7018	0.011
11784	0.039
13839128	-0.001
8868	0.004
7518	-0.002
21106019	0.009
7528	0.062
24533	0.065
1020	0.003
2039535	0.112
13839110	-0.001
21105998	-0.001
13865680	-0.001
11604	-0.001
8374	-0.030
21106586	-0.176
11756	-0.030
8733	-0.049
13835459	0.069
71089	-0.025
7688	0.065
8902	0.006
10937	0.002
6897	-0.029
773	0.0
17443	0.103
6883	-0.044
11785	-0.047
15495	-0.167
1141	-0.216
7240	0.003
503239	0.119
13860641	-0.001
6974	0.020
21106571	-0.059
10908	0.0
3463	-0.153
16388	-0.349
6828	0.0
7161	-0.008
592	0.067
8141	-0.005
7679	-0.004
4444456	-0.037
83866	0.034
66996	-0.047
21105897	-0.166
15427	0.0
5830	-0.001
13840690	-0.001
13839105	-0.001
11667	-0.003
13835772	-0.002
61538	-0.001
238	-0.008
13864445	0.006
21108548	-0.002
13047	-0.061
21106163	-0.029
967	-0.085
13876103	0.098
2018165	0.061
14256731	-0.025
6311	-0.009
11699	-0.091
12643	0.008
83850	0.034
30595	-0.044
13839082	-0.001
13865424	-0.004
13853758	0.0
13860335	-0.001
4366810	-0.091
10422	-0.092
11695	-0.091
13229	-0.022
24099	0.010
11576	-0.008
7175	-0.044
7157	-0.044
12060	-0.001
14678	-0.001
11021	-0.001
21105871	-0.001
466305	0.025
13837686	0.025
61411	-0.001
917	-0.023
21106519	0.0
65	-0.020
13029	-0.005
13875356	-0.022
19766	-0.069
12044	0.0
12682	0.0
10181341	-0.004
748	0.0
71628	-0.033
7568	0.037
13839553	-0.082
9363	-0.013
6296	0.015
9574	0.009
971	-0.001
13846663	-0.001
21106091	-0.001
10246	-0.001
70715	-0.043
13871718	-0.001
2654	-0.140
9547	-0.139
92731	0.049
62632	-0.004
78998	-0.004
11884	-0.004
16177	-0.004
15853	-0.004
67360	-0.004
11866	-0.004
15846	-0.004
7566	-0.005
29026	-0.004
11846	-0.004
7770	-0.004
7717	-0.004
6102	0.0
21109330	0.023
10948	0.040
13835293	-0.086
13835224	0.040
13839441	0.011
13835235	0.048
62808	0.077
7236	-0.006
11589	-0.008
79969	-0.008
21106366	-0.002
62310	-0.167
7420	0.0
28982	-0.001
19709	0.093
21168831	0.0
55443	-0.001
453675	-0.001
60121	0.094
69340	-0.001
10992	-0.001
6633	0.020
16804	-0.002
21159695	0.0
455090	-0.141
57726	-0.001
7234	0.003
6630	-0.001
71437	0.0
13063	0.0
558878	0.027
2005981	0.0
25886	-0.034
71430	-0.284
7736	0.0
447	0.095
21106525	0.0
18707	-0.003
559096	-0.048
13868660	-0.001
707	-0.075
7140	-0.008
8070	-0.008
387	-0.017
10018	-0.077
61001	0.021
13854136	-0.001
1664	-0.038
20570	-0.050
13854248	0.015
7001	-0.034
11366	-0.083
21106540	-0.008
21106570	-0.052
15855	-0.008
7790	-0.266
13835209	0.016
8903	-0.030
62489	-0.065
8899	0.0
13634	0.008
13630	-0.038
13869434	-0.001
553578	0.027
66565	-0.083
10437135	0.158
66021	0.092
7221	-0.006
10857	0.001
7383	0.0
13030	-0.075
6339	0.047
6736	0.0
10851	0.0
10850	0.0
23977588	-0.249
434	0.004
24043	-0.019
12069	-0.008
191367	-0.008
11799	-0.008
7615	-0.008
6338	-0.009
11265	-0.013
6135	0.0
72056	-0.001
34095	-0.001
18685	-0.001
62628	-0.001
67653	-0.001
11875	-0.001
21106032	0.009
7021	-0.095
1348	-0.008
66896	-0.005
62534	-0.012
62408	-0.013
7389	-0.012
13848467	0.111
72556	-0.083
13835151	0.0
10991	0.0
13860692	0.0
13869462	-0.001
38364	0.008
12045	0.0
2003	-0.128
17784	-0.013
12637	-0.049
13839416	0.001
11694	-0.066
29008	0.0
2606	0.120
21106524	-0.004
12823	0.009
5889	0.0
81815	0.068
13840647	-0.001
13875212	0.012
9579	0.020
21105859	0.019
19475	-0.023
9874	-0.008
13647	-0.015
9350	-0.007
21168826	-0.004
10801842	-0.046
65785	0.021
13860491	0.0
6780	0.003
10841	0.0
5593	-0.001
25889	-0.016
25890	-0.021
10227261	-0.030
220998	-0.021
12954	-0.021
9454	0.005
9360	-0.065
13851576	0.0
21105848	0.004
12047	0.0
16736498	-0.249
913	-0.098
6478	0.0
6745	-0.008
8912	0.727
12229	-0.004
6898	-0.075
10849	0.0
11038	-0.001
89076	0.016
21105870	0.011
199342	-0.005
19477	-0.021
6287	-0.304
13811	-0.123
14169248	-0.011
1019	0.0
10437074	0.043
21105878	-0.008
21168813	-0.003
235	-0.004
8186	-0.003
11596	0.022
13860775	0.060
6674	-0.082
11083	-0.119
2206	-0.456
13872122	0.0
8098	0.002
10328	0.011
6737	-0.001
6789	0.0
15861	0.0
7600	-0.002
4445317	0.011
11632	-0.021
7961	0.073
13885245	-0.021
8674	-0.049
7132	-0.003
13856352	0.0
8071	-0.098
11783	0.033
10980	0.008
21106172	-0.045
27488	-0.001
10813	0.0
7202	-0.005
30516	-0.021
26325090	-0.045
21112023	0.011
13876539	-0.002
21106018	-0.004
68676	-0.002
551	0.006
11776	-0.064
66895	-0.005
66887	-0.005
9893	-0.005
63518	-0.005
59482	-0.005
6881	-0.005
13839308	-0.004
10586285	0.283
218253	-0.001
8341	-0.001
20198	0.033
7689	-0.007
63310	-0.315
7299	0.0
10829	0.0
191	0.007
12957	-0.026
84036	-0.021
68152	-0.016
24041	-0.026
19953955	0.029
13835630	0.305
14556	-0.016
21106140	0.164
13863618	-0.091
13837787	-0.068
1361549	0.006
10831	0.0
23886	0.005
33421	-0.033
992	0.007
70714	0.030
13875432	-0.045
12640	0.0
6480	0.001
15755	-0.033
14995	-0.002
14994	0.006
67470	0.005
15476	0.005
15756	0.004
1906	-0.012
6592	0.0
21943	-0.026
10106	-0.310
19956441	0.030
11930	-0.184
10384035	-0.126
65936	0.082
14227	0.001
11584	-0.030
13867714	0.061
6706	-0.123
6916	-0.007
19957731	0.030
10205670	0.090
120489	-0.146
13875219	-0.004
7302	0.010
70660	0.052
16387	-0.221
502245	-0.039
5708	-0.020
16159	0.009
13648	0.061
9349	-0.004
63889	-0.056
13835126	0.007
10437210	-0.004
768	-0.088
34863	-0.021
23730	-0.025
23621376	0.030
11332993	-0.007
21106146	-0.015
12231	-0.032
13837760	0.034
10008	-0.005
10972	0.002
2079	-0.456
13869451	-0.027
4759	-0.525
33617	-0.526
11961	-0.065
15619	0.0
6739	-0.001
953	0.008
331	-0.132
15789876	-0.040
7224	-0.008
11600	0.131
21106144	-0.015
13863774	-0.015
10243171	-0.007
7138	-0.015
4878	-0.061
6604	-0.068
25677	-0.040
6840	0.008
4590	-0.007
12816	0.011
21111781	-0.089
123207	-0.046
776	0.001
15475	0.018
15477	-0.033
15478	0.018
15524	0.001
2297441	-0.335
158870	-0.020
157093	-0.022
83374	-0.024
457144	-0.058
135925	-0.027
457145	0.010
8807	0.0
8182	0.031
19476	-0.032
13871489	-0.041
28969	-0.004
13863629	0.130
7278	-0.037
13644	0.006
21106014	-0.067
13869480	-0.032
42330	-0.456
13869339	-0.002
13875441	-0.037
30881	-0.533
14620	-0.533
6852	0.009
6735	0.0
30572	0.091
392447	0.016
67465	-0.007
4962	-0.072
21106013	-0.039
577	-0.138
26260	0.0
4932499	0.0
4575338	0.232
12586	-0.004
7964	-0.171
6193	-0.169
86394	-0.457
13860817	-0.018
21111772	-0.026
15620	0.0
11708	0.0
6079	0.011
13859497	0.007
9943	-0.066
28973	-0.008
62517	-0.058
456015	-0.075
63906	0.006
1446	-0.164
12133	-0.541
15621	0.0
11632871	0.642
13856009	-0.048
79280	-0.060
27296	-0.008
11651	-0.007
8657	-0.059
8665	-0.009
4575	-0.455
13842573	-0.003
8876	0.0
63908	-0.085
10181339	-0.004
86435	0.006
21106020	-0.005
15488	0.0
84188	-0.014
136000	0.031
135983	0.027
136001	0.029
136002	-0.007
136003	0.030
84235	0.025
10438331	-0.071
82755	-0.043
82712	-0.046
157094	0.006
103011	-0.078
102798	-0.053
82762	0.042
13849665	0.158
24326358	0.095
5894	-0.031
15702	-0.102
221226	-0.085
5976	-0.424
68437	0.0
26010	0.018
30600	0.003
33455	-0.033
33934	0.0
33932	-0.002
5807	-0.161
34866	0.029
34665	-0.025
34664	0.008
37904	-0.015
34864	-0.025
34188	-0.097
34865	-0.031
11974	-0.019
10771217	0.101
33416	0.909
15409	-0.022
21106036	-0.123
120548	-0.063
11591	0.002
11778	-0.085
44152	-0.488
11954	-0.005
8855	-0.024
11769	-0.021
18941	-0.361
29282	-0.376
6586	-0.008
2915	0.001
13328	-0.087
8960	0.0
10772050	0.127
7225	-0.013
70652	0.005
7685	-0.005
7208	0.003
21111817	-0.056
20124	0.033
7406	0.013
10498	-0.060
70988	0.015
9564	0.034
2923	-0.138
21106470	0.062
10432	-0.002
56793	0.002
454495	0.007
40191	-0.082
56791	-0.049
35581	-0.013
56774	-0.013
82765	-0.1
7042	-0.089
2185	-0.005
4760	-0.367
12874	-0.368
13853953	-0.053
6988	-0.028
13869414	-0.001
13860720	-0.009
11294	-0.004
457140	0.006
27793	-0.007
82754	0.025
457138	0.019
102897	0.019
457139	-0.013
102947	-0.033
97173	0.001
102720	0.003
102801	-0.032
102833	0.059
102721	0.010
102856	0.005
102933	0.057
103066	-0.030
97172	0.051
64016	-0.011
4450907	0.232
120621	-0.006
12445	0.0
20119	-0.014
7030	-0.086
13835932	0.0
13257	-0.004
2937774	-0.001
62484	-0.036
1015	-0.021
87265	0.002
12699	0.0
21429023	-0.069
10892	-0.133
376	-0.006
13837303	-0.073
78	-0.049
13837329	-0.103
11595	0.006
4745	0.113
4768	-0.380
20848	-0.381
65701	0.001
8273	-0.026
12705	-0.375
8183	0.019
11563	-0.002
59577	-0.025
61707	-0.006
11610	-0.012
7397	-0.003
6675	-0.050
11588	0.001
2283071	0.0
8319	0.0
11003	0.004
13104	-0.014
6334	-0.022
206561	-0.016
64699	0.063
21106008	0.166
5091	-0.004
55205	-0.014
13816	-0.027
11244	-0.060
247721	-0.037
71	0.070
2169	-0.388
13303	-0.384
13302	-0.385
4489	-0.010
13835706	0.181
26765	-0.027
192642	-0.032
122446	-0.036
21181	-0.027
11752	-0.013
2275	-0.043
10464	-0.003
6330	-0.003
11795	-0.003
173	0.0
3918	-0.027
6790	0.0
106355	0.024
102741	-0.047
97055	0.037
97198	-0.049
5993	-0.053
693	0.0
28682	0.076
191058	0.016
5596	0.020
18	-0.077
6807	0.025
13856959	-0.031
553649	0.0
13848341	-0.106
10864	-0.046
5027	-0.396
2271976	-0.097
10169	0.0
8860	0.003
10986	0.001
5915	-0.013
7146	-0.035
6838	0.006
34874	0.053
36972	0.018
56788	-0.001
533188	0.001
35579	0.033
16182	-0.056
46262	-0.003
35580	-0.022
82818	-0.006
56790	-0.059
56795	-0.012
33458	-0.028
82777	-0.088
35584	-0.003
56785	-0.047
56792	-0.094
34189	0.012
34859	0.015
84346	-0.053
56760	-0.073
56755	-0.016
33666	-0.160
8030	-0.007
8060	-0.168
13867413	-0.162
7310	-0.077
6781	-0.028
21106365	0.035
13865630	-0.077
26325085	0.054
26325087	0.021
26325088	0.052
7241	0.063
12061	-0.004
61765	0.049
15473	0.0
17099	0.018
17098	-0.001
33933	-0.032
15474	-0.001
34868	0.023
37905	0.006
34869	0.020
37918	-0.014
37915	-0.028
34867	0.003
25605	-0.015
26011	-0.001
34870	0.024
34666	-0.024
21924	-0.032
36973	0.031
37744	-0.040
46894	-0.002
45444	-0.027
56769	-0.006
56780	-0.016
34847	0.010
39406	-0.054
35081	-0.111
56781	-0.022
56771	-0.075
3584	-0.001
6842	0.022
4624	-0.302
10101	-0.426
10025	-0.008
5004	-0.009
28994	-0.031
9218	-0.041
13835351	-0.055
6773	-0.058
102834	-0.018
102722	0.013
154865	0.058
96948	0.007
102743	0.006
102857	0.051
154866	-0.031
106356	0.020
102787	0.002
97240	-0.052
102742	0.005
136966	-0.041
13054	-0.026
7636	-0.074
71787	-0.138
21105795	0.006
11629	0.115
13853943	-0.046
21105699	0.008
5439	-0.029
29107	-0.036
7029	-0.052
19231	0.141
67460	-0.004
299166	0.013
9873	-0.048
17868	-0.023
13860434	0.106
123	0.014
2157	-0.127
13850879	-0.179
6524	-0.079
8243	-0.076
6528	-0.076
13837319	-0.076
8241	-0.076
11422	-0.049
6855	-0.003
13839012	-0.001
2927	-0.004
69982	-0.112
6774	0.125
9965	-0.004
8262	-0.025
10903	-0.001
206493	0.077
97257	0.021
97224	-0.030
102923	-0.031
96868	0.052
96864	0.058
97234	0.007
97233	0.007
154062	0.021
97142	-0.048
4777	0.093
2075	0.014
18177	-0.001
6665	-0.068
21106148	-0.006
6023	0.027
65763	-0.042
56782	-0.025
36977	0.012
83414	-0.113
84348	-0.037
82823	-0.076
13846749	-0.005
11107	-0.024
11586	-0.030
21106518	0.0
9120	-0.084
3277	0.013
1278	0.061
6907	-0.007
844	-0.256
62472	-0.026
6950	-0.006
744	-0.142
4444102	-0.308
26563	1.090
6035	0.008
3548	0.157
392	-0.004
21108576	0.005
1151	-0.176
10628694	-0.021
36975	0.042
56778	0.026
43354	-0.012
37779	0.010
45445	-0.029
36974	0.005
35585	0.022
34848	-0.033
84344	-0.049
34850	0.016
82819	-0.017
56772	-0.027
82820	-0.056
16415	-0.051
56779	-0.025
56768	-0.066
56777	-0.110
84345	-0.006
34668	0.001
16736486	-0.069
8470	-0.110
8111	0.0
10616	-0.096
21106900	0.1
1577	-0.008
642951	-0.047
12730	-0.419
6835	0.0
13300034	0.032
96965	0.028
33198	-0.023
82783	-0.011
34852	0.022
37000	0.024
37019	0.008
56765	-0.069
39198	-0.064
82740	-0.028
56761	-0.006
56756	-0.031
56766	-0.035
83413	-0.078
34851	0.001
36976	0.003
56767	-0.084
56763	-0.069
1143	0.0
11460	-0.031
11465	-0.023
1448	-0.064
5775	0.006
10254	-0.006
10411	-0.010
2241	-0.006
62466	-0.006
62485	-0.006
7189	0.010
21106145	0.003
6658	-0.013
11422351	-0.013
25472	-0.129
7150	0.007
32555	-0.358
13854242	-0.015
10181338	0.020
1078	0.0
56787	0.011
35583	0.044
82807	-0.008
56794	-0.003
33386	0.007
33457	-0.007
47912	-0.013
82817	-0.010
46893	-0.056
33280	0.023
35582	-0.024
33304	-0.014
46263	0.016
553171	-0.064
10488	-0.024
11488212	0.009
34667	0.019
34871	-0.031
34873	0.018
56784	0.006
34872	-0.033
970	0.0
556589	0.040
29153	0.0
11917	0.0
62467	0.003
3008	-0.111
204209	0.009
10996	-0.129
880	-0.007
21106581	0.0
15827	0.005
70806	-0.004
11369	0.002
4437893	-0.003
5882	0.009
9824	-0.008
12821	-0.016
71193	-0.056
67270	-0.014
6033	-0.014
7092	-0.014
63968	-0.004
2908	0.129
33407	-0.065
36985	-0.008
35205	-0.028
15637	0.010
82821	-0.097
8329	0.048
15753	-0.008
17339596	0.399
6371	-0.002
10664	-0.048
2625	-0.017
4333	-0.202
6593	0.002
86007	-0.405
13835344	0.015
76154	-0.084
3534	-0.220
7044	0.001
73390	0.093
7279	-0.108
10343	-0.064
185	-0.051
7155	0.052
16359	-0.060
84971	0.0
388391	0.0
11773	0.004
11582	-0.006
7172	-0.026
96749	-0.003
2068	-0.321
5236	-0.218
21782117	-0.078
2991	-0.007
34853	0.032
37745	0.035
36978	0.015
34190	0.0
34191	-0.021
36771	0.014
36710	-0.005
56757	-0.027
549017	-0.040
84347	-0.071
56764	0.005
56758	0.014
47914	-0.038
56762	-0.048
33984	0.011
33983	-0.010
34860	0.019
82738	-0.034
36982	0.015
36979	0.002
47915	-0.056
56783	-0.067
36981	-0.041
37004	-0.018
36980	-0.006
222538	-0.269
13848793	-0.013
6492	0.010
7176	-0.021
12478	0.007
7211	0.0
65523	0.080
11080	-0.037
13090	-0.010
230	0.072
194092	-0.006
11625	-0.026
8282	-0.061
76394	-0.005
82751	-0.048
36989	-0.010
8800	0.0
62060	-0.098
2975965	0.014
33282	0.031
46285	-0.001
46284	0.012
82806	-0.015
56776	-0.034
47913	-0.006
32952	0.011
45446	-0.036
43353	-0.016
56773	0.016
26325089	-0.014
6588	-0.015
2849146	0.240
10437335	0.253
8058	-0.156
589165	-0.003
361	0.063
33281	0.038
56786	0.007
56789	-0.012
33456	-0.061
46264	0.006
9187483	0.0
5978	0.0
10257	-0.114
58563	0.016
2699	-0.058
5739	0.0
13846658	-0.001
6577	-0.014
7145	-0.034
6057	0.004
8816	0.0
659	0.0
955	-0.002
6600	-0.003
13835294	-0.049
8817	0.0
526	0.003
7199	0.007
6514	-0.049
62964	-0.002
6610	-0.127
5553	0.031
36990	-0.007
35912	-0.023
45448	-0.020
36987	0.013
36988	-0.027
2700	0.095
13860	-0.004
33986	0.024
36983	-0.020
36986	0.009
45447	0.002
35566	-0.018
47916	-0.029
46137	-0.061
550258	0.004
33985	0.004
4963	-0.107
7151	-0.017
2928	0.004
8788	0.0
6646	0.0
5554	-0.003
15484	-0.029
20132	-0.022
27749	-0.065
7315	-0.082
789	0.022
6453	-0.092
6753	-0.102
10197150	0.043
9797	0.256
192748	-0.003
8799	0.0
7142	0.008
10437836	0.083
2121	0.085
4268	-0.373
34854	0.020
46136	0.025
82736	-0.026
56759	0.006
36984	0.004
6621	-0.055
17347	-0.010
4103087	-0.078
2925	0.038
3693	-0.006
15517	0.089
56775	0.026
56770	-0.022
11283	0.001
21361761	0.093
36029	0.119
35206	-0.009
64155	-0.032
34192	0.018
82822	-0.019
8763	0.0
14627	-0.006
61739	0.009
8804	0.0
3322	-0.032
13846959	-0.007
5557	-0.308
3438	-0.042
75956	0.880
68568	0.007
4447447	0.297
6775	-0.049
2246	0.0
5113	-0.131
26325182	-0.252
7745	-0.005
11672	0.001
105291	0.086
35108	0.014
28947	-0.040
28552	-0.336
29117	-0.022
60858	0.002
1262	0.001
137720	0.001
6066	0.057
33316	0.016
11286	-0.226
10837	-0.128
5678	0.0
156255	0.011
18336	-0.095
6550	-0.178
5660	-0.009
10292746	-0.078
4449	0.012
12549	-0.009
374462	0.011
256210	-0.004
13662	-0.041
21106059	0.330
8093	0.040
65272	-0.002
9219586	-0.004
4744	0.067
10437239	0.084
3216	-0.156
26286843	0.037
440	0.0
10975	-0.089
8351654	0.034
1710	-0.149
305	-0.058
83191	0.007
541032	-0.047
11489	0.005
5774	-0.001
5026	-0.201
10870	-0.131
89258	0.055
5145918	-0.059
58496	-0.012
92468	0.0
14916	-0.033
5198	0.238
3841535	0.012
11439687	-0.156
4470736	-0.152
4380	-0.138
92494	0.0
4343	-0.182
91432	-0.176
8103122	0.236
3350	-0.119
8124942	-0.161
24722	1.033
133166	0.0
8101973	-0.161
5162	-0.012
3652	-0.167
509179	1.063
40130	0.078
5376	0.154
106796	-0.014
2457	0.004
49179	-0.190
67594	-0.006
5791	0.012
5768	0.364
15520	-0.076
3102535	-0.001
5139	-0.027
4228778	0.880
6688	-0.118
55075	-0.067
10162	0.165
4444479	0.068
4444107	-0.087
4444100	-0.338
5551	0.065
3741	0.020
5233	-0.159
21108577	-0.018
5542	0.101
5552	0.070
19232037	0.092
3513	-0.2
65234	-0.236
472932	0.096
4444553	-0.129
19232038	0.092
6013	0.287
31006	0.301
18547147	0.092
62265	-0.037
21587143	0.092
21486195	0.191
4911	-0.054
2760	0.101
4611	-0.004
21105591	0.145
4471584	-0.093
6002	0.047
4599	-0.455
75995	1.397
5550	0.075
54833	0.130
9786472	0.092
197564	0.045
5633	0.103
5932	0.064
10481872	0.351
193441	0.065
5541	0.144
21105594	0.240
48085	-0.183
21106077	0.115
4067	0.021
5142	0.001
196288	0.092
75662	-0.314
2424	-0.271
4444362	0.123
21106058	0.145
139025	0.092
29400	-0.303
1043	-0.087
6045	-0.168
1253	0.071