Compound Id	AutocorrelationCharge [ATSc2]
502855	-0.337
6191	-0.238
26325183	-0.287
5709	-0.124
6153	-0.314
16425	-0.187
8521	-0.383
23150	-0.053
76894	-0.351
2041618	-0.459
8520	-0.274
66656	-0.062
26824	-0.358
18019	-0.647
11434292	-0.192
26325084	-0.939
6190	-0.213
11919	0.0
10696	-0.434
26325083	-0.831
10451	-0.543
23101	-0.166
122090	-0.183
26325082	-0.722
26325081	-0.613
512621	-0.047
10449	-0.651
26325080	-0.505
66655	-0.060
10652594	-0.753
14021447	-0.396
67991	-0.146
109705	-0.483
17619	-0.071
9256	-0.194
692	-0.078
291	0.0
6084	0.0
6094	0.0
7555	0.0
6120	0.0
7712	0.0
6308	0.0
9646	0.0
10781	0.0
15802	0.0
17976	0.0
7767	0.0
7604	0.0
7010	0.0
6163	0.0
6340	0.0
8560	0.0
11094	0.0
11023	0.0
11055	0.0
10786	0.0
7619	0.0
10755	0.0
11551	0.0
349	0.0
11035	0.0
11104	0.0
10795	0.0
10445	0.0
7849	0.0
17558	0.0
13439	0.0
13402	0.0
14840	0.0
13448	0.0
13619	0.0
7890	0.0
11882	0.0
11883	0.0
10540	0.0
7929	0.0
11897	0.0
11899	0.0
12017	0.0
12072	0.0
11900	0.0
11901	0.0
11146	0.0
11902	0.0
10542	0.0
11906	0.0
8878	0.0
11585	-0.190
11557190	-0.288
10452	-0.326
10784857	-0.913
108106	-0.440
127983	-0.014
78828	-0.179
68328	-0.068
67414	-0.330
13837650	-0.025
13853215	-0.187
9392	-0.193
10765	0.0
7674	0.0
14998	-0.072
10614293	0.0
61149	-0.147
6156	0.0
12201	0.0
11109	0.0
24142	0.0
13622	0.0
16180	0.0
7891	0.0
12446	-0.002
29025	0.0
12635	0.0
11121	0.0
7713	0.0
12809	0.0
7833	0.0
7556	0.0
7954	-0.001
555074	-0.001
7957	-0.002
4516601	-0.001
56442	-0.001
4483639	-0.001
4516599	0.0
4512361	-0.001
4483638	-0.001
4449912	-0.001
4512642	0.0
18410	0.0
22408	0.0
66675	0.0
10113	-0.002
9484	-0.158
23208	0.0
6085	0.0
7024	0.0
15438	0.0
8896	0.0
14751	0.0
221117	0.0
7787	0.0
8908	0.0
8909	0.0
8910	0.0
71433	0.0
22814	0.0
9095782	-0.101
6151	-0.213
14299946	-0.562
6188	-0.167
11099	-0.002
73583	-0.155
7340	-0.056
8158	-0.055
11110	0.0
9642	0.0
12577	-0.155
11996	-0.071
10756390	-0.498
62827	-0.116
7626	-0.068
10265264	0.0
13835550	-0.017
56117	-0.2
11230	-0.067
63631	-0.062
11086	-0.001
21106179	-0.238
11841	-0.092
6402	-0.001
1406720	-0.001
2056044	-0.222
1114	-0.073
14692	-0.001
10179173	0.0
21800	0.0
8544	0.0
7788	0.0
4927801	-0.550
9088156	-0.176
29040	-0.169
10325078	-0.186
55188	-0.087
7624	-0.027
68224	-0.495
24263	-0.001
6364	-0.001
11749	-0.107
14672	-0.087
11228	-0.095
11864	-0.004
12209	-0.004
11857	0.0
391428	-0.001
10733068	-0.622
454638	-0.001
12456	-0.004
17880	-0.004
11845	-0.004
11806	-0.004
9990	-0.008
6309	0.0
7557	0.0
558883	-0.001
56020	-0.001
10124	-0.001
6111	0.0
10265270	0.0
14198	-0.001
7794	-0.035
7180	0.0
9286	-0.147
9411	-0.298
14441700	-0.129
6148	-0.127
6149	-0.174
15765	0.0
553642	0.0
15413	-0.403
7182	-0.003
10669	0.0
66567	-0.221
6132	-0.187
8569	-0.091
12220	-0.091
7823	-0.091
11849	-0.091
10441	-0.106
3168	-0.091
11833	-0.106
455420	-0.106
10709	-0.106
7558	-0.004
6095	-0.006
10179239	0.0
12197	-0.002
11761	-0.011
6108	-0.007
69914	-0.371
59573	-0.230
70850	-0.037
38403	-0.495
11671339	-0.373
7956	-0.121
55090	-0.009
11180	-0.017
274	-0.217
6145	-0.006
10053	-0.006
28993	-0.001
59483	-0.121
11811	-0.041
7777	-0.041
15482	-0.035
454215	-0.158
7856	-0.035
8562	-0.035
10054	-0.009
7730	-0.035
11739	-0.016
11056	-0.016
6146	-0.016
9461	-0.221
654	-0.046
11194	-0.017
6165	-0.016
11216	-0.017
62230	-0.017
16791	-0.006
18717	-0.024
11210	-0.017
518	0.0
11117	0.0
205483	-0.107
10979	-0.005
61346	-0.221
6186	-0.150
391	0.0
69371	-0.007
69569	-0.255
6310	-0.012
7606	-0.012
7181	-0.006
99596	-0.119
23255	-0.009
6123	-0.008
4514529	0.0
11351244	-0.004
499714	-0.062
78467	-0.084
16841	-0.175
2062437	-0.149
61266	-0.045
15954	-0.024
11819	-0.023
7622	-0.023
99440	-0.023
11239	-0.024
11543	-0.024
10790	-0.024
6187	-0.147
2656	-0.051
6827	0.0
20939	-0.002
9016	-0.160
7817	-0.079
11788	-0.061
13835316	-0.032
6270	-0.699
454209	-0.071
9633	-0.038
9377	-0.038
9243	-0.037
11148	-0.054
923	0.0
6121	-0.012
8576	-0.012
7851	-0.012
15387	-0.012
6315	-0.013
7811	-0.012
7835	-0.012
7769	-0.012
7716	-0.012
7564	-0.012
6101	-0.012
6089	-0.017
6118	-0.008
8577	-0.005
14349	-0.005
7852	-0.005
14680	-0.005
7776	-0.005
7330	-0.002
6122	-0.003
63863	-0.190
2282428	-0.142
15486	-0.024
7732	-0.078
18920	-0.023
11861	-0.023
123993	-0.024
11036	-0.024
11029	-0.024
11794	-0.023
11732	-0.034
10511	-0.023
21011	-0.023
11678	-0.024
7533	-0.034
3644	-0.023
6320	-0.023
10947	-0.024
6164	-0.034
11729	-0.017
9254	-0.148
9251	-0.138
6307	-0.012
62589	-0.035
7686	-0.031
13837280	-0.032
9253	-0.133
13255	-0.067
10512	-0.018
13837797	-0.114
16641	-0.008
6098	-0.011
10536	-0.015
7827	-0.015
9233	-0.015
18607	-0.017
5730	-0.140
3441	-0.156
83734	-0.126
217	0.0
56559	-0.034
9053802	-0.034
10787	-0.024
29000	-0.034
11793	-0.034
10526	-0.018
120464	-0.009
7434	-0.034
7459	-0.034
11024	-0.034
6312	-0.034
8398	-0.034
24590970	-0.119
7733	-0.067
56144	-0.147
23055	-0.101
6130	-0.147
7850	-0.018
11865	-0.018
7714	-0.018
10437	-0.018
6097	-0.018
12219	-0.012
7848	-0.012
61487	-0.006
11863	-0.012
7810	-0.012
7766	-0.012
7711	-0.012
7552	-0.012
6092	-0.012
7791	-0.035
12010	-0.004
11830	-0.004
10497	-0.004
31029	-0.004
6100	-0.004
12228	0.0
6042	-0.076
553742	-0.016
13836713	-0.008
13803	-0.446
11898	-0.034
72522	-0.034
7928	-0.034
14348	-0.034
2581	-0.034
11891	-0.034
7917	-0.034
7915	-0.034
7901	-0.034
7892	-0.034
7882	-0.034
8574	-0.034
932	-0.034
7812	-0.034
7837	-0.034
6040	-0.034
258	-0.034
1004	-0.034
682	-0.033
7815	-0.005
7560	-0.005
6103	-0.005
6635	-0.043
14829	-0.1
6087	-0.025
11525	-0.030
7721	-0.005
6083	-0.017
1039	-0.019
6088	-0.005
864	-0.048
13837281	-0.045
937	0.0
56232	-0.014
71390	-0.131
5979	-0.110
13837190	-0.305
7074	-0.189
15077490	-0.129
13872989	-0.043
13638	-0.035
7170	0.0
10534	-0.002
6128	-0.101
9391	-0.150
6086	0.0
10410	0.0
68503	-0.474
10675065	-0.173
14694	-0.119
7090	-0.163
7028	-0.078
63156	-0.034
12626	-0.032
62597	-0.031
15803	-0.024
10487	-0.013
13492	0.0
15747	0.0
8356	0.0
13849981	-0.021
12933	-0.414
6105	-0.147
18971812	-0.088
14688	-0.014
6125	-0.049
13835977	-0.018
5977	-0.110
71876	-0.189
7128	0.0
7183	0.0
7088	0.0
15461	0.0
13299573	-0.213
107412	-0.111
7073	-0.169
455353	-0.116
16778	-0.116
7705	-0.105
2340753	-0.118
7728	-0.131
8554	-0.091
10340	-0.078
21112738	-0.040
4481813	0.002
13487	0.0
7385	0.0
8531	0.0
7448	0.0
4514586	0.0
764	-0.044
10325184	-0.108
6406	-0.203
12066	-0.274
7738	-0.090
7098	-0.181
10404	0.0
7419	0.0
7219	0.0
11660	0.0
6999	0.0
5026296	-0.024
18688	-0.170
7737	-0.090
13871721	-0.045
1108	0.0
236	0.0
7521	0.0
7641	0.0
7659	0.0
11871	-0.003
55130	-0.157
10433	-0.167
11992	-0.157
13836399	-0.116
7703	-0.076
10253	0.0
60886	-0.045
83962	-0.156
12161	-0.752
7671	-0.155
10446	-0.148
62249	-0.184
11526	-0.422
13571291	-0.025
71312	-0.132
7026	-0.024
7678	-0.024
9970	-0.024
7672	-0.009
7786	-0.003
8335	0.0
6301	-0.021
10606755	-0.183
7657	-0.167
22453	-0.168
7065	-0.168
11193	-0.097
13836591	-0.116
13875283	-0.027
7553	-0.018
11409	0.0
13249	-0.093
3631	-0.476
13835836	-0.225
55084	-0.167
7694	-0.167
7482	-0.167
11716	-0.167
11045	-0.167
7515	-0.167
13836549	0.0
7546	-0.081
7677	-0.009
13836674	-0.025
2293678	-0.153
6967	0.0
6977	0.0
21168808	-0.013
960	-0.093
6177	-0.097
61213	-0.068
20545	-0.093
7472	-0.155
11207996	-0.136
29016	-0.165
7747	-0.166
7627	-0.155
10571	-0.182
7076	-0.189
6649	-0.095
8012	-0.095
7003	-0.199
13854944	-0.099
6104	-0.070
4937830	-0.023
61191	-0.185
9614	-0.027
7739	-0.015
8883	0.0
7757	-0.167
7511	-0.167
7509	-0.167
29005	-0.167
10420	-0.167
7478	-0.396
7475	-0.167
7463	-0.167
6333	-0.107
21111806	-0.042
10364	-0.002
21111820	-0.015
21171407	-0.007
3210	-0.049
10756	-0.016
11910	-0.046
7469	-0.093
7064	-0.095
60329	-0.098
13842001	-0.088
13850082	-0.153
21106169	-0.153
7872	-0.165
7875	-0.165
7913	-0.165
7670	-0.024
8568	-0.165
14846	-0.181
7800	-0.181
11843	-0.165
29012	-0.165
10797	-0.025
7538	-0.181
7536	-0.181
11755	-0.227
7706	-0.165
7761	-0.237
10492	-0.237
11680	-0.181
11706	-0.181
10653	-0.181
68179	-0.189
10001	-0.093
6341	-0.095
11727	-0.198
7727	-0.113
3951	-0.113
21108550	-0.049
13836021	-0.069
9724	0.0
11731	-0.007
8950	0.0
14866	0.0
6720	-0.025
13850142	-0.016
558917	-0.048
11153	-0.105
7559	-0.056
558928	-0.016
415	-0.020
390927	-0.016
10236	0.0
7012	-0.045
11065	-0.044
28981	-0.045
99681	-0.148
8525	-0.165
6176	-0.025
7081	-0.045
6313	-0.045
13837702	-0.023
9903	0.0
13849989	-0.048
55123	-0.237
12012	-0.237
7534	-0.024
10791	-0.025
11125	-0.237
7782	-0.237
8552	-0.093
7701	-0.093
6316	-0.022
9325	-0.038
13866593	-0.024
11911	-0.073
55091	-0.105
552744	-0.110
7888	-0.093
12013	-0.093
123860	-0.183
28986	-0.024
2863	-0.093
6335	-0.179
7803	-0.093
259	-0.093
7616	-0.150
171	-0.091
24641	-0.031
7129	-0.001
7866	-0.093
3756	-0.093
10033	-0.093
30713	-0.105
10788	-0.024
7621	-0.024
8329688	-0.066
10777	-0.024
441	-0.044
7838	-0.044
5949	-0.044
370	-0.093
29029	-0.044
7772	-0.044
256	-0.044
512	-0.044
1005	-0.093
2018460	-0.139
21169510	-0.220
48024	-0.099
7013	-0.025
7676	-0.013
13875281	-0.013
7220	0.0
7248	0.0
11661	0.0
12674	0.0
8097	0.0
12071	-0.093
10035	-0.093
12972	-0.024
9976	-0.024
7514	-0.024
215929	-0.024
11025	-0.024
7734	-0.236
7016	-0.024
1087	-0.149
60524	0.006
72551	-0.030
763	0.0
1095	-0.015
6179	-0.090
2038738	-0.123
11154	-0.037
12259	0.0
3973	-0.267
13836589	-0.212
172	-0.043
13836520	-0.179
22191	-0.030
75951	-0.030
72793	-0.031
13835336	-0.034
13875230	-0.013
18219	-0.008
4514549	0.0
10801109	-0.566
15016	-0.012
29004	-0.389
7871	-0.023
21153	-0.023
7802	-0.023
12218	-0.023
12632	-0.023
7760	-0.023
11095	-0.023
21106173	-0.389
7607	-0.023
13866746	-0.025
7577	-0.250
7506	-0.046
13835861	-0.032
6326	-0.050
9228	-0.037
29036	-0.085
13838404	-0.073
7239	-0.015
11647	-0.155
7530	-0.129
21106535	-0.030
6119	-0.096
10251740	-0.171
9326	-0.036
2916	-0.047
558875	-0.009
6106	-0.015
3544	-0.095
1266019	-0.180
109838	-0.197
6321	-0.023
175	-0.023
13874867	-0.177
6314	-0.060
4510484	-0.062
68832	-0.030
62530	-0.031
13842613	-0.027
7391	-0.080
7984	-0.074
11809	-0.043
7242	-0.031
58234	-0.024
26325086	-0.405
13862665	-0.175
15443	-0.045
124968	-0.194
9581	-0.114
66809	-0.165
221082	0.0
13875320	-0.009
6642	0.0
62826	-0.111
13835376	-0.182
127750	-0.198
12442	-0.037
13857694	-0.021
7673	-0.009
7443	-0.012
7662	-0.024
1609	-0.113
363458	-0.115
7684	-0.158
61111	-0.056
13875196	-0.118
11042	-0.031
24972	-0.058
28992	-0.062
13875160	-0.013
13875258	-0.009
73479	-0.012
8935	-0.058
15093	-0.106
9994	-0.084
29015	-0.182
278	-0.152
4446445	-0.058
4444608	-0.058
394562	-0.058
13839199	-0.031
18724	-0.035
7238	-0.095
21105959	-0.096
13866817	-0.024
13875392	-0.009
13839575	-0.303
6322	-0.030
558020	-0.127
733	-0.048
6342	-0.070
21132380	-0.031
7551	-0.017
12244	-0.024
1266393	-0.064
13677	0.0
124	-0.117
132	-0.117
21106015	-0.037
65750	-0.035
63903	-0.035
10940	-0.031
13865438	-0.095
7223	-0.012
13868640	-0.016
29001	-0.030
59674	-0.031
21106135	-0.095
10248	-0.024
13837988	-0.018
8528	-0.085
8900	-0.103
10400	-0.038
8067	0.0
13839109	-0.253
13837537	-0.125
21105905	-0.035
11077	-0.035
13839123	-0.024
9911	-0.024
13839174	-0.024
906	0.0
7630	-0.223
13865426	-0.163
13884973	-0.032
10710415	-0.324
8543	-0.030
13835604	-0.091
6093	-0.058
59447	-0.066
21106560	-0.035
20843	-0.062
15965	-0.169
70682	-0.024
13658	-0.054
11862	-0.024
7710	-0.020
7809	-0.024
7765	-0.023
69177	-0.024
21111822	-0.003
6794	-0.051
7681	-0.003
26516	-0.004
17131	-0.449
10772140	-0.092
7190	-0.095
63054	-0.025
18801	-0.046
68156	-0.046
21106520	-0.035
16119	-0.024
10244	-0.024
924	-0.062
13862559	-0.024
6788	0.0
7131	-0.024
7466	-0.291
13861343	-0.096
73412	-0.029
8904	-0.069
13874733	-0.035
24535	-0.062
25552	-0.062
10437215	-0.186
12225	-0.085
13839151	-0.024
13848808	-0.187
8140	-0.032
11087	-0.003
10909	0.0
10918	0.0
15489	-0.013
2441	-0.025
12499	0.0
7480	-0.093
10939	-0.025
7018	-0.039
11784	-0.044
13839128	-0.024
8868	-0.079
7518	-0.020
21106019	-0.057
7528	-0.062
24533	-0.066
1020	-0.035
2039535	-0.185
13839110	-0.024
21105998	-0.024
13865680	-0.024
11604	-0.024
8374	-0.169
21106586	-0.167
11756	-0.096
8733	-0.039
13835459	-0.069
71089	-0.083
7688	-0.066
8902	-0.006
10937	-0.035
6897	-0.168
773	-0.102
17443	-0.2
6883	-0.183
11785	-0.041
15495	-0.173
1141	-0.217
7240	-0.036
503239	-0.167
13860641	-0.009
6974	-0.024
21106571	-0.020
10908	0.0
3463	-0.009
16388	-0.631
6828	0.0
7161	-0.035
592	-0.095
8141	-0.024
7679	-0.024
4444456	-0.033
83866	-0.034
66996	-0.154
21105897	-0.173
15427	-0.012
5830	-0.034
13840690	-0.018
13839105	-0.024
11667	-0.106
13835772	-0.024
61538	-0.024
238	-0.095
13864445	-0.019
21108548	-0.028
13047	-0.015
21106163	-0.023
967	-0.002
13876103	-0.115
2018165	-0.096
14256731	-0.059
6311	-0.016
11699	-0.287
12643	-0.031
83850	-0.034
30595	-0.183
13839082	-0.024
13865424	-0.045
13853758	-0.009
13860335	-0.034
4366810	-0.287
10422	-0.287
11695	-0.287
13229	-0.032
24099	-0.044
11576	-0.095
7175	-0.183
7157	-0.183
12060	-0.024
14678	-0.024
11021	-0.034
21105871	-0.024
466305	-0.153
13837686	-0.027
61411	-0.024
917	-0.090
21106519	-0.009
65	-0.031
13029	-0.022
13875356	-0.014
19766	-0.016
12044	0.0
12682	0.0
10181341	-0.093
748	-0.059
71628	-0.065
7568	-0.037
13839553	-0.055
9363	-0.097
6296	-0.035
9574	-0.116
971	-0.024
13846663	-0.024
21106091	-0.024
10246	-0.024
70715	-0.139
13871718	-0.034
2654	-0.319
9547	-0.1
92731	-0.116
62632	-0.016
78998	-0.016
11884	-0.016
16177	-0.016
15853	-0.016
67360	-0.016
11866	-0.016
15846	-0.016
7566	-0.016
29026	-0.016
11846	-0.016
7770	-0.016
7717	-0.016
6102	-0.016
21109330	-0.023
10948	-0.041
13835293	-0.058
13835224	-0.041
13839441	-0.067
13835235	-0.048
62808	-0.116
7236	0.006
11589	-0.095
79969	-0.095
21106366	-0.024
62310	-0.173
7420	-0.018
28982	-0.024
19709	-0.088
21168831	-0.018
55443	-0.034
453675	-0.034
60121	-0.099
69340	-0.034
10992	-0.034
6633	-0.025
16804	-0.024
21159695	-0.009
455090	-0.203
57726	-0.017
7234	-0.037
6630	-0.009
71437	-0.006
13063	0.0
558878	-0.062
2005981	-0.031
25886	-0.043
71430	-0.379
7736	-0.035
447	-0.114
21106525	-0.009
18707	-0.029
559096	-0.1
13868660	-0.015
707	0.0
7140	-0.095
8070	-0.095
387	0.008
10018	-0.269
61001	-0.185
13854136	-0.009
1664	-0.038
20570	-0.119
13854248	-0.015
7001	-0.029
11366	-0.026
21106540	-0.018
21106570	-0.012
15855	-0.035
7790	-0.533
13835209	-0.065
8903	-0.101
62489	-0.123
8899	-0.070
13634	-0.035
13630	-0.038
13869434	-0.009
553578	-0.062
66565	-0.150
10437135	-0.180
66021	-0.102
7221	-0.034
10857	-0.026
7383	-0.012
13030	-0.025
6339	-0.047
6736	0.0
10851	0.0
10850	0.0
23977588	-0.270
434	-0.104
24043	-0.026
12069	0.004
191367	0.004
11799	0.004
7615	0.004
6338	0.004
11265	-0.026
6135	-0.001
72056	-0.067
34095	-0.067
18685	-0.067
62628	-0.067
67653	-0.036
11875	-0.067
21106032	-0.035
7021	-0.201
1348	-0.133
66896	-0.025
62534	-0.183
62408	-0.183
7389	-0.183
13848467	-0.105
72556	-0.104
13835151	-0.009
10991	-0.009
13860692	-0.009
13869462	-0.009
38364	-0.017
12045	0.0
2003	-0.004
17784	-0.027
12637	-0.379
13839416	-0.067
11694	-0.192
29008	-0.035
2606	-0.120
21106524	-0.045
12823	-0.046
5889	-0.009
81815	-0.118
13840647	-0.009
13875212	-0.012
9579	-0.120
21105859	-0.129
19475	-0.030
9874	-0.095
13647	0.007
9350	-0.046
21168826	-0.045
10801842	-0.104
65785	-0.174
13860491	-0.009
6780	-0.031
10841	0.0
5593	-0.096
25889	-0.029
25890	-0.032
10227261	-0.075
220998	-0.032
12954	-0.032
9454	-0.120
9360	-0.040
13851576	-0.012
21105848	-0.142
12047	0.0
16736498	-0.270
913	-0.119
6478	0.0
6745	-0.095
8912	-0.363
12229	0.003
6898	-0.031
10849	0.0
11038	-0.011
89076	-0.124
21105870	-0.044
199342	-0.045
19477	-0.032
6287	-0.578
13811	-0.252
14169248	-0.011
1019	-0.003
10437074	-0.106
21105878	-0.188
21168813	-0.024
235	-0.045
8186	-0.024
11596	-0.173
13860775	-0.101
6674	-0.091
11083	-0.031
2206	-0.239
13872122	-0.012
8098	-0.035
10328	-0.022
6737	-0.013
6789	-0.013
15861	0.0
7600	-0.061
4445317	-0.035
11632	-0.032
7961	-0.081
13885245	-0.167
8674	-0.185
7132	-0.024
13856352	-0.012
8071	-0.093
11783	-0.040
10980	-0.103
21106172	-0.025
27488	-0.017
10813	0.0
7202	-0.011
30516	-0.032
26325090	-0.026
21112023	-0.050
13876539	-0.044
21106018	-0.034
68676	-0.196
551	-0.068
11776	-0.016
66895	-0.025
66887	-0.025
9893	-0.025
63518	-0.025
59482	-0.025
6881	-0.025
13839308	-0.016
10586285	-0.260
218253	-0.013
8341	-0.024
20198	-0.190
7689	-0.071
63310	-0.304
7299	0.0
10829	0.0
191	-0.186
12957	-0.037
84036	-0.032
68152	-0.031
24041	-0.037
19953955	-0.070
13835630	-0.153
14556	-0.198
21106140	-0.193
13863618	-0.054
13837787	0.006
1361549	-0.062
10831	0.0
23886	-0.025
33421	-0.021
992	-0.176
70714	-0.103
13875432	-0.030
12640	-0.099
6480	-0.031
15755	-0.021
14995	-0.024
14994	-0.025
67470	-0.026
15476	-0.025
15756	-0.025
1906	-0.110
6592	0.0
21943	-0.037
10106	-0.579
19956441	-0.070
11930	-0.270
10384035	-0.252
65936	-0.084
14227	-0.034
11584	-0.190
13867714	-0.063
6706	-0.101
6916	-0.191
19957731	-0.070
10205670	-0.103
120489	-0.266
13875219	-0.034
7302	-0.068
70660	-0.347
16387	-0.610
502245	-0.270
5708	-0.032
16159	-0.019
13648	-0.057
9349	-0.033
63889	0.0
13835126	-0.036
10437210	-0.007
768	-0.250
34863	-0.032
23730	-0.037
23621376	-0.070
11332993	-0.089
21106146	0.007
12231	-0.129
13837760	-0.034
10008	-0.062
10972	-0.101
2079	-0.239
13869451	-0.017
4759	-0.471
33617	-0.472
11961	-0.019
15619	0.0
6739	-0.024
953	-0.103
331	-0.098
15789876	-0.093
7224	-0.017
11600	-0.113
21106144	0.007
13863774	0.007
10243171	-0.089
7138	0.007
4878	-0.038
6604	-0.047
25677	-0.039
6840	-0.069
4590	-0.166
12816	-0.076
21111781	-0.130
123207	0.002
776	-0.031
15475	-0.018
15477	-0.021
15478	-0.018
15524	-0.026
2297441	-0.331
158870	-0.032
157093	-0.033
83374	-0.033
457144	-0.029
135925	-0.032
457145	-0.036
8807	0.0
8182	-0.188
19476	-0.042
13871489	-0.293
28969	-0.155
13863629	-0.124
7278	-0.181
13644	-0.055
21106014	-0.047
13869480	-0.1
42330	-0.239
13869339	-0.020
13875441	-0.027
30881	-0.474
14620	-0.474
6852	-0.095
6735	-0.009
30572	-0.177
392447	-0.110
67465	-0.089
4962	-0.048
21106013	0.002
577	-0.204
26260	0.0
4932499	0.0
4575338	-0.167
12586	-0.013
7964	-0.033
6193	-0.033
86394	-0.238
13860817	-0.022
21111772	-0.021
15620	0.0
11708	-0.005
6079	-0.107
13859497	-0.297
9943	-0.072
28973	-0.1
62517	-0.096
456015	-0.132
63906	-0.053
1446	-0.111
12133	-0.478
15621	0.0
11632871	-0.448
13856009	-0.053
79280	-0.096
27296	-0.1
11651	-0.1
8657	-0.112
8665	-0.116
4575	-0.239
13842573	-0.030
8876	0.0
63908	-0.082
10181339	-0.093
86435	-0.188
21106020	-0.003
15488	-0.013
84188	-0.025
136000	-0.030
135983	-0.031
136001	-0.030
136002	-0.026
136003	-0.030
84235	-0.031
10438331	0.009
82755	-0.039
82712	-0.038
157094	-0.038
103011	-0.037
102798	-0.037
82762	-0.040
13849665	-0.475
24326358	-0.101
5894	-0.041
15702	-0.389
221226	-0.066
5976	-0.228
68437	0.0
26010	-0.018
30600	-0.026
33455	-0.021
33934	-0.026
33932	-0.024
5807	-0.366
34866	-0.030
34665	-0.033
34664	-0.036
37904	-0.025
34864	-0.034
34188	-0.024
34865	-0.034
11974	-0.015
10771217	-0.110
33416	-0.454
15409	-0.167
21106036	-0.007
120548	-0.054
11591	-0.140
11778	-0.021
44152	-0.234
11954	-0.016
8855	-0.098
11769	-0.023
18941	-0.344
29282	-0.349
6586	-0.095
2915	-0.011
13328	-0.060
8960	0.0
10772050	-0.129
7225	-0.045
70652	-0.188
7685	-0.062
7208	-0.190
21111817	-0.045
20124	-0.036
7406	-0.188
10498	-0.018
70988	-0.173
9564	-0.034
2923	-0.013
21106470	-0.062
10432	-0.025
56793	-0.036
454495	-0.038
40191	-0.035
56791	-0.040
35581	-0.043
56774	-0.042
82765	-0.042
7042	-0.082
2185	0.001
4760	-0.345
12874	-0.346
13853953	0.011
6988	-0.032
13869414	-0.102
13860720	-0.021
11294	-0.034
457140	-0.019
27793	-0.019
82754	-0.030
457138	-0.032
102897	-0.031
457139	-0.027
102947	-0.032
97173	-0.036
102720	-0.036
102801	-0.031
102833	-0.035
102721	-0.037
102856	-0.036
102933	-0.035
103066	-0.034
97172	-0.036
64016	-0.112
4450907	-0.167
120621	-0.089
12445	-0.086
20119	-0.092
7030	-0.387
13835932	-0.048
13257	0.003
2937774	-0.158
62484	-0.185
1015	-0.209
87265	-0.048
12699	0.0
21429023	-0.014
10892	-0.175
376	-0.186
13837303	-0.324
78	-0.043
13837329	-0.352
11595	-0.157
4745	-0.233
4768	-0.360
20848	-0.361
65701	-0.027
8273	0.002
12705	-0.349
8183	-0.083
11563	-0.096
59577	-0.121
61707	-0.062
11610	-0.090
7397	-0.061
6675	-0.091
11588	-0.097
2283071	0.0
8319	-0.009
11003	-0.027
13104	-0.026
6334	-0.096
206561	-0.173
64699	-0.222
21106008	-0.234
5091	-0.093
55205	-0.092
13816	-0.098
11244	-0.198
247721	-0.181
71	-0.122
2169	-0.363
13303	-0.352
13302	-0.354
4489	-0.072
13835706	-0.469
26765	-0.098
192642	-0.099
122446	-0.1
21181	-0.098
11752	-0.092
2275	-0.147
10464	-0.061
6330	-0.061
11795	-0.061
173	-0.059
3918	-0.226
6790	-0.009
106355	-0.030
102741	-0.039
97055	-0.040
97198	-0.038
5993	-0.180
693	-0.102
28682	-0.085
191058	-0.118
5596	-0.024
18	-0.103
6807	-0.027
13856959	-0.169
553649	0.0
13848341	-0.347
10864	0.012
5027	-0.367
2271976	-0.288
10169	0.0
8860	-0.027
10986	-0.119
5915	-0.153
7146	-0.122
6838	-0.140
34874	-0.036
36972	-0.031
56788	-0.038
533188	-0.036
35579	-0.041
16182	-0.041
46262	-0.036
35580	-0.044
82818	-0.037
56790	-0.021
56795	-0.038
33458	-0.024
82777	-0.037
35584	-0.039
56785	-0.041
56792	-0.037
34189	-0.047
34859	-0.046
84346	-0.038
56760	-0.045
56755	-0.041
33666	-0.045
8030	-0.095
8060	-0.174
13867413	-0.162
7310	-0.284
6781	-0.075
21106365	-0.039
13865630	-0.319
26325085	-0.054
26325087	-0.036
26325088	-0.049
7241	-0.058
12061	-0.016
61765	-0.049
15473	-0.026
17099	-0.018
17098	-0.026
33933	-0.021
15474	-0.026
34868	-0.031
37905	-0.019
34869	-0.031
37918	-0.024
37915	-0.033
34867	-0.037
25605	-0.024
26011	-0.037
34870	-0.031
34666	-0.033
21924	-0.034
36973	-0.041
37744	-0.032
46894	-0.038
45444	-0.044
56769	-0.035
56780	-0.043
34847	-0.047
39406	-0.041
35081	-0.043
56781	-0.044
56771	-0.046
3584	-0.310
6842	-0.023
4624	-0.067
10101	-0.617
10025	-0.186
5004	-0.186
28994	-0.144
9218	-0.110
13835351	-0.362
6773	-0.362
102834	-0.025
102722	-0.030
154865	-0.035
96948	-0.037
102743	-0.036
102857	-0.036
154866	-0.034
106356	-0.031
102787	-0.036
97240	-0.037
102742	-0.035
136966	-0.085
13054	-0.037
7636	-0.380
71787	-0.190
21105795	-0.065
11629	-0.155
13853943	0.012
21105699	-0.070
5439	-0.248
29107	-0.130
7029	-0.162
19231	-0.261
67460	-0.016
299166	-0.016
9873	-0.030
17868	-0.098
13860434	-0.155
123	-0.068
2157	-0.234
13850879	-0.444
6524	-0.325
8243	-0.325
6528	-0.325
13837319	-0.325
8241	-0.325
11422	-0.132
6855	-0.024
13839012	-0.024
2927	-0.064
69982	0.043
6774	-0.2
9965	-0.117
8262	0.002
10903	-0.024
206493	-0.127
97257	-0.029
97224	-0.032
102923	-0.030
96868	-0.034
96864	-0.035
97234	-0.036
97233	-0.035
154062	-0.032
97142	-0.036
4777	-0.120
2075	-0.067
18177	-0.183
6665	-0.143
21106148	-0.085
6023	-0.031
65763	-0.034
56782	-0.042
36977	-0.044
83414	-0.041
84348	-0.030
82823	-0.044
13846749	-0.191
11107	-0.156
11586	-0.174
21106518	-0.031
9120	0.027
3277	-0.121
1278	-0.063
6907	-0.191
844	-0.132
62472	-0.170
6950	0.001
744	-0.280
4444102	-0.108
26563	-0.545
6035	-0.047
3548	-0.155
392	-0.030
21108576	-0.032
1151	-0.323
10628694	-0.012
36975	-0.036
56778	-0.042
43354	-0.039
37779	-0.030
45445	-0.044
36974	-0.047
35585	-0.042
34848	-0.044
84344	-0.033
34850	-0.043
82819	-0.036
56772	-0.045
82820	-0.034
16415	-0.013
56779	-0.036
56768	-0.042
56777	-0.044
84345	-0.040
34668	-0.047
16736486	-0.014
8470	-0.241
8111	0.0
10616	-0.064
21106900	-0.135
1577	-0.135
642951	-0.166
12730	-0.450
6835	-0.009
13300034	-0.048
96965	-0.029
33198	-0.029
82783	-0.037
34852	-0.042
37000	-0.040
37019	-0.047
56765	-0.040
39198	-0.041
82740	-0.024
56761	-0.037
56756	-0.043
56766	-0.042
83413	-0.046
34851	-0.047
36976	-0.045
56767	-0.047
56763	-0.043
1143	-0.116
11460	-0.099
11465	-0.094
1448	0.027
5775	-0.023
10254	-0.062
10411	-0.1
2241	-0.062
62466	-0.062
62485	-0.062
7189	-0.047
21106145	-0.014
6658	-0.070
11422351	-0.070
25472	-0.238
7150	-0.207
32555	-0.366
13854242	-0.176
10181338	-0.189
1078	-0.170
56787	-0.032
35583	-0.036
82807	-0.037
56794	-0.039
33386	-0.032
33457	-0.018
47912	-0.037
82817	-0.037
46893	-0.041
33280	-0.042
35582	-0.044
33304	-0.037
46263	-0.032
553171	-0.388
10488	-0.166
11488212	-0.147
34667	-0.031
34871	-0.033
34873	-0.031
56784	-0.019
34872	-0.033
970	0.0
556589	-0.152
29153	0.0
11917	0.0
62467	-0.071
3008	-0.242
204209	-0.1
10996	-0.238
880	-0.089
21106581	-0.016
15827	-0.022
70806	-0.045
11369	-0.019
4437893	-0.188
5882	-0.087
9824	-0.025
12821	-0.034
71193	-0.105
67270	-0.069
6033	-0.069
7092	-0.069
63968	0.003
2908	-0.172
33407	-0.038
36985	-0.034
35205	-0.040
15637	-0.043
82821	-0.033
8329	-0.048
15753	-0.089
17339596	-0.406
6371	-0.047
10664	-0.007
2625	-0.134
4333	-0.318
6593	-0.027
86007	-0.305
13835344	-0.119
76154	-0.140
3534	-0.217
7044	-0.078
73390	-0.227
7279	-0.229
10343	0.027
185	-0.226
7155	-0.060
16359	-0.078
84971	-0.048
388391	-0.048
11773	-0.030
11582	-0.003
7172	0.025
96749	-0.054
2068	-0.404
5236	-0.398
21782117	-0.075
2991	-0.025
34853	-0.037
37745	-0.035
36978	-0.042
34190	-0.047
34191	-0.038
36771	-0.041
36710	-0.047
56757	-0.039
549017	-0.026
84347	-0.041
56764	-0.041
56758	-0.043
47914	-0.044
56762	-0.026
33984	-0.042
33983	-0.048
34860	-0.041
82738	-0.043
36982	-0.041
36979	-0.046
47915	-0.032
56783	-0.040
36981	-0.043
37004	-0.035
36980	-0.046
222538	-0.263
13848793	-0.157
6492	-0.046
7176	-0.205
12478	-0.038
7211	0.017
65523	-0.241
11080	-0.027
13090	0.001
230	-0.168
194092	-0.062
11625	-0.094
8282	-0.038
76394	-0.005
82751	-0.030
36989	-0.032
8800	0.0
62060	-0.291
2975965	-0.043
33282	-0.037
46285	-0.031
46284	-0.042
82806	-0.040
56776	-0.045
47913	-0.031
32952	-0.042
45446	-0.045
43353	-0.040
56773	-0.043
26325089	-0.123
6588	0.007
2849146	-0.273
10437335	-0.259
8058	-0.163
589165	-0.055
361	-0.119
33281	-0.036
56786	-0.032
56789	-0.039
33456	-0.041
46264	-0.032
9187483	-0.009
5978	-0.029
10257	0.046
58563	-0.084
2699	-0.121
5739	0.0
13846658	-0.024
6577	-0.026
7145	0.004
6057	-0.076
8816	0.0
659	-0.002
955	-0.013
6600	-0.061
13835294	-0.040
8817	0.0
526	-0.037
7199	-0.111
6514	-0.040
62964	-0.014
6610	-0.098
5553	-0.058
36990	-0.030
35912	-0.037
45448	-0.035
36987	-0.039
36988	-0.035
2700	-0.124
13860	-0.001
33986	-0.036
36983	-0.038
36986	-0.041
45447	-0.029
35566	-0.031
47916	-0.039
46137	-0.033
550258	-0.042
33985	-0.041
4963	-0.068
7151	0.001
2928	-0.103
8788	0.0
6646	-0.048
5554	-0.048
15484	-0.022
20132	-0.033
27749	-0.328
7315	-0.378
789	-0.190
6453	-0.041
6753	-0.077
10197150	-0.204
9797	-0.344
192748	-0.148
8799	0.0
7142	-0.113
10437836	-0.139
2121	-0.096
4268	-0.195
34854	-0.036
46136	-0.038
82736	-0.039
56759	-0.043
36984	-0.043
6621	-0.164
17347	-0.031
4103087	0.038
2925	-0.134
3693	-0.120
15517	-0.146
56775	-0.037
56770	-0.040
11283	-0.004
21361761	-0.150
36029	-0.264
35206	-0.029
64155	-0.244
34192	-0.035
82822	-0.032
8763	0.0
14627	0.006
61739	-0.046
8804	0.0
3322	-0.251
13846959	0.0
5557	-0.366
3438	-0.126
75956	-0.435
68568	-0.070
4447447	-0.245
6775	-0.019
2246	0.0
5113	-0.248
26325182	-0.214
7745	-0.109
11672	-0.032
105291	-0.144
35108	-0.037
28947	-0.076
28552	-0.379
29117	-0.033
60858	-0.060
1262	-0.190
137720	-0.190
6066	-0.119
33316	-0.038
11286	-0.097
10837	0.046
5678	0.0
156255	-0.012
18336	-0.029
6550	-0.128
5660	-0.049
10292746	-0.075
4449	-0.012
12549	-0.014
374462	-0.011
256210	0.003
13662	0.024
21106059	-0.551
8093	-0.040
65272	-0.060
9219586	-0.093
4744	-0.157
10437239	-0.139
3216	-0.404
26286843	-0.068
440	-0.048
10975	0.021
8351654	-0.249
1710	-0.218
305	-0.209
83191	-0.191
541032	-0.019
11489	-0.078
5774	-0.192
5026	-0.226
10870	0.036
89258	-0.061
5145918	-0.343
58496	-0.122
92468	-0.192
14916	-0.014
5198	-0.231
3841535	-0.052
11439687	-0.177
4470736	-0.544
4380	-0.258
92494	-0.192
4343	-0.378
91432	-0.362
8103122	-0.268
3350	-0.113
8124942	-0.358
24722	-0.507
133166	-0.262
8101973	-0.358
5162	-0.293
3652	-0.349
509179	-0.527
40130	-0.210
5376	-0.444
106796	-0.074
2457	-0.181
49179	-0.309
67594	-0.014
5791	-0.059
5768	-0.343
15520	-0.317
3102535	-0.008
5139	-0.248
4228778	-0.557
6688	0.078
55075	-0.006
10162	-0.715
4444479	-0.3
4444107	-0.244
4444100	-0.1
5551	-0.106
3741	-0.132
5233	-0.290
21108577	-0.277
5542	-0.247
5552	-0.116
19232037	-0.248
3513	-0.199
65234	-0.198
472932	-0.142
4444553	-0.304
19232038	-0.248
6013	-0.303
31006	-0.326
18547147	-0.248
62265	-0.140
21587143	-0.248
21486195	-0.624
4911	-0.234
2760	-0.245
4611	-0.093
21105591	-0.226
4471584	-0.247
6002	-0.068
4599	-0.239
75995	-0.689
5550	-0.107
54833	-0.237
9786472	-0.247
197564	-0.085
5633	-0.143
5932	-0.084
10481872	-0.794
193441	-0.104
5541	-0.121
21105594	-0.294
48085	-0.307
21106077	-0.228
4067	-0.226
5142	-0.077
196288	-0.247
75662	-0.354
2424	-0.444
4444362	-0.524
21106058	-0.226
139025	-0.247
29400	-0.373
1043	-0.393
6045	-0.820
1253	-0.096