Compound Id	BCUT [BCUTw-1h]
502855	15.998
6191	19.004
26325183	31.972
5709	15.998
6153	19.002
16425	31.973
8521	27.981
23150	27.978
76894	27.980
2041618	27.980
8520	27.980
66656	27.978
26824	27.980
18019	27.981
11434292	N/A
26325084	27.986
6190	34.969
11919	27.977
10696	27.980
26325083	27.985
10451	27.981
23101	27.979
122090	27.979
26325082	27.984
26325081	27.983
512621	27.978
10449	27.982
26325080	27.982
66655	27.978
10652594	27.981
14021447	27.981
67991	34.970
109705	19.007
17619	27.978
9256	19.003
692	16.006
291	12.0
6084	12.11
6094	12.110
7555	12.110
6120	12.110
7712	12.110
6308	12.110
9646	12.110
10781	12.110
15802	12.110
17976	12.110
7767	12.110
7604	12.110
7010	12.110
6163	12.110
6340	12.110
8560	12.110
11094	12.110
11023	12.110
11055	12.110
10786	12.110
7619	12.110
10755	12.110
11551	12.110
349	12.110
11035	12.110
11104	12.110
10795	12.110
10445	12.110
7849	12.110
17558	12.110
13439	12.110
13402	12.110
14840	12.110
13448	12.110
13619	12.110
7890	12.110
11882	12.110
11883	12.110
10540	12.110
7929	12.110
11897	12.110
11899	12.110
12017	12.110
12072	12.110
11900	12.111
11901	12.111
11146	12.111
11902	12.111
10542	12.111
11906	12.111
8878	12.1
11585	15.996
11557190	27.980
10452	27.979
10784857	27.982
108106	27.980
127983	16.017
78828	27.979
68328	27.978
67414	27.979
13837650	34.970
13853215	34.970
9392	34.970
10765	12.110
7674	12.1
14998	27.978
10614293	12.110
61149	19.006
6156	27.978
12201	12.110
11109	12.210
24142	12.110
13622	12.110
16180	12.110
7891	12.210
12446	12.110
29025	12.110
12635	12.110
11121	12.110
7713	12.210
12809	12.210
7833	12.110
7556	12.210
7954	12.210
555074	12.110
7957	12.110
4516601	12.110
56442	12.110
4483639	12.110
4516599	12.110
4512361	12.110
4483638	12.110
4449912	12.110
4512642	12.110
18410	12.110
22408	74.922
66675	27.978
10113	12.110
9484	19.0
23208	16.205
6085	12.21
7024	12.1
15438	12.1
8896	12.1
14751	12.1
221117	12.110
7787	12.1
8908	12.1
8909	12.1
8910	12.1
71433	27.977
22814	30.974
9095782	19.002
6151	34.970
14299946	27.980
6188	34.971
11099	12.210
73583	34.970
7340	14.003
8158	14.003
11110	12.210
9642	12.210
12577	19.002
11996	15.995
10756390	27.980
62827	19.003
7626	15.995
10265264	12.1
13835550	14.009
56117	27.978
11230	14.009
63631	14.009
11086	12.1
21106179	19.001
11841	15.995
6402	12.110
1406720	12.110
2056044	19.006
1114	14.009
14692	12.210
10179173	12.1
21800	12.110
8544	12.1
7788	12.1
4927801	27.981
9088156	27.979
29040	78.918
10325078	78.918
55188	15.998
7624	14.003
68224	27.980
24263	12.110
6364	12.1
11749	15.998
14672	15.998
11228	15.998
11864	12.310
12209	12.310
11857	12.1
391428	12.110
10733068	27.981
454638	12.110
12456	12.110
17880	12.110
11845	12.110
11806	12.110
9990	12.110
6309	12.210
7557	12.210
558883	12.110
56020	12.110
10124	12.110
6111	12.1
10265270	12.1
14198	12.110
7794	14.003
7180	12.110
9286	19.002
9411	19.0
14441700	34.969
6148	34.969
6149	34.971
15765	12.110
553642	12.1
15413	27.978
7182	12.110
10669	12.1
66567	19.004
6132	34.969
8569	15.995
12220	15.995
7823	15.995
11849	15.995
10441	15.998
3168	15.995
11833	15.998
455420	15.998
10709	15.998
7558	12.110
6095	12.110
10179239	12.1
12197	12.210
11761	31.972
6108	31.975
69914	27.979
59573	27.978
70850	14.009
38403	19.004
11671339	27.979
7956	15.998
55090	34.969
11180	15.998
274	16.006
6145	14.003
10053	78.918
28993	12.110
59483	27.979
11811	14.009
7777	14.009
15482	14.003
454215	78.918
7856	14.003
8562	14.003
10054	34.969
7730	14.003
11739	15.995
11056	15.995
6146	15.998
9461	19.0
654	14.009
11194	15.995
6165	15.995
11216	15.995
62230	15.995
16791	12.110
18717	15.995
11210	15.995
518	N/A
11117	12.1
205483	15.995
10979	12.110
61346	34.969
6186	34.972
391	31.972
69371	31.972
69569	34.970
6310	14.003
7606	14.003
7181	12.1
99596	34.970
23255	14.003
6123	14.003
4514529	34.969
11351244	12.2
499714	15.995
78467	15.996
16841	34.969
2062437	78.918
61266	19.008
15954	15.995
11819	15.995
7622	15.995
99440	15.995
11239	15.995
11543	15.998
10790	15.995
6187	34.972
2656	15.995
6827	12.1
20939	12.110
9016	34.970
7817	15.995
11788	14.008
13835316	34.970
6270	27.977
454209	18.999
9633	18.998
9377	18.998
9243	18.998
11148	19.0
923	16.001
6121	34.969
8576	14.003
7851	14.003
15387	14.003
6315	34.969
7811	14.009
7835	14.003
7769	14.003
7716	14.003
7564	14.009
6101	14.003
6089	14.009
6118	78.918
8577	31.972
14349	31.973
7852	31.973
14680	31.972
7776	31.972
7330	12.1
6122	126.904
63863	27.978
2282428	78.918
15486	15.995
7732	15.995
18920	15.995
11861	15.995
123993	15.995
11036	15.995
11029	15.995
11794	15.995
11732	15.995
10511	15.995
21011	15.995
11678	15.998
7533	15.995
3644	15.998
6320	15.995
10947	15.995
6164	15.995
11729	31.973
9254	34.970
9251	78.918
6307	78.918
62589	14.008
7686	14.008
13837280	34.971
9253	34.971
13255	15.995
10512	34.969
13837797	15.995
16641	34.969
6098	34.969
10536	31.972
7827	31.972
9233	31.972
18607	31.973
5730	34.972
3441	78.919
83734	34.971
217	14.003
56559	15.995
9053802	15.995
10787	15.995
29000	15.995
11793	15.995
10526	34.969
120464	34.969
7434	15.995
7459	15.995
11024	15.995
6312	15.998
8398	15.995
24590970	78.919
7733	15.995
56144	34.970
23055	34.970
6130	34.970
7850	34.969
11865	34.969
7714	34.969
10437	34.969
6097	34.969
12219	78.918
7848	78.918
61487	78.918
11863	78.918
7810	78.918
7766	78.918
7711	78.918
7552	78.918
6092	78.918
7791	14.003
12010	126.904
11830	126.904
10497	126.904
31029	126.904
6100	126.904
12228	N/A
6042	34.971
553742	34.970
13836713	31.973
13803	27.978
11898	15.995
72522	15.995
7928	15.995
14348	15.995
2581	15.995
11891	15.995
7917	15.995
7915	15.995
7901	15.995
7892	15.995
7882	15.995
8574	15.998
932	15.998
7812	15.998
7837	15.995
6040	15.995
258	15.998
1004	15.998
682	15.998
7815	31.972
7560	31.972
6103	31.973
6635	34.974
14829	34.970
6087	34.969
11525	15.995
7721	31.972
6083	78.919
1039	31.973
6088	126.905
864	15.998
13837281	34.972
937	15.995
56232	15.995
71390	78.918
5979	34.974
13837190	15.998
7074	15.996
15077490	78.918
13872989	15.998
13638	14.003
7170	12.110
10534	12.1
6128	18.999
9391	19.0
6086	12.31
10410	12.110
68503	27.977
10675065	19.003
14694	34.970
7090	19.001
7028	15.997
63156	15.995
12626	15.995
62597	15.995
15803	15.995
10487	34.969
13492	12.110
15747	12.110
8356	12.110
13849981	15.995
12933	27.977
6105	19.001
18971812	34.969
14688	15.995
6125	34.970
13835977	14.009
5977	34.971
71876	15.996
7128	12.150
7183	12.110
7088	12.110
15461	12.110
13299573	78.918
107412	34.969
7073	15.996
455353	15.996
16778	15.996
7705	15.996
2340753	78.918
7728	15.998
8554	15.997
10340	16.001
21112738	34.969
4481813	15.995
13487	12.110
7385	12.110
8531	12.110
7448	12.110
4514586	78.918
764	15.996
10325184	78.918
6406	15.996
12066	15.998
7738	15.995
7098	19.0
10404	12.110
7419	12.110
7219	12.150
11660	12.110
6999	12.110
5026296	15.995
18688	15.996
7737	15.995
13871721	15.998
1108	12.150
236	12.150
7521	12.110
7641	12.110
7659	12.110
11871	31.973
55130	15.996
10433	15.996
11992	15.996
13836399	15.998
7703	14.009
10253	12.110
60886	19.006
83962	15.996
12161	27.977
7671	15.996
10446	15.996
62249	15.996
11526	15.999
13571291	14.050
71312	78.919
7026	15.998
7678	15.998
9970	15.995
7672	78.918
7786	31.973
8335	12.110
6301	15.995
10606755	19.004
7657	15.996
22453	15.996
7065	15.996
11193	15.996
13836591	15.998
13875283	18.998
7553	78.919
11409	12.110
13249	15.996
3631	34.969
13835836	15.996
55084	15.996
7694	15.996
7482	15.996
11716	15.996
11045	15.996
7515	15.996
13836549	19.004
7546	15.997
7677	14.003
13836674	34.969
2293678	78.919
6967	12.110
6977	12.110
21168808	31.973
960	15.998
6177	15.996
61213	34.969
20545	15.996
7472	15.996
11207996	16.006
29016	15.996
7747	15.996
7627	15.996
10571	15.996
7076	15.996
6649	15.996
8012	15.996
7003	15.996
13854944	15.998
6104	34.970
4937830	15.995
61191	19.0
9614	18.998
7739	31.972
8883	12.1
7757	15.996
7511	15.996
7509	15.996
29005	15.996
10420	15.996
7478	15.997
7475	15.996
7463	15.996
6333	15.998
21111806	18.999
10364	12.150
21111820	31.972
21171407	126.905
3210	15.995
10756	15.998
11910	15.995
7469	15.996
7064	15.996
60329	15.995
13842001	15.998
13850082	15.996
21106169	19.0
7872	15.996
7875	15.996
7913	15.996
7670	15.995
8568	15.996
14846	15.996
7800	15.996
11843	15.996
29012	15.996
10797	15.995
7538	15.996
7536	15.996
11755	15.996
7706	15.996
7761	15.996
10492	15.996
11680	15.996
11706	15.996
10653	15.996
68179	15.995
10001	15.996
6341	15.996
11727	15.995
7727	15.998
3951	15.998
21108550	18.999
13836021	15.998
9724	12.110
11731	31.973
8950	12.150
14866	12.210
6720	15.995
13850142	15.998
558917	15.995
11153	34.969
7559	16.006
558928	34.970
415	14.009
390927	15.995
10236	12.110
7012	15.995
11065	15.995
28981	15.995
99681	15.996
8525	15.996
6176	15.995
7081	15.995
6313	16.006
13837702	14.009
9903	12.1
13849989	15.995
55123	15.996
12012	15.996
7534	15.995
10791	15.995
11125	15.996
7782	15.996
8552	15.998
7701	15.996
6316	34.970
9325	19.001
13866593	14.009
11911	34.972
55091	34.971
552744	15.996
7888	15.996
12013	15.996
123860	15.996
28986	15.995
2863	15.996
6335	15.996
7803	15.996
259	15.998
7616	15.996
171	15.998
24641	15.996
7129	12.150
7866	15.996
3756	15.996
10033	15.996
30713	34.970
10788	15.995
7621	15.995
8329688	78.918
10777	15.995
441	16.006
7838	15.995
5949	15.995
370	15.998
29029	16.006
7772	15.995
256	15.995
512	16.006
1005	15.998
2018460	78.919
21169510	34.971
48024	14.008
7013	34.971
7676	34.969
13875281	34.969
7220	12.150
7248	12.110
11661	12.110
12674	12.1
8097	12.1
12071	15.996
10035	15.996
12972	15.995
9976	15.995
7514	15.995
215929	15.995
11025	15.995
7734	15.996
7016	15.995
1087	31.975
60524	15.995
72551	15.996
763	16.105
1095	31.973
6179	34.973
2038738	14.050
11154	126.905
12259	12.110
3973	34.970
13836589	15.998
172	16.006
13836520	15.998
22191	15.996
75951	15.996
72793	15.996
13835336	15.995
13875230	34.969
18219	31.974
4514549	126.904
10801109	27.977
15016	14.003
29004	15.998
7871	15.995
21153	15.995
7802	15.995
12218	15.995
12632	15.995
7760	15.995
11095	15.995
21106173	15.998
7607	15.995
13866746	19.003
7577	15.998
7506	15.995
13835861	15.998
6326	34.971
9228	34.969
29036	78.919
13838404	78.920
7239	31.973
11647	15.996
7530	14.008
21106535	34.970
6119	78.918
10251740	16.001
9326	18.998
2916	78.919
558875	78.919
6106	126.906
3544	15.996
1266019	15.996
109838	15.996
6321	15.995
175	15.995
13874867	15.999
6314	15.995
4510484	15.995
68832	15.996
62530	14.003
13842613	14.014
7391	15.995
7984	15.999
11809	34.969
7242	14.003
58234	15.995
26325086	15.997
13862665	15.996
15443	15.995
124968	19.0
9581	18.998
66809	15.998
221082	12.110
13875320	78.919
6642	12.110
62826	78.918
13835376	15.996
127750	15.996
12442	78.918
13857694	34.970
7673	78.919
7443	15.996
7662	34.971
1609	15.998
363458	15.997
7684	15.995
61111	19.0
13875196	18.998
11042	14.003
24972	14.004
28992	14.004
13875160	34.969
13875258	78.918
73479	15.996
8935	15.995
15093	34.969
9994	15.997
29015	15.998
278	15.998
4446445	15.995
4444608	16.006
394562	15.995
13839199	14.014
18724	14.003
7238	15.995
21105959	15.998
13866817	34.970
13875392	78.918
13839575	15.999
6322	15.995
558020	19.0
733	15.999
6342	34.972
21132380	14.003
7551	78.919
12244	15.995
1266393	31.972
13677	12.150
124	15.997
132	15.997
21106015	34.969
65750	14.003
63903	14.003
10940	14.003
13865438	15.995
7223	14.009
13868640	78.919
29001	15.996
59674	15.995
21106135	15.995
10248	15.995
13837988	34.970
8528	14.010
8900	14.009
10400	14.003
8067	34.974
13839109	15.997
13837537	15.997
21105905	14.003
11077	14.003
13839123	15.995
9911	15.995
13839174	15.998
906	12.150
7630	15.997
13865426	15.997
13884973	15.998
10710415	15.999
8543	34.970
13835604	15.998
6093	78.918
59447	14.004
21106560	14.003
20843	14.004
15965	15.996
70682	78.919
13658	14.004
11862	78.919
7710	78.919
7809	78.919
7765	78.919
69177	15.995
21111822	31.972
6794	14.003
7681	31.973
26516	126.904
17131	27.977
10772140	34.969
7190	15.996
63054	19.002
18801	15.995
68156	15.995
21106520	14.003
16119	15.995
10244	15.995
924	14.009
13862559	34.971
6788	12.110
7131	15.998
7466	15.996
13861343	34.971
73412	78.918
8904	14.014
13874733	14.003
24535	14.004
25552	14.004
10437215	15.995
12225	14.004
13839151	15.995
13848808	15.999
8140	34.970
11087	126.905
10909	12.110
10918	12.110
15489	34.969
2441	15.995
12499	19.003
7480	15.995
10939	15.995
7018	34.969
11784	34.969
13839128	15.995
8868	16.001
7518	78.918
21106019	34.969
7528	14.004
24533	14.004
1020	14.003
2039535	15.995
13839110	15.995
21105998	15.998
13865680	15.998
11604	15.995
8374	15.996
21106586	15.997
11756	16.001
8733	15.995
13835459	14.008
71089	14.004
7688	14.004
8902	14.004
10937	14.003
6897	15.996
773	14.014
17443	15.998
6883	15.996
11785	34.969
15495	15.999
1141	16.006
7240	14.003
503239	14.014
13860641	14.009
6974	78.919
21106571	34.972
10908	12.110
3463	34.975
16388	27.977
6828	12.150
7161	15.995
592	15.999
8141	15.995
7679	15.995
4444456	34.970
83866	15.998
66996	34.969
21105897	15.999
15427	14.009
5830	15.998
13840690	34.969
13839105	15.995
11667	34.969
13835772	15.998
61538	15.995
238	15.996
13864445	34.971
21108548	126.904
13047	34.972
21106163	34.972
967	34.973
13876103	15.996
2018165	34.969
14256731	15.997
6311	14.003
11699	15.996
12643	15.995
83850	15.998
30595	15.996
13839082	15.995
13865424	15.995
13853758	14.003
13860335	15.998
4366810	15.996
10422	15.996
11695	15.996
13229	15.995
24099	15.995
11576	15.996
7175	15.996
7157	15.996
12060	15.995
14678	15.995
11021	15.995
21105871	15.998
466305	15.997
13837686	34.969
61411	15.995
917	14.004
21106519	14.003
65	34.970
13029	34.971
13875356	78.919
19766	34.972
12044	12.150
12682	12.110
10181341	15.996
748	14.050
71628	14.004
7568	34.969
13839553	15.998
9363	19.0
6296	15.995
9574	18.998
971	15.998
13846663	15.998
21106091	15.995
10246	15.995
70715	78.919
13871718	15.998
2654	31.972
9547	19.0
92731	78.918
62632	14.003
78998	14.003
11884	14.003
16177	14.003
15853	14.003
67360	14.003
11866	14.003
15846	14.003
7566	14.050
29026	14.003
11846	14.003
7770	14.003
7717	14.050
6102	14.050
21109330	15.998
10948	15.998
13835293	15.998
13835224	15.998
13839441	15.998
13835235	15.998
62808	18.998
7236	15.995
11589	15.996
79969	15.996
21106366	15.995
62310	15.999
7420	34.969
28982	15.995
19709	15.996
21168831	34.969
55443	15.995
453675	15.995
60121	15.996
69340	15.995
10992	15.995
6633	34.970
16804	15.995
21159695	14.003
455090	14.010
57726	15.998
7234	14.003
6630	14.003
71437	78.919
13063	12.150
558878	15.995
2005981	31.972
25886	15.995
71430	15.997
7736	14.003
447	15.998
21106525	14.003
18707	78.918
559096	14.008
13868660	126.904
707	34.974
7140	15.996
8070	15.996
387	16.001
10018	15.998
61001	19.0
13854136	14.009
1664	14.014
20570	14.009
13854248	34.969
7001	34.971
11366	34.971
21106540	34.972
21106570	34.973
15855	15.995
7790	15.998
13835209	15.998
8903	14.004
62489	15.998
8899	31.972
13634	14.003
13630	78.918
13869434	14.003
553578	15.995
66565	19.001
10437135	15.995
66021	34.969
7221	14.003
10857	34.970
7383	78.918
13030	34.971
6339	78.921
6736	12.110
10851	12.110
10850	12.110
23977588	34.974
434	34.969
24043	15.995
12069	15.996
191367	15.996
11799	15.996
7615	15.996
6338	16.001
11265	15.995
6135	16.001
72056	15.998
34095	15.998
18685	15.998
62628	15.998
67653	34.970
11875	15.998
21106032	34.970
7021	15.995
1348	14.014
66896	15.995
62534	15.995
62408	15.995
7389	15.995
13848467	15.998
72556	15.998
13835151	14.003
10991	14.003
13860692	14.003
13869462	14.003
38364	78.918
12045	12.150
2003	34.974
17784	15.995
12637	16.006
13839416	15.998
11694	15.995
29008	14.003
2606	34.971
21106524	15.995
12823	34.969
5889	14.009
81815	15.996
13840647	14.003
13875212	78.919
9579	18.998
21105859	15.996
19475	15.995
9874	15.996
13647	15.996
9350	18.998
21168826	15.995
10801842	31.972
65785	15.999
13860491	14.003
6780	14.003
10841	12.110
5593	14.014
25889	15.995
25890	15.995
10227261	16.006
220998	15.995
12954	15.995
9454	18.998
9360	18.998
13851576	78.919
21105848	16.006
12047	12.150
16736498	34.974
913	15.996
6478	12.1
6745	15.996
8912	15.999
12229	16.001
6898	15.996
10849	12.110
11038	126.904
89076	15.995
21105870	15.998
199342	15.995
19477	15.995
6287	30.974
13811	15.995
14169248	16.017
1019	14.103
10437074	34.969
21105878	15.996
21168813	15.995
235	16.006
8186	15.995
11596	15.997
13860775	15.998
6674	78.919
11083	34.970
2206	15.997
13872122	78.918
8098	14.003
10328	126.904
6737	34.969
6789	34.969
15861	12.110
7600	15.996
4445317	15.995
11632	15.995
7961	34.971
13885245	15.996
8674	15.998
7132	15.995
13856352	14.009
8071	34.969
11783	78.918
10980	78.918
21106172	34.971
27488	78.919
10813	12.110
7202	34.969
30516	15.995
26325090	16.017
21112023	18.998
13876539	15.995
21106018	34.969
68676	34.970
551	15.995
11776	78.920
66895	15.995
66887	15.995
9893	15.995
63518	15.995
59482	15.995
6881	15.995
13839308	14.050
10586285	19.0
218253	34.969
8341	15.998
20198	15.998
7689	34.969
63310	15.996
7299	12.150
10829	12.110
191	15.999
12957	15.995
84036	15.995
68152	15.995
24041	15.995
19953955	16.017
13835630	15.999
14556	15.996
21106140	15.996
13863618	15.998
13837787	15.999
1361549	15.995
10831	12.110
23886	34.970
33421	34.970
992	15.999
70714	78.919
13875432	34.969
12640	14.004
6480	14.003
15755	34.970
14995	34.970
14994	34.970
67470	34.970
15476	34.970
15756	34.970
1906	15.996
6592	12.150
21943	15.995
10106	30.974
19956441	16.017
11930	15.995
10384035	15.995
65936	14.005
14227	34.969
11584	78.919
13867714	14.014
6706	78.918
6916	15.997
19957731	16.017
10205670	18.998
120489	15.998
13875219	34.969
7302	15.995
70660	15.999
16387	27.977
502245	15.997
5708	15.995
16159	34.971
13648	15.995
9349	18.998
63889	34.969
13835126	34.969
10437210	15.998
768	16.006
34863	34.971
23730	15.995
23621376	16.017
11332993	15.995
21106146	15.996
12231	15.995
13837760	15.998
10008	14.009
10972	78.918
2079	15.997
13869451	34.969
4759	15.998
33617	15.998
11961	34.971
15619	12.110
6739	15.995
953	15.996
331	15.999
15789876	16.006
7224	14.050
11600	15.996
21106144	16.001
13863774	15.996
10243171	15.995
7138	16.001
4878	15.998
6604	34.970
25677	34.972
6840	15.995
4590	15.996
12816	15.995
21111781	16.006
123207	78.918
776	14.014
15475	34.970
15477	34.970
15478	34.970
15524	34.970
2297441	31.972
158870	34.971
157093	34.971
83374	34.971
457144	34.971
135925	34.971
457145	34.971
8807	12.1
8182	15.998
19476	15.995
13871489	16.0
28969	15.996
13863629	16.006
7278	15.996
13644	15.995
21106014	34.969
13869480	15.995
42330	15.997
13869339	34.969
13875441	78.918
30881	15.998
14620	15.998
6852	15.998
6735	78.918
30572	15.998
392447	15.996
67465	15.995
4962	15.998
21106013	34.969
577	15.995
26260	12.110
4932499	12.110
4575338	15.997
12586	30.974
7964	31.973
6193	31.973
86394	15.997
13860817	34.970
21111772	34.971
15620	12.110
11708	126.905
6079	34.969
13859497	15.997
9943	15.995
28973	15.996
62517	15.996
456015	31.973
63906	78.918
1446	15.999
12133	15.998
15621	12.110
11632871	16.0
13856009	15.995
79280	15.996
27296	15.996
11651	15.998
8657	15.996
8665	15.998
4575	15.997
13842573	78.918
8876	12.150
63908	15.996
10181339	15.996
86435	15.999
21106020	34.969
15488	34.969
84188	34.971
136000	34.971
135983	34.971
136001	34.971
136002	34.971
136003	34.971
84235	34.971
10438331	78.918
82755	34.972
82712	34.972
157094	34.972
103011	34.972
102798	34.972
82762	34.972
13849665	16.0
24326358	78.918
5894	15.995
15702	19.0
221226	15.996
5976	15.997
68437	12.110
26010	34.970
30600	34.970
33455	34.970
33934	34.970
33932	34.970
5807	16.001
34866	34.971
34665	34.971
34664	34.971
37904	34.971
34864	34.971
34188	34.971
34865	34.971
11974	78.921
10771217	34.970
33416	16.0
15409	15.996
21106036	19.001
120548	15.995
11591	15.997
11778	34.970
44152	15.997
11954	34.971
8855	14.014
11769	126.904
18941	31.972
29282	31.973
6586	15.998
2915	31.973
13328	34.975
8960	14.113
10772050	34.971
7225	14.004
70652	15.997
7685	78.918
7208	15.999
21111817	78.919
20124	78.918
7406	15.997
10498	34.969
70988	15.997
9564	15.996
2923	34.970
21106470	14.004
10432	126.905
56793	34.972
454495	34.972
40191	34.972
56791	34.972
35581	34.972
56774	34.973
82765	34.973
7042	16.017
2185	14.004
4760	31.973
12874	31.973
13853953	34.969
6988	34.970
13869414	15.995
13860720	34.970
11294	34.969
457140	34.971
27793	34.972
82754	34.972
457138	34.972
102897	34.972
457139	34.972
102947	34.972
97173	34.972
102720	34.972
102801	34.972
102833	34.972
102721	34.972
102856	34.972
102933	34.972
103066	34.972
97172	34.972
64016	15.997
4450907	15.997
120621	15.995
12445	15.995
20119	15.995
7030	15.998
13835932	15.999
13257	15.995
2937774	15.997
62484	126.904
1015	14.015
87265	126.904
12699	12.150
21429023	34.976
10892	15.999
376	15.999
13837303	15.998
78	14.050
13837329	15.999
11595	15.996
4745	15.996
4768	34.969
20848	34.969
65701	126.904
8273	15.998
12705	31.973
8183	15.998
11563	126.904
59577	15.995
61707	15.995
11610	15.995
7397	15.995
6675	126.905
11588	126.904
2283071	12.110
8319	14.003
11003	14.003
13104	15.995
6334	15.995
206561	15.997
64699	34.971
21106008	16.006
5091	15.996
55205	15.995
13816	15.995
11244	15.995
247721	15.996
71	15.998
2169	34.969
13303	31.973
13302	31.973
4489	16.006
13835706	16.007
26765	15.995
192642	15.995
122446	15.995
21181	15.995
11752	15.995
2275	15.996
10464	15.995
6330	15.995
11795	15.995
173	15.995
3918	15.996
6790	14.003
106355	34.972
102741	34.973
97055	34.973
97198	34.973
5993	16.006
693	15.995
28682	15.995
191058	15.997
5596	15.998
18	15.999
6807	34.969
13856959	15.996
553649	12.150
13848341	15.999
10864	78.919
5027	34.969
2271976	15.999
10169	12.150
8860	14.014
10986	15.997
5915	15.995
7146	15.998
6838	15.995
34874	34.972
36972	34.972
56788	34.972
533188	34.972
35579	34.972
16182	34.972
46262	34.972
35580	34.972
82818	34.972
56790	34.972
56795	34.972
33458	34.972
82777	34.972
35584	34.972
56785	34.972
56792	34.972
34189	34.972
34859	34.974
84346	34.974
56760	34.974
56755	34.974
33666	34.974
8030	15.996
8060	15.999
13867413	15.998
7310	15.996
6781	15.999
21106365	31.973
13865630	15.998
26325085	78.919
26325087	78.919
26325088	78.919
7241	14.004
12061	14.003
61765	15.998
15473	34.970
17099	34.970
17098	34.970
33933	34.970
15474	34.970
34868	34.971
37905	34.971
34869	34.971
37918	34.971
37915	34.971
34867	34.971
25605	34.971
26011	34.971
34870	34.971
34666	34.971
21924	34.971
36973	34.973
37744	34.973
46894	34.973
45444	34.973
56769	34.973
56780	34.973
34847	34.973
39406	34.973
35081	34.973
56781	34.973
56771	34.973
3584	34.969
6842	31.973
4624	15.999
10101	30.974
10025	15.999
5004	15.999
28994	15.995
9218	18.998
13835351	16.006
6773	15.996
102834	34.973
102722	34.973
154865	34.973
96948	34.973
102743	34.973
102857	34.973
154866	34.973
106356	34.973
102787	34.973
97240	34.973
102742	34.973
136966	34.970
13054	15.995
7636	15.998
71787	15.996
21105795	15.996
11629	15.997
13853943	15.996
21105699	14.004
5439	15.996
29107	15.995
7029	15.996
19231	15.996
67460	14.003
299166	15.996
9873	31.972
17868	14.004
13860434	16.006
123	15.996
2157	15.998
13850879	16.001
6524	15.998
8243	15.998
6528	15.998
13837319	15.998
8241	15.998
11422	15.995
6855	15.995
13839012	15.995
2927	34.972
69982	16.002
6774	15.999
9965	15.997
8262	15.996
10903	15.995
206493	18.998
97257	34.974
97224	34.974
102923	34.974
96868	34.974
96864	34.974
97234	34.974
97233	34.974
154062	34.974
97142	34.974
4777	15.998
2075	14.003
18177	15.997
6665	19.001
21106148	16.017
6023	78.919
65763	34.969
56782	34.975
36977	34.975
83414	34.975
84348	34.975
82823	34.975
13846749	15.997
11107	15.995
11586	15.998
21106518	15.995
9120	16.017
3277	18.998
1278	14.004
6907	15.997
844	15.999
62472	15.998
6950	14.103
744	15.995
4444102	16.001
26563	16.001
6035	15.996
3548	15.995
392	15.998
21108576	15.995
1151	15.998
10628694	15.995
36975	34.973
56778	34.973
43354	34.973
37779	34.973
45445	34.973
36974	34.973
35585	34.973
34848	34.973
84344	34.973
34850	34.973
82819	34.973
56772	34.973
82820	34.973
16415	34.973
56779	34.973
56768	34.973
56777	34.973
84345	34.973
34668	34.973
16736486	34.976
8470	34.969
8111	12.150
10616	16.002
21106900	16.006
1577	14.010
642951	34.969
12730	31.973
6835	14.003
13300034	34.972
96965	34.975
33198	34.975
82783	34.974
34852	34.974
37000	34.974
37019	34.974
56765	34.974
39198	34.974
82740	34.974
56761	34.974
56756	34.974
56766	34.974
83413	34.974
34851	34.974
36976	34.974
56767	34.974
56763	34.974
1143	15.995
11460	15.995
11465	15.995
1448	16.0
5775	15.995
10254	15.995
10411	34.969
2241	15.995
62466	15.995
62485	15.995
7189	15.996
21106145	16.006
6658	31.973
11422351	31.975
25472	34.969
7150	15.999
32555	15.999
13854242	15.996
10181338	16.006
1078	16.006
56787	34.972
35583	34.972
82807	34.972
56794	34.972
33386	34.972
33457	34.972
47912	34.972
82817	34.972
46893	34.972
33280	34.972
35582	34.972
33304	34.972
46263	34.972
553171	15.999
10488	15.996
11488212	15.996
34667	34.971
34871	34.971
34873	34.971
56784	34.971
34872	34.971
970	12.150
556589	15.998
29153	12.150
11917	12.150
62467	34.969
3008	34.970
204209	14.004
10996	34.969
880	15.995
21106581	16.001
15827	34.976
70806	15.995
11369	126.906
4437893	15.996
5882	15.998
9824	15.995
12821	15.995
71193	31.972
67270	31.973
6033	31.973
7092	31.972
63968	15.995
2908	34.969
33407	34.976
36985	34.976
35205	34.976
15637	34.976
82821	34.976
8329	15.996
15753	15.995
17339596	34.971
6371	15.998
10664	15.997
2625	34.969
4333	19.0
6593	14.014
86007	16.0
13835344	16.006
76154	31.972
3534	15.997
7044	34.969
73390	15.996
7279	15.995
10343	15.999
185	14.010
7155	16.001
16359	34.969
84971	16.0
388391	16.0
11773	14.004
11582	15.996
7172	16.002
96749	16.001
2068	15.996
5236	15.996
21782117	34.974
2991	15.995
34853	34.974
37745	34.974
36978	34.974
34190	34.974
34191	34.974
36771	34.974
36710	34.974
56757	34.974
549017	34.974
84347	34.974
56764	34.974
56758	34.974
47914	34.974
56762	34.974
33984	34.974
33983	34.974
34860	34.975
82738	34.975
36982	34.975
36979	34.975
47915	34.975
56783	34.975
36981	34.975
37004	34.975
36980	34.975
222538	15.996
13848793	15.998
6492	15.998
7176	15.999
12478	15.995
7211	15.998
65523	15.996
11080	15.995
13090	31.972
230	16.001
194092	15.995
11625	78.918
8282	15.996
76394	15.995
82751	34.977
36989	34.977
8800	12.150
62060	15.999
2975965	34.970
33282	34.973
46285	34.973
46284	34.973
82806	34.973
56776	34.973
47913	34.973
32952	34.973
45446	34.973
43353	34.973
56773	34.973
26325089	34.969
6588	15.996
2849146	15.996
10437335	15.996
8058	15.999
589165	31.972
361	15.999
33281	34.972
56786	34.972
56789	34.972
33456	34.972
46264	34.972
9187483	78.918
5978	31.973
10257	16.017
58563	15.996
2699	34.969
5739	12.150
13846658	15.998
6577	15.995
7145	15.996
6057	34.972
8816	12.150
659	31.973
955	15.999
6600	15.995
13835294	16.006
8817	12.150
526	16.001
7199	15.995
6514	15.996
62964	15.997
6610	15.996
5553	15.997
36990	34.976
35912	34.976
45448	34.976
36987	34.976
36988	34.976
2700	34.969
13860	31.973
33986	34.975
36983	34.975
36986	34.975
45447	34.975
35566	34.975
47916	34.975
46137	34.975
550258	34.975
33985	34.975
4963	15.996
7151	78.919
2928	34.973
8788	12.150
6646	16.0
5554	15.998
15484	34.978
20132	15.995
27749	34.969
7315	15.997
789	15.999
6453	34.969
6753	15.996
10197150	15.999
9797	15.998
192748	16.003
8799	12.150
7142	15.997
10437836	16.017
2121	15.995
4268	15.997
34854	34.974
46136	34.974
82736	34.974
56759	34.974
36984	34.974
6621	15.996
17347	31.973
4103087	16.002
2925	34.970
3693	15.999
15517	15.996
56775	34.973
56770	34.973
11283	30.974
21361761	15.996
36029	34.969
35206	34.977
64155	15.996
34192	34.976
82822	34.976
8763	12.150
14627	15.995
61739	15.996
8804	12.150
3322	34.969
13846959	16.017
5557	15.998
3438	34.969
75956	15.999
68568	15.995
4447447	15.999
6775	14.050
2246	12.150
5113	15.996
26325182	78.918
7745	15.996
11672	14.050
105291	15.996
35108	34.975
28947	15.997
28552	34.969
29117	31.972
60858	15.996
1262	15.997
137720	15.999
6066	15.996
33316	34.974
11286	16.006
10837	16.0
5678	12.150
156255	14.009
18336	31.973
6550	15.996
5660	15.996
10292746	34.974
4449	14.009
12549	30.974
374462	14.009
256210	15.995
13662	16.001
21106059	15.999
8093	15.998
65272	15.998
9219586	15.996
4744	15.995
10437239	15.996
3216	34.970
26286843	16.006
440	16.001
10975	16.017
8351654	15.997
1710	15.996
305	16.002
83191	15.997
541032	78.920
11489	14.004
5774	15.997
5026	31.972
10870	16.017
89258	16.017
5145918	34.969
58496	15.997
92468	15.997
14916	15.997
5198	34.969
3841535	15.998
11439687	15.995
4470736	16.0
4380	18.998
92494	15.997
4343	16.0
91432	16.006
8103122	16.0
3350	15.999
8124942	16.006
24722	16.0
133166	15.997
8101973	16.006
5162	31.972
3652	15.999
509179	16.001
40130	31.972
5376	15.997
106796	31.972
2457	15.995
49179	15.999
67594	30.974
5791	15.996
5768	16.005
15520	18.999
3102535	15.995
5139	31.972
4228778	16.001
6688	16.017
55075	78.921
10162	16.002
4444479	16.0
4444107	31.972
4444100	16.0
5551	15.999
3741	34.970
5233	16.006
21108577	15.997
5542	16.0
5552	15.999
19232037	16.0
3513	34.969
65234	16.001
472932	15.996
4444553	31.973
19232038	16.0
6013	31.972
31006	31.972
18547147	16.0
62265	16.001
21587143	16.0
21486195	16.001
4911	31.973
2760	16.0
4611	15.996
21105591	15.996
4471584	31.973
6002	15.997
4599	15.997
75995	16.002
5550	15.998
54833	15.997
9786472	16.0
197564	15.998
5633	15.999
5932	15.997
10481872	16.001
193441	15.999
5541	18.998
21105594	15.997
48085	15.999
21106077	34.969
4067	16.001
5142	31.973
196288	16.0
75662	16.004
2424	15.996
4444362	16.010
21106058	15.996
139025	16.0
29400	16.005
1043	16.001
6045	16.007
1253	15.997