Compound Id	BCUT [BCUTc-1l]
502855	-0.318607188842135
6191	-0.180934560007560
26325183	-0.380660103270982
5709	-0.350662617912384
6153	-0.157070169395391
16425	-0.095060841158137
8521	-0.357197787563142
23150	-0.380600972819912
76894	-0.352794603862087
2041618	-0.330150804791223
8520	-0.357197803035065
66656	-0.377307889381887
26824	-0.336078122597480
18019	-0.313091819264421
11434292	N/A
26325084	-0.352890286156606
6190	-0.190694408336470
11919	-0.166664271876185
10696	-0.332348675414214
26325083	-0.352890286156605
10451	-0.332348675414214
23101	-0.357296371298251
122090	-0.353840724231226
26325082	-0.352890286156606
26325081	-0.352890286156606
512621	-0.296713421805715
10449	-0.332348675414214
26325080	-0.352890286156606
66655	-0.376363782735639
10652594	-0.331660201269774
14021447	-0.352890286156660
67991	-0.339909794719149
109705	-0.191066616722615
17619	-0.374014669615854
9256	-0.200910086630177
692	-0.394532110757527
291	-0.077922923146016
6084	-0.177757819850023
6094	-0.171994663421725
7555	-0.170621072609785
6120	-0.166165951905911
7712	-0.170508481000964
6308	-0.169263061234027
9646	-0.160865699071729
10781	-0.158168267600791
15802	-0.170501806850846
17976	-0.159445037749449
7767	-0.170505165176607
7604	-0.170395413617525
7010	-0.169151345619797
6163	-0.168103184644902
6340	-0.163517376075595
8560	-0.170505143266967
11094	-0.170501821810772
11023	-0.170392083283319
11055	-0.170456950743892
10786	-0.169039160744001
7619	-0.164615304071396
10755	-0.167985522230787
11551	-0.169039640115237
349	-0.17050515057365
11035	-0.170501799635569
11104	-0.164718465459546
10795	-0.163300418994225
10445	-0.159339711786173
7849	-0.170505157763355
17558	-0.170505157493955
13439	-0.159226402628809
13402	-0.167750255754351
14840	-0.170505164838869
13448	-0.159441197893197
13619	-0.170505171802890
7890	-0.170505178658034
11882	-0.170505185406833
11883	-0.170505192051744
10540	-0.170505205039350
7929	-0.170505229867955
11897	-0.170505235848442
11899	-0.170505241742207
12017	-0.170505247551124
12072	-0.170505253277011
11900	-0.170505258921635
11901	-0.170505264486716
11146	-0.170505269973922
11902	-0.170505275384877
10542	-0.170505296297109
11906	-0.170505316108148
8878	-0.143812901599762
11585	-0.323109505734421
11557190	-0.352890299618524
10452	-0.332348675414213
10784857	-0.332338719067814
108106	-0.331274955757425
127983	-0.331974029788376
78828	-0.352974964721084
68328	-0.372125494711166
67414	-0.331274955757425
13837650	-0.214484807142895
13853215	-0.191822073718457
9392	-0.202338364474167
10765	-0.155063464998674
7674	-0.146886345410680
14998	-0.380966239280190
10614293	-0.159339711786173
61149	-0.225936830249265
6156	-0.166606562375243
12201	-0.163256884539021
11109	-0.306948088059971
24142	-0.170693341533586
13622	-0.170693335295667
16180	-0.170693328961606
7891	-0.306948041749458
12446	-0.168797039352956
29025	-0.170693302388327
12635	-0.170693315996028
11121	-0.170688839171118
7713	-0.306952295442931
12809	-0.306948038974353
7833	-0.170693238907822
7556	-0.307078383989216
7954	-0.308595292985590
555074	-0.181125900506030
7957	-0.175211977592063
4516601	-0.181126041344310
56442	-0.181285491003409
4483639	-0.181130783019298
4516599	-0.168912021422673
4512361	-0.181126041344310
4483638	-0.181130783019298
4449912	-0.181285491003409
4512642	-0.168912021422673
18410	-0.170505132990297
22408	9.212828167831981
66675	-0.161188413115123
10113	-0.179453555655999
9484	-0.172297888628833
23208	-0.2100000000000
6085	-0.315819182587230
7024	-0.146886307870935
15438	-0.145410214216331
8896	-0.152797442108960
14751	-0.145522378546778
221117	-0.161991077794157
7787	-0.152797442108960
8908	-0.152797442108960
8909	-0.152797442108960
8910	-0.152797442108960
71433	-0.303287974183747
22814	-0.152622591811186
9095782	-0.222385380452541
6151	-0.178399912391814
14299946	-0.350501518492692
6188	-0.203858870061096
11099	-0.304995312003472
73583	-0.18619695662833
7340	-0.302877527448911
8158	-0.303655401828784
11110	-0.306803057018404
9642	-0.274370147356695
12577	-0.240485602790131
11996	-0.375328866643236
10756390	-0.331594290863695
62827	-0.243959162190003
7626	-0.375319647414515
10265264	-0.146761352920165
13835550	-0.361754279002868
56117	-0.357064786906467
11230	-0.345577531557677
63631	-0.343145301796262
11086	-0.156712353326919
21106179	-0.195242201876534
11841	-0.380121808585104
6402	-0.1534233779873
1406720	-0.144314038207318
2056044	-0.234539591669578
1114	-0.348090481903355
14692	-0.306948039360676
10179173	-0.146761352920165
21800	-0.161991077794157
8544	-0.140500559273198
7788	-0.142310734047122
4927801	-0.331274955757426
9088156	-0.357058398132154
29040	-0.240447572999234
10325078	-0.207625547228941
55188	-0.405371459938912
7624	-0.311581547180715
68224	-0.324532228291315
24263	-0.171197151629110
6364	-0.140629480934466
11749	-0.410683940901935
14672	-0.405624790956396
11228	-0.408402418020755
11864	-0.422983570409612
12209	-0.422983641097617
11857	-0.164821247940816
391428	-0.171197151629110
10733068	-0.331715991262989
454638	-0.169179819857982
12456	-0.170785430357263
17880	-0.170785422486489
11845	-0.170770564463396
11806	-0.165191096706396
9990	-0.176189995175965
6309	-0.293085342228441
7557	-0.294572410762131
558883	-0.178683176603871
56020	-0.178683176603871
10124	-0.157858911021788
6111	-0.152797442108960
10265270	-0.151146393858043
14198	-0.153542630886805
7794	-0.315509732398076
7180	-0.157564062999666
9286	-0.226873280662695
9411	-0.308799193030937
14441700	-0.203516867268117
6148	-0.182851587906888
6149	-0.188947734046024
15765	-0.161991077794157
553642	-0.151205462073766
15413	-0.335622865628896
7182	-0.168844483540514
10669	-0.142111044762531
66567	-0.373674241075112
6132	-0.206951348658604
8569	-0.380642287118927
12220	-0.380647821958480
7823	-0.380655994253697
11849	-0.380914996383984
10441	-0.411190604095740
3168	-0.381188044916673
11833	-0.410930092153237
455420	-0.410934328390676
10709	-0.410937834200385
7558	-0.138262146359417
6095	-0.178480849371831
10179239	-0.151146393858043
12197	-0.267875458497285
11761	-0.155750425810714
6108	-0.198253480542155
69914	-0.324532228291315
59573	-0.360060664569233
70850	-0.353058781314895
38403	-0.279637807148572
11671339	-0.327796096839166
7956	-0.413989067099258
55090	-0.166755175869649
11180	-0.414921178606073
274	-0.291304937455752
6145	-0.325588311189521
10053	-0.136801645920692
28993	-0.173256958685984
59483	-0.286881914641478
11811	-0.354688074451912
7777	-0.354681586952345
15482	-0.316003372664152
454215	-0.202589635350410
7856	-0.315996422509775
8562	-0.316006497465092
10054	-0.167033453709469
7730	-0.316501120847175
11739	-0.389826871066571
11056	-0.389824147207572
6146	-0.415690964849120
9461	-0.344499647242296
654	-0.357422035877071
11194	-0.389294959200067
6165	-0.389831180221075
11216	-0.389556606452703
62230	-0.389288827226867
16791	-0.175986235077297
18717	-0.391967063219675
11210	-0.389295909339050
518	N/A
11117	-0.160791090697632
205483	-0.322932168539375
10979	-0.171156887036950
61346	-0.202864920651403
6186	-0.194489964342521
391	-0.195976570420901
69371	-0.151747529598523
69569	-0.336726274812482
6310	-0.329746819877288
7606	-0.329985297682799
7181	-0.152457875726637
99596	-0.200498607831411
23255	-0.327771441027172
6123	-0.327772062604713
4514529	-0.192471858437651
11351244	-0.263747160560239
499714	-0.281084078993254
78467	-0.386002487636622
16841	-0.2352790137803
2062437	-0.189421591325750
61266	-0.261261454396156
15954	-0.392499473382492
11819	-0.392770334366983
7622	-0.392757915832682
99440	-0.392750793558769
11239	-0.392503870979346
11543	-0.417715868223147
10790	-0.392236546233576
6187	-0.204981567350782
2656	-0.368356062520684
6827	-0.143946263298608
20939	-0.171237227955097
9016	-0.186584854279056
7817	-0.353654217400373
11788	-0.335805292544012
13835316	-0.148938369052228
6270	-0.312382330607738
454209	-0.207621680556148
9633	-0.250658125928305
9377	-0.250648515858695
9243	-0.250930139889788
11148	-0.287298674925307
923	-0.109873053720014
6121	-0.170381195503431
8576	-0.330011127722231
7851	-0.330004296410986
15387	-0.330007724124066
6315	-0.170103212787799
7811	-0.363881955097271
7835	-0.330000844324867
7769	-0.329993866664117
7716	-0.329990460150619
7564	-0.363907447452970
6101	-0.330243518466205
6089	-0.367455384569290
6118	-0.140177418833482
8577	-0.178884830238678
14349	-0.232986406712155
7852	-0.232985338072236
14680	-0.178863359195677
7776	-0.178848486242106
7330	-0.153164539334416
6122	-0.138201537493632
63863	-0.372466919844605
2282428	-0.242069185884444
15486	-0.392499171899346
7732	-0.353927529083687
18920	-0.392773319403722
11861	-0.392776530865223
123993	-0.392222413539699
11036	-0.392500500634721
11029	-0.392490852220925
11794	-0.392767623902090
11732	-0.395701238840989
10511	-0.392770479349243
21011	-0.392764907246454
11678	-0.418102122590894
7533	-0.395446004878024
3644	-0.418896894870653
6320	-0.392771905331087
10947	-0.392504821294723
6164	-0.395185904350240
11729	-0.223913356568478
9254	-0.236877749723359
9251	-0.237486092428774
6307	-0.157474038663249
62589	-0.345252322929445
7686	-0.343000532031909
13837280	-0.144798556805426
9253	-0.1978907926379
13255	-0.374758005432185
10512	-0.173464070304224
13837797	-0.372614483202652
16641	-0.252625698677991
6098	-0.243254314179091
10536	-0.170406447814102
7827	-0.166103802067627
9233	-0.161970982049562
18607	-0.223702547091781
5730	-0.118298807364941
3441	-0.168223464032568
83734	-0.214831460089365
217	-0.343435673461848
56559	-0.395753794411865
9053802	-0.395743064266070
10787	-0.392496781118912
29000	-0.395708334623636
11793	-0.395720712170852
10526	-0.173471911612019
120464	-0.166479433597874
7434	-0.395446149455607
7459	-0.395450319854826
11024	-0.395710993327904
6312	-0.421345167852344
8398	-0.395447634396146
24590970	-0.180612189060381
7733	-0.326367140573815
56144	-0.239232025959623
23055	-0.192989166608313
6130	-0.220307348111595
7850	-0.173487224082639
11865	-0.173479629624224
7714	-0.173456326519574
10437	-0.173459134230643
6097	-0.173736656223687
12219	-0.170785437620223
7848	-0.170785431170033
61487	-0.160336527977160
11863	-0.170785422730485
7810	-0.170785102621109
7766	-0.170764034429180
7711	-0.170160083269023
7552	-0.162917322784466
6092	-0.143560330591196
7791	-0.315985104957283
12010	-0.170785226255809
11830	-0.170773661656985
10497	-0.170437861753739
31029	-0.166241485590514
6100	-0.143162107098506
12228	N/A
6042	-0.117773013304229
553742	-0.187605006605115
13836713	-0.226292193033992
13803	-0.338699208951312
11898	-0.395759067775778
72522	-0.395756437295490
7928	-0.395753792116684
14348	-0.395751132115487
2581	-0.395748457166627
11891	-0.395745767143412
7917	-0.395743061917713
7915	-0.395740341359938
7901	-0.395737605339014
7892	-0.395734853722366
7882	-0.395732086375898
8574	-0.421720793378775
932	-0.421719350035312
7812	-0.421716440181248
7837	-0.395723688593205
6040	-0.395718010038397
258	-0.421714133093128
1004	-0.421734982730327
682	-0.422125210921521
7815	-0.178855979520495
7560	-0.1788433813066
6103	-0.233762459172020
6635	-0.143226530204489
14829	-0.193294536795556
6087	-0.223427551482310
11525	-0.388455460560344
7721	-0.1788410570316
6083	-0.201366208660120
1039	-0.226407577851608
6088	-0.167104542522008
864	-0.425376469352967
13837281	-0.140288695436193
937	-0.411000247848443
56232	-0.227332461475803
71390	-0.225651425220428
5979	-0.136371353613603
13837190	-0.386460740975953
7074	-0.311833853451915
15077490	-0.198315121563526
13872989	-0.416968967345574
13638	-0.315992371060624
7170	-0.161413245389754
10534	-0.163738245729762
6128	-0.211224440605442
9391	-0.383602042603762
6086	-0.433050408607692
10410	-0.164481976569109
68503	-0.364279414012551
10675065	-0.240749397367344
14694	-0.200899575568636
7090	-0.190950975506197
7028	-0.400029818962077
63156	-0.395719975411797
12626	-0.395706533486115
62597	-0.395402428124045
15803	-0.392198259125369
10487	-0.169816723371434
13492	-0.170505176726523
15747	-0.170505183505203
8356	-0.160131891881414
13849981	-0.385495109584470
12933	-0.335427640950670
6105	-0.239393235409262
18971812	-0.236250644330010
14688	-0.227334481950245
6125	-0.146537378224531
13835977	-0.359273849054356
5977	-0.149915946410923
71876	-0.312108932736425
7128	-0.170405228422015
7183	-0.150483464255555
7088	-0.156174993036871
15461	-0.154920948554517
13299573	-0.207482372528281
107412	-0.226277167609953
7073	-0.315188015899714
455353	-0.393456012361882
16778	-0.393451140633104
7705	-0.393441360415378
2340753	-0.201399280369709
7728	-0.408770311809555
8554	-0.402852162961530
10340	-0.4093512163907
21112738	-0.198702399009626
4481813	-0.266970070887163
13487	-0.170505169840789
7385	-0.170257835598109
8531	-0.167095354459603
7448	-0.167098770766697
4514586	-0.163003559526270
764	-0.386683190637272
10325184	-0.201949375948980
6406	-0.315428388008366
12066	-0.371716562096671
7738	-0.368305063743932
7098	-0.385698289988078
10404	-0.170505103333973
7419	-0.170498247126248
7219	-0.171874545375674
11660	-0.150483377851020
6999	-0.148990470555550
5026296	-0.391914176861432
18688	-0.315524120995326
7737	-0.380627853051229
13871721	-0.416949362026179
1108	-0.173357047290585
236	-0.180664866071845
7521	-0.150483281128817
7641	-0.150381287588269
7659	-0.150273429896106
11871	-0.165716711830586
55130	-0.312883286808338
10433	-0.315391773349871
11992	-0.312887538944284
13836399	-0.418328238538853
7703	-0.345322541624764
10253	-0.148896629944960
60886	-0.256925190946469
83962	-0.311954130335593
12161	-0.345713932332493
7671	-0.312808235704503
10446	-0.310055739773079
62249	-0.318578231726557
11526	-0.327907077536458
13571291	-0.426043740518227
71312	-0.242683531914561
7026	-0.418077265146802
7678	-0.418078764754772
9970	-0.392490784200865
7672	-0.139620130227795
7786	-0.140754805789714
8335	-0.166976923122852
6301	-0.385495109584470
10606755	-0.350435874116951
7657	-0.315924403738407
22453	-0.315724437166495
7065	-0.315728774750626
11193	-0.331136690208097
13836591	-0.418325430558215
13875283	-0.238862738165886
7553	-0.189300757543626
11409	-0.148999976629420
13249	-0.331582370900797
3631	-0.287999603729859
13835836	-0.353929990311091
55084	-0.315655499676487
7694	-0.315652178710824
7482	-0.315658505336536
11716	-0.31565983814606
11045	-0.315656472529529
7515	-0.315662776617772
13836549	-0.256628866475617
7546	-0.393849744611953
7677	-0.327500571233411
13836674	-0.212309378429116
2293678	-0.187453363062379
6967	-0.149102878205467
6977	-0.150375279379672
21168808	-0.232766636979889
960	-0.351388843712521
6177	-0.331141177462562
61213	-0.205705374565504
20545	-0.331591823095114
7472	-0.312821027788939
11207996	-0.312889267967028
29016	-0.315853700330672
7747	-0.315595449607871
7627	-0.313091185803256
10571	-0.318782895678278
7076	-0.312098552333112
6649	-0.331337929353110
8012	-0.331341916897971
7003	-0.307951809142743
13854944	-0.419830928617948
6104	-0.185134112248296
4937830	-0.313831276016331
61191	-0.385713829790490
9614	-0.238859788101961
7739	-0.151741862862507
8883	-0.143577567577128
7757	-0.315948924967593
7511	-0.315942073847532
7509	-0.315938610730814
29005	-0.315935122277227
10420	-0.315931611826902
7478	-0.293624516126152
7475	-0.315928883725259
7463	-0.315932492791033
6333	-0.347371750611346
21111806	-0.239722292349061
10364	-0.133893749929809
21111820	-0.151437642471163
21171407	-0.151817731238909
3210	-0.391699662247242
10756	-0.413622082913740
11910	-0.302270536069719
7469	-0.331545423859885
7064	-0.331345135633534
60329	-0.379656515356864
13842001	-0.419832158745608
13850082	-0.305331787966048
21106169	-0.408655593620663
7872	-0.315873966894874
7875	-0.315880797980008
7913	-0.315887531135634
7670	-0.299179481805954
8568	-0.315867035718333
14846	-0.318999611581017
7800	-0.318996180114586
11843	-0.315863532711452
29012	-0.315860150423679
10797	-0.298617593901307
7538	-0.318992723735274
7536	-0.318989242237913
11755	-0.315538231725442
7706	-0.315866437673265
7761	-0.318299084813027
10492	-0.318038050390150
11680	-0.318982375827504
11706	-0.318985738905809
10653	-0.318986624873668
68179	-0.260931249392094
10001	-0.331542246232672
6341	-0.331346324999221
11727	-0.284160363955775
7727	-0.409725061731339
3951	-0.347090250132495
21108550	-0.239833875514878
13836021	-0.419850426333899
9724	-0.161869443778995
11731	-0.171358814079996
8950	-0.170145751404771
14866	-0.302994656621206
6720	-0.298872857188920
13850142	-0.414856652356776
558917	-0.391685772253827
11153	-0.253124689016085
7559	-0.382195266039863
558928	-0.187605006605115
415	-0.363753871179712
390927	-0.389543105220439
10236	-0.148995975591398
7012	-0.302558650500354
11065	-0.302846001554059
28981	-0.302559252927279
99681	-0.309495648349688
8525	-0.316136138243567
6176	-0.298910505036118
7081	-0.302551812532070
6313	-0.388848367741813
13837702	-0.363887619497976
9903	-0.130625675395601
13849989	-0.391685749005366
55123	-0.318312738054606
12012	-0.318309241348454
7534	-0.299196906779407
10791	-0.298912634182790
11125	-0.318305897250412
7782	-0.318312786092059
8552	-0.351368777723076
7701	-0.331549470633844
6316	-0.171646430710150
9325	-0.262300815501085
13866593	-0.363892816969939
11911	-0.167204837431659
55091	-0.288836780413459
552744	-0.328173959755028
7888	-0.331569481222857
12013	-0.331575970120513
123860	-0.379304351384811
28986	-0.299193378336998
2863	-0.331566203157639
6335	-0.319190270431842
7803	-0.331556231672061
259	-0.351365016956018
7616	-0.286714364200276
171	-0.351666803410558
24641	-0.299688457418967
7129	-0.158575936029694
7866	-0.331562902369841
3756	-0.331572736800041
10033	-0.331588685351815
30713	-0.241890391059068
10788	-0.299199045683360
7621	-0.2994868522394
8329688	-0.206083173937712
10777	-0.299206329722313
441	-0.389463650073016
7838	-0.302864245000158
5949	-0.302860389210017
370	-0.351372895286404
29029	-0.389464492718120
7772	-0.302856506951896
256	-0.302852811953898
512	-0.389508149961228
1005	-0.351378287378502
2018460	-0.189311756372939
21169510	-0.311338078808646
48024	-0.342082093408087
7013	-0.213589753353435
7676	-0.202655602551473
13875281	-0.202036097933137
7220	-0.160057653269077
7248	-0.150421310595680
11661	-0.150659181088267
12674	-0.142024700308849
8097	-0.130634171181231
12071	-0.331594915213477
10035	-0.331597998954243
12972	-0.299208340781539
9976	-0.299200726608084
7514	-0.299203864738748
215929	-0.299207746490389
11025	-0.299200174156322
7734	-0.318586849378787
7016	-0.299207371047701
1087	-0.261316444542850
60524	-0.266746885142497
72551	-0.299854908454853
763	-0.363699434220604
1095	-0.210430052200819
6179	-0.139938307749706
2038738	-0.422667608805891
11154	-0.162159698550678
12259	-0.147622183038111
3973	-0.351485945655233
13836589	-0.408747904429533
172	-0.390170709780652
13836520	-0.390261075261515
22191	-0.299854871198216
75951	-0.299854861406508
72793	-0.299693848965335
13835336	-0.394444989543094
13875230	-0.172777953368587
18219	-0.162890842068526
4514549	-0.105752742394378
10801109	-0.476304765753874
15016	-0.330037518167883
29004	-0.343626860614141
7871	-0.299517862320098
21153	-0.299521613065959
7802	-0.299505176241901
12218	-0.299514081956478
12632	-0.299510271621518
7760	-0.299501294888034
11095	-0.299497386714824
21106173	-0.343626860614141
7607	-0.299493669432815
13866746	-0.256895119771346
7577	-0.352092492971151
7506	-0.302865186340493
13835861	-0.419074940347705
6326	-0.209781663536767
9228	-0.238867318462095
29036	-0.160896163596068
13838404	-0.134466678577187
7239	-0.216733382261868
11647	-0.312533204289811
7530	-0.332056622026966
21106535	-0.389039710407469
6119	-0.155264779734542
10251740	-0.3922070203876
9326	-0.404769941237540
2916	-0.166165377593192
558875	-0.168972953507346
6106	-0.137610148323593
3544	-0.331351128092775
1266019	-0.311718238882689
109838	-0.38183199618775
6321	-0.299501627481187
175	-0.299794849716148
13874867	-0.349486586312126
6314	-0.297775042838210
4510484	-0.297768920202952
68832	-0.299859387644650
62530	-0.226966370623636
13842613	-0.288944080901133
7391	-0.370927979224045
7984	-0.420372965229998
11809	-0.421574812953529
7242	-0.226971329504020
58234	-0.391914176861432
26325086	-0.326623233196829
13862665	-0.311710198770564
15443	-0.302555515977213
124968	-0.220326909550248
9581	-0.373765940835107
66809	-0.385371407837647
221082	-0.180776782036089
13875320	-0.178600460344366
6642	-0.147516892482473
62826	-0.226304506067653
13835376	-0.379573216817693
127750	-0.381811935987430
12442	-0.280076056149219
13857694	-0.163962452295061
7673	-0.179313906333909
7443	-0.385703861421713
7662	-0.163885829903596
1609	-0.410890973306583
363458	-0.397005117972289
7684	-0.378055413797920
61111	-0.265207698876619
13875196	-0.373873503032686
11042	-0.226959931200374
24972	-0.223565682788657
28992	-0.224545982939238
13875160	-0.202655197166149
13875258	-0.172915685715923
73479	-0.385409488732756
8935	-0.390328760544379
15093	-0.351340580856754
9994	-0.402590318625195
29015	-0.397369337664728
278	-0.354296388261433
4446445	-0.298071143500781
4444608	-0.382152003326819
394562	-0.298055498984690
13839199	-0.291785039547677
18724	-0.230553457026579
7238	-0.373871056627598
21105959	-0.401189847826909
13866817	-0.164036806847732
13875392	-0.172960772415175
13839575	-0.408764537976481
6322	-0.294690885250568
558020	-0.242009102960707
733	-0.417763908633278
6342	-0.173516399387775
21132380	-0.227232947972257
7551	-0.192232111008927
12244	-0.385390363545733
1266393	-0.299812050009178
13677	-0.167962266415831
124	-0.385728963110333
132	-0.385725884726644
21106015	-0.419115445686662
65750	-0.230559941367801
63903	-0.230549462586051
10940	-0.226959101823436
13865438	-0.373873201967445
7223	-0.362791928169113
13868640	-0.134168092777770
29001	-0.299997194175986
59674	-0.394759441720363
21106135	-0.373862849189073
10248	-0.385114276423229
13837988	-0.197855719229731
8528	-0.335480267050656
8900	-0.2188581409814
10400	-0.286398500547852
8067	-0.192398331174234
13839109	-0.378588808425004
13837537	-0.399825961742654
21105905	-0.230261772593913
11077	-0.229976992950466
13839123	-0.385408451754243
9911	-0.385400786756395
13839174	-0.408552913298846
906	-0.178616099379114
7630	-0.266638495495207
13865426	-0.315850900629048
13884973	-0.415098738686846
10710415	-0.383604851291666
8543	-0.218368801348078
13835604	-0.419871784062899
6093	-0.190963138113649
59447	-0.313702027719935
21106560	-0.230544125619398
20843	-0.224545099020326
15965	-0.315194834641791
70682	-0.196199067592418
13658	-0.220950636053420
11862	-0.196196311784484
7710	-0.195917195664809
7809	-0.196194780627363
7765	-0.196184640459527
69177	-0.385106324086502
21111822	-0.173086281238120
6794	-0.294892484019340
7681	-0.217392234830899
26516	-0.171852766078750
17131	-0.338078901230162
10772140	-0.335788992541682
7190	-0.331084576381276
63054	-0.379292916948939
18801	-0.395736267506919
68156	-0.395733505264350
21106520	-0.230266548689956
16119	-0.385103848760713
10244	-0.385095899097301
924	-0.337606426841828
13862559	-0.163492885850867
6788	-0.150369155939292
7131	-0.417568474800489
7466	-0.303138331730628
13861343	-0.252628881673254
73412	-0.218638653052948
8904	-0.290813240666636
13874733	-0.230538983184186
24535	-0.224403568029740
25552	-0.224259881735233
10437215	-0.352416457159651
12225	-0.209111768268663
13839151	-0.385398345818859
13848808	-0.407965196504852
8140	-0.383504066502935
11087	-0.140790569922913
10909	-0.150369291234129
10918	-0.150369264519858
15489	-0.163111132147063
2441	-0.298560319501810
12499	-0.379295391526329
7480	-0.2811198262303
10939	-0.298894242076823
7018	-0.417796853828717
11784	-0.228390588057805
13839128	-0.385398077633564
8868	-0.409278815586147
7518	-0.163097544231397
21106019	-0.302188662649933
7528	-0.311844569557206
24533	-0.227127778521480
1020	-0.230554456028303
2039535	-0.352686798299744
13839110	-0.385684431315407
21105998	-0.408906999854176
13865680	-0.408948163171681
11604	-0.385695103288768
8374	-0.315188449818410
21106586	-0.315641490823029
11756	-0.204263527839318
8733	-0.395681581767546
13835459	-0.342116790340459
71089	-0.210519690807045
7688	-0.227155755516456
8902	-0.139434962875471
10937	-0.230250003690764
6897	-0.315464624411087
773	-0.349176818260027
17443	-0.384341475705394
6883	-0.318518741390796
11785	-0.230420133067353
15495	-0.407969587432959
1141	-0.357030562182971
7240	-0.294892632719384
503239	-0.298578057546567
13860641	-0.352860890821628
6974	-0.383878796414681
21106571	-0.163455258812117
10908	-0.148984454267512
3463	-0.166476324910534
16388	-0.3385035876631
6828	-0.168088965012564
7161	-0.298429513540563
592	-0.404865085901565
8141	-0.299185328820046
7679	-0.299188900340434
4444456	-0.212008913718323
83866	-0.414337538058034
66996	-0.189003792959769
21105897	-0.407966477452304
15427	-0.36388355565127
5830	-0.421669764884096
13840690	-0.217139535645644
13839105	-0.385694989770229
11667	-0.373872209008618
13835772	-0.408968290583841
61538	-0.385400726076146
238	-0.331081554500646
13864445	-0.193320004760735
21108548	-0.238862672425330
13047	-0.381135397437597
21106163	-0.197576157534289
967	-0.380745425420204
13876103	-0.382902033096865
2018165	-0.233023032651726
14256731	-0.300167555243140
6311	-0.262335958261337
11699	-0.303135307049764
12643	-0.388438645402056
83850	-0.414337538058034
30595	-0.318514100419171
13839082	-0.385702624263553
13865424	-0.302187289137043
13853758	-0.322734164015407
13860335	-0.420787828199282
4366810	-0.303142470588398
10422	-0.303138812681410
11695	-0.303132158869146
13229	-0.162504549908258
24099	-0.395730036537025
11576	-0.331087706188821
7175	-0.318521826430054
7157	-0.318521718528978
12060	-0.385708475228909
14678	-0.385711346266170
11021	-0.395120263405916
21105871	-0.409363614234649
466305	-0.365106752072413
13837686	-0.383502923065365
61411	-0.385392835625624
917	-0.302332031338372
21106519	-0.322738072529521
65	-0.383430513564624
13029	-0.381212497568776
13875356	-0.134107052503352
19766	-0.383354647258496
12044	-0.178616190682893
12682	-0.150369397592965
10181341	-0.331542158091553
748	-0.443253347380605
71628	-0.302647196549130
7568	-0.429943488130336
13839553	-0.421541865464283
9363	-0.244332427067616
6296	-0.294356945330669
9574	-0.331088640363569
971	-0.409384614172307
13846663	-0.409389646653533
21106091	-0.385714092869099
10246	-0.385687125570278
70715	-0.192950009829252
13871718	-0.421718820878683
2654	-0.265501130623117
9547	-0.331008405191851
92731	-0.226126621954884
62632	-0.262675250589595
78998	-0.262671039333006
11884	-0.262662501469866
16177	-0.262658173800703
15853	-0.262653806248278
67360	-0.262649398256244
11866	-0.262635925923407
15846	-0.262644949257815
7566	-0.436813315997692
29026	-0.262640458675435
11846	-0.262631350758080
7770	-0.262626745234201
7717	-0.436739421722784
6102	-0.437787237514880
21109330	-0.411190558438507
10948	-0.414773488556757
13835293	-0.420763500644841
13835224	-0.415152320325721
13839441	-0.421735247571119
13835235	-0.418353059330297
62808	-0.2357996305704
7236	-0.266743297357565
11589	-0.331087722699801
79969	-0.331094298421973
21106366	-0.299483952116957
62310	-0.407968027792220
7420	-0.173487182183723
28982	-0.385705610398950
19709	-0.382873756430623
21168831	-0.173458933401943
55443	-0.395733450768113
453675	-0.395736210360612
60121	-0.382882239612642
69340	-0.395730673650147
10992	-0.395120110174696
6633	-0.403067579766586
16804	-0.385098346264165
21159695	-0.322734568156449
455090	-0.312624284723624
57726	-0.414408317077650
7234	-0.311484239642328
6630	-0.322282359649506
71437	-0.185983017908521
13063	-0.169759936861236
558878	-0.298068491955090
2005981	-0.316332427912298
25886	-0.298914077452760
71430	-0.356105906570010
7736	-0.307000657400093
447	-0.405327491880659
21106525	-0.322730676115313
18707	-0.406189400733206
559096	-0.329252661171075
13868660	-0.163077854676427
707	-0.204267738593729
7140	-0.331084467696758
8070	-0.331076838550330
387	-0.188832452264614
10018	-0.373892700856224
61001	-0.298844947343605
13854136	-0.352884755373746
1664	-0.322816194902643
20570	-0.325653578522651
13854248	-0.321178544214853
7001	-0.383431207327718
11366	-0.385557336154433
21106540	-0.193058704984655
21106570	-0.193051388760606
15855	-0.294079071075283
7790	-0.348678194983467
13835209	-0.421728651548109
8903	-0.213562408093720
62489	-0.401372609097376
8899	-0.278313331766235
13634	-0.229923500008510
13630	-0.230441417558620
13869434	-0.322498915245214
553578	-0.298068491955090
66565	-0.244117357484794
10437135	-0.367983839803209
66021	-0.225424108882051
7221	-0.230523765854123
10857	-0.383426353406936
7383	-0.171564145645232
13030	-0.383353668444950
6339	-0.154690448228227
6736	-0.148771478981650
10851	-0.148771586455999
10850	-0.148665396486187
23977588	-0.268806317092054
434	-0.331084855112990
24043	-0.140183954565666
12069	-0.170784979587937
191367	-0.170754351139952
11799	-0.169854036216933
7615	-0.158596576986513
6338	-0.189645430810526
11265	-0.157980683980652
6135	-0.190467816276013
72056	-0.421744683942836
34095	-0.421742041888062
18685	-0.421740710726744
62628	-0.421739372740157
67653	-0.218654629963518
11875	-0.421738027875108
21106032	-0.218639339214148
7021	-0.290468450264263
1348	-0.332043338762399
66896	-0.298551207776099
62534	-0.260890971009372
62408	-0.260890728591806
7389	-0.260887615116303
13848467	-0.418325708046325
72556	-0.421538279489937
13835151	-0.322727098541778
10991	-0.322723220740906
13860692	-0.322719735082446
13869462	-0.322506305283648
38364	-0.194059843090374
12045	-0.178619887560338
2003	-0.166057477317528
17784	-0.157988988092844
12637	-0.327729777750937
13839416	-0.421736675691271
11694	-0.261696755422339
29008	-0.315980583638170
2606	-0.383230923807456
21106524	-0.302175826588122
12823	-0.420789265873171
5889	-0.353312230926896
81815	-0.161473055766515
13840647	-0.322499234167981
13875212	-0.174667858520320
9579	-0.331089791460275
21105859	-0.3951640331992
19475	-0.199002203658413
9874	-0.331338173972122
13647	-0.133096395275408
9350	-0.385702514352698
21168826	-0.302187113831028
10801842	-0.273189246466093
65785	-0.370696280095511
13860491	-0.322723229701019
6780	-0.226337127142708
10841	-0.147406637542957
5593	-0.288568186067089
25889	-0.160747292516272
25890	-0.170763832489734
10227261	-0.385099313582215
220998	-0.170763837578331
12954	-0.170162312377818
9454	-0.351342519852898
9360	-0.385594956894676
13851576	-0.194426071504509
21105848	-0.387332443407243
12047	-0.168088916944994
16736498	-0.268806317092054
913	-0.331048917664366
6478	-0.129985598200658
6745	-0.331333622438636
8912	-0.397420592850964
12229	-0.272402395150468
6898	-0.299620647881373
10849	-0.148768598832484
11038	-0.138840724641483
89076	-0.348705020396696
21105870	-0.416954307067714
199342	-0.302589789603058
19477	-0.170162305116364
6287	-0.284667170257980
13811	-0.261175195553440
14169248	-0.276209891587604
1019	-0.238383443278908
10437074	-0.211381385898334
21105878	-0.374850929394526
21168813	-0.298826654047613
235	-0.387768512374639
8186	-0.298827548344923
11596	-0.370960427457516
13860775	-0.399845130945716
6674	-0.331039376366497
11083	-0.385556536703256
2206	-0.279896598546107
13872122	-0.172191535533013
8098	-0.230235202921893
10328	-0.407699407966155
6737	-0.201912847640326
6789	-0.163086738932915
15861	-0.148768703506498
7600	-0.390187669762221
4445317	-0.294716528204161
11632	-0.163243695110067
7961	-0.412944249382648
13885245	-0.315925105769790
8674	-0.401391490251516
7132	-0.298823085638413
13856352	-0.363820772809550
8071	-0.331030387924722
11783	-0.228758640611772
10980	-0.331084973775754
21106172	-0.381290586809128
27488	-0.168657811926102
10813	-0.148664677343593
7202	-0.172881936643028
30516	-0.170162306018040
26325090	-0.323533758265084
21112023	-0.298836734967011
13876539	-0.302843102134895
21106018	-0.385693682828560
68676	-0.318526493100178
551	-0.360006879173802
11776	-0.134044161255471
66895	-0.298536558145040
66887	-0.298532823740432
9893	-0.298522154217503
63518	-0.298529059936791
59482	-0.298525270597389
6881	-0.298529038980967
13839308	-0.436572311199467
10586285	-0.287867539762343
218253	-0.167415399987333
8341	-0.409365399176257
20198	-0.332192598657234
7689	-0.203730480851891
63310	-0.274895714359953
7299	-0.171499520174767
10829	-0.148765565082972
191	-0.351404809970068
12957	-0.218507738284885
84036	-0.163313767206232
68152	-0.214104347687814
24041	-0.218502334946976
19953955	-0.316493814110695
13835630	-0.419871884514742
14556	-0.315469488235744
21106140	-0.371964954373461
13863618	-0.408447889100337
13837787	-0.405595971955821
1361549	-0.297788381662876
10831	-0.148768577277614
23886	-0.163693445166851
33421	-0.166406691965979
992	-0.350658118495638
70714	-0.211754288983677
13875432	-0.385628517750476
12640	-0.211147666597848
6480	-0.226019874543146
15755	-0.163798950778538
14995	-0.163692329766297
14994	-0.201910968784665
67470	-0.163875527484644
15476	-0.163874426917171
15756	-0.164027507245574
1906	-0.385999722677094
6592	-0.169524233700484
21943	-0.218501203235211
10106	-0.284389780966941
19956441	-0.316493895842364
11930	-0.280742924045202
10384035	-0.340161192419395
65936	-0.259869610771971
14227	-0.298827769630183
11584	-0.318522082223496
13867714	-0.285327052841426
6706	-0.384845392984110
6916	-0.385732240149087
19957731	-0.316494139708499
10205670	-0.333795424534140
120489	-0.372542293886482
13875219	-0.385701540893659
7302	-0.360669247628695
70660	-0.349972164893156
16387	-0.378485796499863
502245	-0.318765426190735
5708	-0.163515266935377
16159	-0.212788400311159
13648	-0.297276588820887
9349	-0.322895826629512
63889	-0.206753762824823
13835126	-0.298827963337734
10437210	-0.406951759360782
768	-0.354029469385659
34863	-0.163667371246386
23730	-0.218720306651101
23621376	-0.316493799900176
11332993	-0.281412582913959
21106146	-0.132697177000053
12231	-0.275028991260168
13837760	-0.404885851700228
10008	-0.335618595351433
10972	-0.331084334620753
2079	-0.279896432018061
13869451	-0.322834336023752
4759	-0.372426389259845
33617	-0.372426376002749
11961	-0.346903622411702
15619	-0.150366331371725
6739	-0.385381339599309
953	-0.331193500261598
331	-0.407965401109113
15789876	-0.385104230437048
7224	-0.434035611902631
11600	-0.353966405450440
21106144	-0.187013945807862
13863774	-0.132697330254465
10243171	-0.281412443805078
7138	-0.187080440936011
4878	-0.409192010888925
6604	-0.226137868018143
25677	-0.201617890707992
6840	-0.360056487476544
4590	-0.371316078176582
12816	-0.302189989683005
21111781	-0.387299582494646
123207	-0.206745622838088
776	-0.358819787820007
15475	-0.161573837795881
15477	-0.163617296618064
15478	-0.197820407151087
15524	-0.164027513925979
2297441	-0.278020504239990
158870	-0.163859928836294
157093	-0.163991916924921
83374	-0.163991288252681
457144	-0.163838764617056
135925	-0.163666432969561
457145	-0.163923187868551
8807	-0.144023428977365
8182	-0.332048093585133
19476	-0.215384792069051
13871489	-0.380169468512164
28969	-0.305563525868275
13863629	-0.381633141974850
7278	-0.318978648748676
13644	-0.298830637975629
21106014	-0.302108247536719
13869480	-0.373827471839564
42330	-0.279896434021142
13869339	-0.322891214731130
13875441	-0.385641180064001
30881	-0.372426564988426
14620	-0.372425163923104
6852	-0.401462859965655
6735	-0.132901728059982
30572	-0.347009699419380
392447	-0.328188793687010
67465	-0.281417601723718
4962	-0.408801582683619
21106013	-0.163042970635535
577	-0.33684264124549
26260	-0.148664783887666
4932499	-0.147403924485773
4575338	-0.386094320507919
12586	-0.315011687491921
7964	-0.227409250035123
6193	-0.227399171427673
86394	-0.279907560449521
13860817	-0.321181661918512
21111772	-0.321126582032685
15620	-0.148658766788203
11708	-0.139227980269777
6079	-0.331085630262422
13859497	-0.343063710285732
9943	-0.302137242548458
28973	-0.385769824031650
62517	-0.385667623001983
456015	-0.199995779946277
63906	-0.3021876585389
1446	-0.386239350799002
12133	-0.372423932258985
15621	-0.148762682209302
11632871	-0.399589319566288
13856009	-0.298777077706880
79280	-0.385671145079024
27296	-0.385767425563734
11651	-0.4093901904733
8657	-0.385681319318903
8665	-0.409389970200152
4575	-0.279885390534011
13842573	-0.385701553811062
8876	-0.178619918553707
63908	-0.374135802033718
10181339	-0.331560741388325
86435	-0.373914782551636
21106020	-0.163126937695414
15488	-0.163100184257211
84188	-0.163174816488140
136000	-0.163248523441826
135983	-0.163543692034406
136001	-0.163542663592283
136002	-0.163177243524350
136003	-0.163267607212576
84235	-0.163560313082231
10438331	-0.382811276930102
82755	-0.163949792459282
82712	-0.163874586932996
157094	-0.163811059767418
103011	-0.163950896378853
102798	-0.163613884420057
82762	-0.163691190305358
13849665	-0.313835628488615
24326358	-0.364877169590663
5894	-0.221048959806198
15702	-0.280891688168888
221226	-0.371190451360044
5976	-0.280530709012032
68437	-0.148659469905663
26010	-0.197823619730877
30600	-0.166381768733568
33455	-0.167414661979464
33934	-0.166253467716163
33932	-0.167381713805329
5807	-0.408519038434049
34866	-0.197831684256025
34665	-0.163868911597201
34664	-0.163922789300217
37904	-0.197814859213910
34864	-0.165379721064641
34188	-0.166405896302404
34865	-0.165238394673409
11974	-0.132204681538128
10771217	-0.331542512368054
33416	-0.397442806174669
15409	-0.315943205801762
21106036	-0.262961451591006
120548	-0.301003808630409
11591	-0.331232119374843
11778	-0.322780502130769
44152	-0.306480711757867
11954	-0.321123671187206
8855	-0.273760386150509
11769	-0.385663869277440
18941	-0.278974322846927
29282	-0.280814209001263
6586	-0.350654054224153
2915	-0.226218209090603
13328	-0.366465886615271
8960	-0.383635504541353
10772050	-0.327343262816289
7225	-0.261956332113239
70652	-0.373910605825056
7685	-0.207522548854665
7208	-0.350702763989434
21111817	-0.302121262634702
20124	-0.224540310309633
7406	-0.373905071871086
10498	-0.436266858696104
70988	-0.370963669770808
9564	-0.383331695041962
2923	-0.261790318606842
21106470	-0.223933999389901
10432	-0.385701747016637
56793	-0.197822572346489
454495	-0.197839416773215
40191	-0.163822282414982
56791	-0.163881254710558
35581	-0.163937198225905
56774	-0.197829973769298
82765	-0.201624352844987
7042	-0.384849146978692
2185	-0.183720448789009
4760	-0.278974323434244
12874	-0.280714824761104
13853953	-0.196897240606706
6988	-0.385629335248213
13869414	-0.373893536729282
13860720	-0.322837071390846
11294	-0.385382274647938
457140	-0.193286275751657
27793	-0.193024825390293
82754	-0.193295944291382
457138	-0.193296215442260
102897	-0.193296117763073
457139	-0.193288195027112
102947	-0.163578719650777
97173	-0.163859353190142
102720	-0.163859695909002
102801	-0.163614692457326
102833	-0.1978336831898
102721	-0.163809494129205
102856	-0.163653993792431
102933	-0.161726832572191
103066	-0.163784636820633
97172	-0.161727085192496
64016	-0.331230989415491
4450907	-0.386094320507919
120621	-0.281418685686947
12445	-0.281410157807228
20119	-0.281433226136457
7030	-0.315095669243119
13835932	-0.417751095397657
13257	-0.206741493304760
2937774	-0.315671853809974
62484	-0.318521562437347
1015	-0.286163663605250
87265	-0.302186685995134
12699	-0.167951457639153
21429023	-0.188840028119261
10892	-0.400648280738591
376	-0.351406650514474
13837303	-0.316401208940145
78	-0.433639594768596
13837329	-0.349153413683907
11595	-0.331116963089659
4745	-0.323053714307916
4768	-0.278952520369648
20848	-0.280690387371077
65701	-0.298826934039110
8273	-0.405250155325256
12705	-0.280856050588090
8183	-0.331091001845948
11563	-0.331083900934014
59577	-0.280377773431603
61707	-0.281123486120459
11610	-0.281107378706213
7397	-0.281405797622280
6675	-0.331055824540311
11588	-0.331084300010227
2283071	-0.148762784146987
8319	-0.322489246675513
11003	-0.300669209505518
13104	-0.156944424821477
6334	-0.281442526872155
206561	-0.318729540586824
64699	-0.372019467984562
21106008	-0.387785873501007
5091	-0.331591810749408
55205	-0.281437088776436
13816	-0.281139849104608
11244	-0.281065520225014
247721	-0.319000961324940
71	-0.383795333108587
2169	-0.280832618146432
13303	-0.281485123510212
13302	-0.283492756147861
4489	-0.369885244286084
13835706	-0.339898831138952
26765	-0.281132139125982
192642	-0.280836813880814
122446	-0.280039758709233
21181	-0.281135723248291
11752	-0.281429960943807
2275	-0.315038673629102
10464	-0.281418126246374
6330	-0.281426210061544
11795	-0.281421257716769
173	-0.281728466688318
3918	-0.315598290419535
6790	-0.322728524829206
106355	-0.196887271862807
102741	-0.163834465199360
97055	-0.163321154291632
97198	-0.163844360812431
5993	-0.364305844954147
693	-0.300009681715949
28682	-0.297227635184441
191058	-0.331231183063101
5596	-0.406957836501263
18	-0.383442134384031
6807	-0.406202333439878
13856959	-0.314582892315178
553649	-0.159661852314755
13848341	-0.349596446144336
10864	-0.172649069376712
5027	-0.281463321002902
2271976	-0.420308794288396
10169	-0.169658963512733
8860	-0.285306708986953
10986	-0.331231413715123
5915	-0.280497076022149
7146	-0.3865585800812
6838	-0.341511879086593
34874	-0.197838732267202
36972	-0.193301202808867
56788	-0.197839579489167
533188	-0.197561428005240
35579	-0.197839561392679
16182	-0.163962112971409
46262	-0.197602490258493
35580	-0.163997217532766
82818	-0.197822721229981
56790	-0.166369883857999
56795	-0.197822710267814
33458	-0.197543393174739
82777	-0.165378860702832
35584	-0.197841531636850
56785	-0.163951077433228
56792	-0.165237459511180
34189	-0.164025433748286
34859	-0.197836449226261
84346	-0.201629280070195
56760	-0.197837254165391
56755	-0.197558118763161
33666	-0.201334150087237
8030	-0.331329025881156
8060	-0.407973468292681
13867413	-0.349029734507276
7310	-0.303128715618852
6781	-0.399053381894364
21106365	-0.298816220352358
13865630	-0.316882184424828
26325085	-0.3913945240506
26325087	-0.393260313062585
26325088	-0.393413325781942
7241	-0.259901330325849
12061	-0.262641475973904
61765	-0.411861235832075
15473	-0.164027677223732
17099	-0.197825740046170
17098	-0.164033206747776
33933	-0.163951091042131
15474	-0.164038703700409
34868	-0.197831839988914
37905	-0.193291652536607
34869	-0.197831829113716
37918	-0.197553615904527
37915	-0.166381004740588
34867	-0.166348283433050
25605	-0.197594575745137
26011	-0.166219446397489
34870	-0.197833800701216
34666	-0.163951084262188
21924	-0.166252609536597
36973	-0.197829319003612
37744	-0.201924062815379
46894	-0.193310291310142
45444	-0.197830130340341
56769	-0.197550906204688
56780	-0.19756892278854
34847	-0.197830113462183
39406	-0.197847014857654
35081	-0.163930448966229
56781	-0.197610089467479
56771	-0.163975903398058
3584	-0.373938791454125
6842	-0.141927283596310
4624	-0.386878223479399
10101	-0.319630571903423
10025	-0.351408474056528
5004	-0.351412087868207
28994	-0.305089680159170
9218	-0.281428789681168
13835351	-0.327647360041758
6773	-0.261830953891263
102834	-0.193026511263635
102722	-0.193034361132608
154865	-0.193304204957316
96948	-0.193305324873217
102743	-0.193297384694878
102857	-0.193304369716024
154866	-0.193297676928577
106356	-0.193296351288129
102787	-0.163241876939399
97240	-0.163613280484437
102742	-0.163309254196595
136966	-0.203695744552959
13054	-0.218023555797248
7636	-0.311755745588347
71787	-0.280190793440448
21105795	-0.385968830914459
11629	-0.383115503033811
13853943	-0.349466488081462
21105699	-0.231515390615770
5439	-0.303299240876276
29107	-0.281196380483993
7029	-0.315623721345374
19231	-0.378419830472309
67460	-0.262646258161987
299166	-0.298829942470247
9873	-0.297762181848590
17868	-0.2127869472855
13860434	-0.387824289754497
123	-0.385993746998506
2157	-0.331058720679235
13850879	-0.378021583450712
6524	-0.315853187534068
8243	-0.316117794026186
6528	-0.316117793123023
13837319	-0.316117942740816
8241	-0.316127799005371
11422	-0.279709966293431
6855	-0.298836951393459
13839012	-0.385386271030410
2927	-0.164038357955622
69982	-0.187366856483129
6774	-0.398699633414948
9965	-0.385731666104645
8262	-0.383196947479885
10903	-0.385705146827570
206493	-0.362923036318475
97257	-0.1930344052461
97224	-0.193035713848704
102923	-0.193035424755172
96868	-0.193042358500952
96864	-0.193312086493554
97234	-0.193305276017677
97233	-0.193305168969129
154062	-0.193304333421042
97142	-0.163535885380120
4777	-0.412919170022766
2075	-0.308646597280136
18177	-0.331232496865924
6665	-0.385704444685073
21106148	-0.373876271429327
6023	-0.296997900021452
65763	-0.302118574405181
56782	-0.196904889382037
36977	-0.197564426397593
83414	-0.201338943417524
84348	-0.201634091227543
82823	-0.197565218891548
13846749	-0.385726773674237
11107	-0.262128229715285
11586	-0.318529507476381
21106518	-0.322993800117850
9120	-0.383061796530196
3277	-0.331363535284133
1278	-0.225021701795736
6907	-0.385729489784406
844	-0.350704570826350
62472	-0.318528643240324
6950	-0.183573555048694
744	-0.318913457993750
4444102	-0.408029499225368
26563	-0.397463136749234
6035	-0.385998557003557
3548	-0.295264822140088
392	-0.409383942181729
21108576	-0.323013909230130
1151	-0.374699502609592
10628694	-0.282056421437672
36975	-0.193309286315080
56778	-0.197568253352853
43354	-0.193310468220272
37779	-0.201932531288099
45445	-0.197569083525687
36974	-0.197569066485280
35585	-0.197846334994623
34848	-0.197610130507322
84344	-0.163842274890424
34850	-0.197829456081138
82819	-0.197551053823631
56772	-0.197830288970783
82820	-0.165201228397816
16415	-0.166333922292489
56779	-0.197551043214716
56768	-0.197849128204732
56777	-0.163951077433228
84345	-0.193348707790858
34668	-0.197610114104294
16736486	-0.168477131897371
8470	-0.261436525747935
8111	-0.178612270223410
10616	-0.331028734861525
21106900	-0.383844726862866
1577	-0.315737510682865
642951	-0.349155452110866
12730	-0.383857887683795
6835	-0.322742479032161
13300034	-0.163186634183679
96965	-0.193042146876846
33198	-0.193042961993099
82783	-0.197174416249252
34852	-0.193317997691926
37000	-0.197557474670381
37019	-0.197575471842440
56765	-0.201631526042457
39198	-0.193319142471998
82740	-0.201929004384387
56761	-0.201637751815073
56756	-0.201912200830143
56766	-0.197558273931361
83413	-0.197576294288397
34851	-0.197836603442523
36976	-0.197558257967023
56767	-0.197617446710973
56763	-0.193357539592031
1143	-0.280823846051005
11460	-0.279953087926918
11465	-0.279940637622723
1448	-0.405591560229458
5775	-0.392219474278523
10254	-0.295932268233514
10411	-0.281415137531243
2241	-0.295952058395285
62466	-0.295953395229557
62485	-0.295953981889485
7189	-0.385996192315371
21106145	-0.383476059330301
6658	-0.253982669746837
11422351	-0.296962109425210
25472	-0.261439644599698
7150	-0.383673860390903
32555	-0.417739016237585
13854242	-0.323032531522251
10181338	-0.373905088666202
1078	-0.339720910754621
56787	-0.193301372928017
35583	-0.197838875731244
82807	-0.19756158189113
56794	-0.197839744510425
33386	-0.193301361805550
33457	-0.167344850386480
47912	-0.197561571423063
82817	-0.197602526012983
46893	-0.163958472557238
33280	-0.197841675391983
35582	-0.164002345220345
33304	-0.197602514883471
46263	-0.193339537840832
553171	-0.346457030220226
10488	-0.315642074601508
11488212	-0.322907800583393
34667	-0.197833957160777
34871	-0.164002607226657
34873	-0.197833946916376
56784	-0.193329910969903
34872	-0.164010098976076
970	-0.180378593029893
556589	-0.401213660725761
29153	-0.167671759888770
11917	-0.167835681650749
62467	-0.295950548299744
3008	-0.261442255042048
204209	-0.300941599664175
10996	-0.261436477848429
880	-0.281410155606247
21106581	-0.298834519033805
15827	-0.193049312652527
70806	-0.302197347892029
11369	-0.382923256070120
4437893	-0.311702866291936
5882	-0.331091869186372
9824	-0.297824158808065
12821	-0.385940036195476
71193	-0.218016796366974
67270	-0.254004973342068
6033	-0.254005616515771
7092	-0.228424324510594
63968	-0.206767198027911
2908	-0.283072619702273
33407	-0.196624987761277
36985	-0.196910304265779
35205	-0.196894046836305
15637	-0.197570536100204
82821	-0.201343626345464
8329	-0.290269663582007
15753	-0.281416749380622
17339596	-0.417753453923423
6371	-0.409419256270004
10664	-0.385623715160450
2625	-0.308932509772496
4333	-0.350515752943736
6593	-0.355698435468204
86007	-0.316531233482249
13835344	-0.383518340359742
76154	-0.211842226815878
3534	-0.394940082081010
7044	-0.350669579030647
73390	-0.314358418239962
7279	-0.280884892673336
10343	-0.382849885424294
185	-0.332931945353371
7155	-0.350669799531667
16359	-0.331038721483547
84971	-0.417766102397054
388391	-0.417766102397054
11773	-0.262909260845407
11582	-0.261947452940770
7172	-0.187068251275868
96749	-0.418065586807264
2068	-0.280242904677964
5236	-0.277927502085004
21782117	-0.3683708381912
2991	-0.297849144178858
34853	-0.193317089883233
37745	-0.197181819217411
36978	-0.193318181326390
34190	-0.197575640340281
34191	-0.201639920875666
36771	-0.201920685792944
36710	-0.197575629634671
56757	-0.163267650406579
549017	-0.163639190254731
84347	-0.163951077419067
56764	-0.197557610664136
56758	-0.193356399190972
47914	-0.197558430967576
56762	-0.165165032072644
33984	-0.193318165932580
33983	-0.197616665830556
34860	-0.196912306656001
82738	-0.197164902367985
36982	-0.193325412645935
36979	-0.197564589731525
47915	-0.201636337268398
56783	-0.201347342150521
36981	-0.201618593997968
37004	-0.201916956259485
36980	-0.197564579094804
222538	-0.318452103633619
13848793	-0.327182106022980
6492	-0.408920474598776
7176	-0.409393559782410
12478	-0.385989020559961
7211	-0.132697317809231
65523	-0.317412107192734
11080	-0.385654825489609
13090	-0.257783331367212
230	-0.417709247246843
194092	-0.281103197784754
11625	-0.281413712798498
8282	-0.386426919423147
76394	-0.261946936983916
82751	-0.196630253188113
36989	-0.196899259944117
8800	-0.167817084726308
62060	-0.314398587333265
2975965	-0.298539280338973
33282	-0.193309437983954
46285	-0.163621225735937
46284	-0.197568395235335
82806	-0.193310646147256
56776	-0.197569246352035
47913	-0.166182282954421
32952	-0.197609327080288
45446	-0.197610175910657
43353	-0.193348781881756
56773	-0.193348772167749
26325089	-0.302918254925023
6588	-0.132686520476775
2849146	-0.316323049255704
10437335	-0.313269288412494
8058	-0.407971267501992
589165	-0.315934496382296
361	-0.383673861017096
33281	-0.197840990902689
56786	-0.193339607592751
56789	-0.197841858776984
33456	-0.163951091015791
46264	-0.193339596542173
9187483	-0.168423291061097
5978	-0.229516352871716
10257	-0.274547068294565
58563	-0.385717748497499
2699	-0.345319883333037
5739	-0.165795012898763
13846658	-0.409392122934722
6577	-0.145865611770966
7145	-0.322833149953573
6057	-0.180188448116433
8816	-0.166021259515174
659	-0.259591814165410
955	-0.409379748787203
6600	-0.281416963602967
13835294	-0.380899928588330
8817	-0.167951485536155
526	-0.302194927933920
7199	-0.319847896131395
6514	-0.298754853269608
62964	-0.385070990863297
6610	-0.384892168047163
5553	-0.390595998106325
36990	-0.196898036207531
35912	-0.196632343785938
45448	-0.197170262133439
36987	-0.196901488431025
36988	-0.201623242113927
2700	-0.283028558280830
13860	-0.258689252498829
33986	-0.196899934453834
36983	-0.196892593159251
36986	-0.197172333046849
45447	-0.197180013016530
35566	-0.161732913833273
47916	-0.163279431745086
46137	-0.163951077404898
550258	-0.193363800256672
33985	-0.201627003396032
4963	-0.384878469656487
7151	-0.382051270179217
2928	-0.164038705593616
8788	-0.167817125985931
6646	-0.417766102397053
5554	-0.409408702342288
15484	-0.196617999073338
20132	-0.164001912494073
27749	-0.371701574891393
7315	-0.283021426461990
789	-0.351005283975782
6453	-0.298714585068039
6753	-0.359377684472490
10197150	-0.347371850818549
9797	-0.361963943339232
192748	-0.318537334963916
8799	-0.166017622060288
7142	-0.385700610866921
10437836	-0.262079762780902
2121	-0.273950808424683
4268	-0.327746766439885
34854	-0.161733058246369
46136	-0.193317249859550
82736	-0.163951084234860
56759	-0.193356479822820
36984	-0.193356464257920
6621	-0.314529557437634
17347	-0.228605179256730
4103087	-0.381417265964469
2925	-0.331591619499192
3693	-0.351201859578482
15517	-0.287788828102322
56775	-0.193347655555342
56770	-0.193348859103058
11283	-0.176514249952733
21361761	-0.382917683077260
36029	-0.344045053708512
35206	-0.196887028235021
64155	-0.318575195400225
34192	-0.196889154481575
82822	-0.161645942105518
8763	-0.178328758896445
14627	-0.206438355362939
61739	-0.386527060899821
8804	-0.167817125900192
3322	-0.363530026093187
13846959	-0.322896447727577
5557	-0.318842430302693
3438	-0.388943275689460
75956	-0.376967632317041
68568	-0.322933308334613
4447447	-0.398802425245398
6775	-0.433642142342151
2246	-0.167667693913079
5113	-0.372602190423023
26325182	-0.350325750046032
7745	-0.296819023773050
11672	-0.4340362340851
105291	-0.250808724297942
35108	-0.161645949007135
28947	-0.281422393743920
28552	-0.280642794414645
29117	-0.227691973704572
60858	-0.305293961963543
1262	-0.373906951319817
137720	-0.373913177252686
6066	-0.346981010409135
33316	-0.193355451178355
11286	-0.356538868975477
10837	-0.401944414818135
5678	-0.165646283757575
156255	-0.357952760189208
18336	-0.297426793060466
6550	-0.280395949933855
5660	-0.386011361131526
10292746	-0.368371064810094
4449	-0.357954206348247
12549	-0.313176314793956
374462	-0.357946996390205
256210	-0.206746251385361
13662	-0.272356255906449
21106059	-0.363520225311089
8093	-0.407410096825127
65272	-0.420912184631260
9219586	-0.331592305522009
4744	-0.322983623853253
10437239	-0.200875756539542
3216	-0.315673369996312
26286843	-0.344847343670047
440	-0.417780929043925
10975	-0.385545375769031
8351654	-0.241391056515286
1710	-0.278041813636801
305	-0.399304786297294
83191	-0.312240558276649
541032	-0.383131969251154
11489	-0.204846798374942
5774	-0.312035246918511
5026	-0.322934566201440
10870	-0.385628508562976
89258	-0.331094074685063
5145918	-0.400928537405563
58496	-0.392015153838281
92468	-0.312033223007092
14916	-0.322409042544806
5198	-0.364284179241914
3841535	-0.305304617224299
11439687	-0.300187523517507
4470736	-0.313266241815076
4380	-0.327837681984756
92494	-0.3120304778566
4343	-0.315644937579320
91432	-0.348823633471153
8103122	-0.383691097465717
3350	-0.407978642760393
8124942	-0.348827743571149
24722	-0.376966850856092
133166	-0.314472930222379
8101973	-0.348825669265357
5162	-0.373096573309823
3652	-0.315562924828794
509179	-0.397453989426009
40130	-0.330363554363044
5376	-0.371850864330797
106796	-0.270577610376384
2457	-0.280176654303945
49179	-0.391943972278177
67594	-0.314058585425092
5791	-0.392298752809092
5768	-0.417792804249541
15520	-0.332830676947315
3102535	-0.312502028024799
5139	-0.355826899452755
4228778	-0.408806696062991
6688	-0.380607562610266
55075	-0.381440263140568
10162	-0.391667480846893
4444479	-0.392738135321716
4444107	-0.349446830617243
4444100	-0.408014127527676
5551	-0.392771406909909
3741	-0.307566432866872
5233	-0.354476239304741
21108577	-0.373899000542926
5542	-0.392623255327777
5552	-0.392759836527606
19232037	-0.392624823572575
3513	-0.294271628313126
65234	-0.408058550700138
472932	-0.330518528560991
4444553	-0.362304830717641
19232038	-0.392628920589257
6013	-0.330438378104348
31006	-0.385787573347938
18547147	-0.392630950656108
62265	-0.350781467582193
21587143	-0.392634981081738
21486195	-0.372287500746592
4911	-0.307629480199972
2760	-0.381252146759088
4611	-0.331564271077689
21105591	-0.279073095694568
4471584	-0.349226227286881
6002	-0.381347205945348
4599	-0.279873243688352
75995	-0.376967319720730
5550	-0.392732448465289
54833	-0.330402314253129
9786472	-0.381256439076452
197564	-0.388409091846738
5633	-0.392724019701509
5932	-0.388400845385061
10481872	-0.360385644930458
193441	-0.388414447532546
5541	-0.3900335884462
21105594	-0.363518600969889
48085	-0.391941677500594
21106077	-0.280803873734154
4067	-0.408477815666466
5142	-0.322914735274040
196288	-0.381261276551940
75662	-0.390774933219135
2424	-0.277698546233988
4444362	-0.410599182872721
21106058	-0.279074453236933
139025	-0.381266059669186
29400	-0.412502823366610
1043	-0.417774108554087
6045	-0.390561314822445
1253	-0.381643876767114