Compound Id	Hydrophobicity
1	-0.15
2	0.64
3	-0.31
4	-0.74
5	0.05
6	-0.24
7	-1.35
8	0.25
9	0.84
10	1.51
11	-0.34
12	0.35
13	0.76
14	0.29
15	3.35
16	2.03
17	3.31
18	3.98
19	2.02
20	3.38
21	3.95
22	0.82
23	3.66
24	1.63
25	2.42
26	1.98
27	4.26
28	2.81
29	2.17
30	0.16
31	1.31
32	1.31
33	2.99
34	1.22
35	1.23
36	1.20
37	1.11
38	0.75
39	1.88
40	1.98
41	2.21
42	2.37
43	2.03
44	2.62
45	3.07
46	4.09
47	4.57
48	5.58
49	3.18
50	4.02
51	2.31
52	4.12
53	4.02
54	2.97
55	2.21
56	4.90
57	0.56
58	1.38
59	5.08
60	3.77
61	3.16
62	1.40
63	2.58
64	3.12
65	4.90
66	1.76
67	1.34
68	1.59
69	1.43
70	4.55
71	2.96
72	1.98
73	1.89
74	-0.78
75	1.85
76	2.45
77	3.96
78	0.28
79	0.12
80	1.88
81	0.12
82	2.62
83	-0.32
84	1.07
85	1.19
86	1.75
87	0.35
88	0.84
89	3.21
90	2.73
91	3.83
92	2.83
93	4.59
94	2.83
95	0.45
96	-0.60
97	4.02
98	1.40
99	2.96
100	2.73
101	3.15
102	4.02
103	2.52
104	-0.13
105	0.65
106	2.72
107	3.80
108	1.88
109	4.36
110	2.67
111	4.89
112	-0.40
113	1.96
114	-0.10
115	0.58
116	0.81
117	1.20
118	-0.68
119	-0.60
120	2.76
121	0.59
122	2.60
123	3.56
124	1.69
125	1.93
126	0.12
127	3.10
128	0.90
129	1.28
130	1.90
131	3.83
132	3.69
133	1.81
134	2.84
135	3.09
136	3.42
137	1.10
138	1.33
139	1.98
140	1.88
141	2.15
142	3.31
143	1.09
144	1.66
145	0.45
146	0.46
147	3.18
148	5.76
149	2.35
150	1.97
151	2.39
152	1.39
153	0.80
154	1.50
155	0.65
156	3.17
157	1.58
158	1.21
159	2.50
160	4.17
161	3.15
162	1.37
163	1.58
164	1.34
165	2.51
166	2.73
167	1.96
168	2.39
169	0.73
170	3.20
171	1.77
172	3.35
173	1.29
174	0.48
175	1.54
176	2.77
177	2.55
178	1.94
179	2.51
180	2.67
181	1.92
182	1.82
183	5.12
184	0.93
185	3.18
186	3.65
187	1.86
188	3.72
189	1.46
190	1.38
191	0.83
192	2.80
193	2.65
194	0.14
195	0.86
196	-0.62
197	7.54
198	3.33
199	2.41
200	1.77
201	3.15
202	2.77
203	4.50
204	1.86
205	4.89
206	1.54
207	1.78
208	0.18
209	3.55
210	3.90
211	-0.46
212	1.75
213	2.76
214	2.47
215	4.72
216	2.64
217	1.24
218	2.83
219	1.82
220	1.56
221	0.73
222	2.83
223	1.76
224	0.96
225	1.23
226	1.66
227	3.60
228	4.11
229	0.48
230	0.86
231	1.49
232	2.06
233	2.57
234	2.90
235	3.57
236	4.10
237	4.63
238	0.74
239	-0.91
240	-1.43
241	1.10
242	5.18
243	1.72
244	4.08
245	1.86
246	2.12
247	1.33
248	4.85
249	4.45
250	3.18
251	3.53
252	4.10
253	3.36
254	4.21
255	1.94
256	2.20
257	3.96
258	1.38
259	2.52
260	1.68
261	1.14
262	1.81
263	1.47
264	1.48
265	2.13
266	2.22
267	-0.01
268	0.40
269	1.36
270	0.96
271	1.98
272	2.47
273	2.05
274	2.97
275	1.67
276	0.24
277	0.88
278	1.32
279	-1.31
280	1.89
281	1.76
282	0.57
283	2.26
284	1.74
285	1.56
286	1.79
287	1.94
288	0.82
289	2.39
290	1.87
291	-0.21
292	0.47
293	3.08
294	0.35
295	4.29
296	1.40
297	2.82
298	3.44
299	2.83
300	1.19
301	2.25
302	1.79
303	2.65
304	2.25
305	2.31
306	0.92
307	2.49
308	1.75
309	3.16
310	0.63
311	2.88
312	1.37
313	1.64
314	4.95
315	2.65
316	1.42
317	0.03
318	0.14
319	0.15
320	1.87
321	0.19
322	2.80
323	1.62
324	-0.38
325	-1.83
326	0.88
327	0.37
328	-0.18
329	3.54
330	0.14
331	0.69
332	-0.96
333	1.92
334	-1.00
335	-0.96
336	-1.43
337	0.48