Compound Id	Maximum positive intrinsic state difference in the molecule (related to the electrophilicity of the molecule).  Using deltaV = (Zv-maxBondedHydrogens) /(atomicNumber-Zv-1)
1	1.02431
4	1.16021
5	5.52893
9	2.89824
51	1.51643
54	3.77715
56	1.30082
57	3.19867
59	5.13648
60	2.90824
66	5.65653
67	5.3682
70	5.55463
72	5.46981
98	5.27532
99	0.813148
123	2.44587
129	6.19913
149	1.13704
151	2.45148
153	3.31467
170	4.48659
219	3.41068
288	6.82473
328	4.05212
340	0.245415
347	2.75667
348	4.54421
355	4.22463
362	4.94474
370	3.69565
386	0.398593
387	0.309074
388	0.332778
389	3.42315
390	0.0239198
391	3.54115
392	0.298611
394	0.00786694
397	2.60055
398	1.35778
399	1.10597
401	4.09156
402	1.56944
404	2
405	3.20093
406	1
409	0.00308642
410	0.0345508
412	1.875
413	2.06625
414	2.19736
415	0
416	1.78466
417	0.309341
422	0.0771605
423	0.0609568
425	3.10262
428	0.33582
430	0.392318
433	0.00445816
435	0.178241
436	5.24324
437	3.78186
438	0.217593
440	3.43071
442	3.06731
443	3.46287
444	2.98551
445	0.157407
446	0.12037
447	1.1812
449	0.12037
450	1.60887
451	3.24729
453	0.412037
454	0.12037
455	2.91926
456	0.233968
459	0.203704
460	0.240741
461	0.467936
462	3.30978
467	3.64537
468	3.00648
470	3.03615
471	0.162037
472	0.630926
473	2.53759
474	1.41417
475	2.07833
476	0.201389
477	3.16871
479	0.12037
480	0.233968
481	1.44484
483	2.05556
484	0.055727
494	0.166667
495	2.1304
496	0.1875
497	0.359078
498	0.187243
500	0.0833333
502	0.156036
506	2.63222
510	1.13903
521	2.29288
524	1.71373
527	2.42278
530	4.03033
532	3.55628
533	0.20454
536	4.8463
537	0.240741
538	2.66926
539	0.390003
540	3.10277
542	0.0833333
543	4.96176
544	1.20519
545	0.803889
548	1.44444
552	0.212407
553	2.15241
554	1.7562
555	0.4291
558	2.87412
559	0.246574
560	0.219907
561	0.332778
562	0.236111
565	3.44851
566	0.653733
568	4.34685
569	4.4531
570	2.57165
572	0.238426
573	0.157407
575	0.312071
577	0.240741
578	0.191679
583	0.514942
588	0.358906
589	0.43701
591	4.54368
592	0.196759
593	4.15353
594	4.84483
597	1.25561
598	3.91805
600	0.276406
601	5.07141
602	5.19607
603	3.87007
608	3.56496
609	0.246142
610	5.30498
617	4.44065
626	5.36035
628	1
629	3.62526
630	4.80487
631	2.47259
632	0.393611
633	2
634	2.11111
635	0.270278
636	3.63771
637	1.56167
638	1.18341
639	2.51969
640	3.97843
641	3.31223
642	0.883745
643	4.3037
644	3.39112
645	3.27982
646	0.405607
647	2.60055
648	0.367212
649	0.233796
650	1
651	0.201389
652	0.312071
653	0.70096
654	3.90561
655	2.94907
656	0.730722
657	0.331533
658	6.20365
659	4.01271
660	0.11454
661	5.41231
662	5.39435
663	3.96594
664	0.248843
665	5.1013
666	4.98253
667	5.18779
668	1.33133
669	0.385485
670	3.63416
671	3.83287
672	5.09657
673	0.877963
674	3.83462
675	3.6124
676	0.280974
677	3.84472
678	3.7027
679	3.3712
680	5.3814
681	3.99185
682	1.5112
683	0.203704
684	0.333333
685	1.48252
686	1.84977
687	0.274907
688	1.51519
689	4.09318
690	4.08906
691	3.7912
692	3.93272
693	3.34244
694	4.02245
695	4.59186
696	4.13375
697	1.72891
698	3.23394
699	0.193073
700	2.96015
701	1.57185
702	2.98185
703	0.208462
704	3.91231
705	3.0237
706	3.10315
707	3.41776
708	3.50537
709	3.31093
710	3.30153
711	3.1587
712	4.13375
713	3.31223
714	3.23059
715	3.07697
716	2.24759
717	0.526944
718	1.35413
719	4.21419
720	4.12704
721	0.203562
722	1.62339
723	3.99024
724	3.87912
725	0.318611
726	4.79776
727	1.10148
728	2.47969
729	3.50204
730	3.60158
731	0.225139
732	3.78398
733	3.85352
734	1.45264
735	2.78264
736	2.77484
737	1.42667
738	1.39853
739	0.15715
740	2.81306
741	2.83923
742	1.45861
743	2.65306
744	2.99389
745	2.36559
746	2.50701
747	2.56606
748	3.45022
749	4.82003
750	4.79925
751	5.62164
752	4.48869
753	3.84129
754	5.56978
755	5.35181
756	4.55765
757	3.53176
758	1.68977
759	3.57831
760	3.72759
761	3.66934
762	3.61334
763	4.08954
764	0.610926
765	3.19597
766	0.131173
767	0.231824
768	6.06557
769	0.312243
770	5.20684
771	5.09772
772	3.715
773	1.29562
774	1.64705
775	4.60351
776	2.46895
777	3.76296
778	1.4912
779	0.986821
780	3.27141
781	2.86417
782	4.22219
783	2.79663
784	0.5
785	0.236283
786	0.325136
787	0.269167
788	0.246574
789	0.374444
790	1.06226
791	0.340278
792	0.178241
793	0.356481
794	1.72782
795	0.267361
796	1.16398
797	1.57769
798	2.5357
799	2.55893
800	4.7643
801	4.4255
802	4.81215
803	4.65326
804	0.00786694
805	0.00786694
806	4.65378
807	4.45955
808	4.49477
809	4.46628
810	4.19261
811	4.3114
812	1.18648
813	3.29921
814	5.38397
815	2.10472
816	3.46445
817	3.67244
818	3.61334
819	3.57972
820	0.270405
821	1.64777
822	3.04759
823	4.85291
824	0.5643
825	2.68261
826	3.16716
827	3.13687
828	4.25169
829	3.91099
830	3.62669
831	3.04623
832	0.086334
833	3.36574
834	2.47917
835	1.76364
836	3.18885
837	3.67015
838	3.64398
839	4.27037
840	1.76794
841	3.90231
842	4.3269
843	3.25537
844	3.53445
845	3.53445
846	3.63243
847	0.175926
848	1.61179
849	0.152521
850	4.17533
851	1.77478
852	1.90179
853	3.57537
854	4.83549
855	4.67968
856	4.28015
857	1.44595
858	3.53194
859	3.28093
860	4.0899
861	4.4289
862	5.19866
863	5.34056
864	4.42547
865	0.261574
866	4.87334
867	2.65274
868	0.273796
869	1.39561
870	3.9328
871	3.71894
872	1.44082
873	4.65845
874	4.71117
875	3.37417
876	0.259259
877	2.68996
878	4.65599
879	2.26982
880	5.36982
881	5.22227
882	3.75899
883	2.64927
884	4.65961
885	4.10135
886	4.6214
887	2.7016
888	3.55382
889	3.53364
890	3.09639
891	4.15394
892	1.48119
893	0.447917
894	4.27203
895	4.29903
896	3.43375
897	4.86878
898	4.96048
899	4.32844
900	4.79911
901	3.53796
902	3.59862
903	4.86053
904	4.83324
905	3.05903
906	1.44492
907	1.3945
908	1.86257
909	4.72071
910	3.86768
911	4.70257
912	1.63983
913	3.64787
914	4.27753
915	3.37936
916	3.40447
917	4.50751
918	4.80401
919	4.83479
920	3.91716
921	4.03825
922	0.230933
923	0.213906
924	4.59282
925	3.68483
926	4.43392
927	4.16946
928	3.72185
929	3.19119
930	4.34076
931	4.57146
932	0.208862
933	4.80084
934	5.08508
935	4.93626
936	3.49962
937	0.0895396
938	3.8441
939	3.55493
940	4.45509
941	1.91279
942	2.21333
943	3.66307
944	1.7368
945	3.9554
946	2.69184
947	5.43797
948	3.60975
949	3.4102
950	4.33283
951	2.57425
952	3.07051
953	4.60817
954	2.55129
955	5.01933
956	2.01765
957	3.97879
958	2.89905
959	2.82385
960	4.11103
961	4.69435
962	3.77253
963	1.4919
964	3.30882
965	4.80444
966	3.03561
967	4.98218
968	5.00243
969	1.58529
970	4.03801
971	2.50934
972	4.84092
973	5.23587
974	4.51518
975	1.55348
976	0.386968
977	3.74991
978	1.70042
979	4.21197
980	4.25026
981	4.30527
982	1.42065
983	4.85013
984	4.49477
985	0.270405
986	3.72505
987	5.22762
988	3.96007
989	0.245415
990	2.60387
991	4.16136
992	4.24065
993	4.54621
994	5.0806
995	5.42151
996	4.45748
997	4.77249
998	4.83747
999	4.51569
1000	5.24667
1001	4.33662
1002	0.32393
1003	5.12549
1004	3.41543
1005	3.86768
1006	4.41792
1007	5.58962
1008	5.58962
1009	4.58222
1010	5.17917
1011	4.37491
1012	4.64198
1013	4.00686
1014	3.88364
1015	4.76465
1016	3.08738
1017	3.96857
1018	5.63999
1019	4.11271
1020	4.41158
1021	5.39929
1022	4.18938
1023	4.95332
1024	5.52792
1025	5.01762
1026	3.52769
1027	5.21882
1028	5.78101
1029	4.299
1030	1.51483
1031	4.2385
1032	4.91689
1033	3.9675
1034	5.12998
1035	4.28585
1036	4.87423
1037	4.89332
1038	3.30726
1039	4.42505
1040	5.64337
1041	5.64506
1042	4.53499
1043	0.432853
1044	4.85137
1045	4.28853
1046	4.37228
1047	4.34584
1048	5.12549
1049	0.533398
1050	5.39461
1051	2.95279
1052	2.44421
1053	0.432853
1054	0.590633
1055	4.34964
1056	5.35881
1057	0.401344
1058	0.401451
1059	0.510785
1060	0.455466
1061	0.424369
1062	5.34753
1063	4.27074
1064	5.78509
1065	4.72547
1066	4.68622
1067	4.68126
1068	5.27336
1069	4.32519
1070	5.99428
1071	4.45611
1072	5.72429
1073	5.5061
1074	0.557791
1075	0.533981
1076	4.8266
1077	4.32931
1078	4.30431
1079	5.25462
1080	5.30311
1081	2.38309
1082	4.70962
1083	5.78844
1084	5.13978
1085	6.18447
1086	4.24227
1087	1.37334
1088	5.99428
1089	4.575
1090	6.05999
1091	5.4317
1092	6.18338
1093	4.76813
1094	6.01058
1095	3.61559
1096	5.49703
1097	5.53549
1098	4.59907
1099	4.44918
1100	3.62452
1101	4.69219
1102	3.49066
1103	5.59996
1104	4.0672
1105	5.00149
1106	5.61266
1107	5.58269
1108	2.9151
1109	5.66338
1110	5.67937