Compound Id	The minimum E-State energy for hydrogen bond donors
9	0
10	0
20	0.140990717
21	0
26	0.078490717
66	0.154350277
154	0.524139229
185	0
190	0
191	0
194	0
196	0
197	0
198	0
201	0
202	0
204	0
212	0
279	0.586643945
286	0.580419029
290	0.588727088
300	0.50111122
314	0
319	0.637940996
332	0.637864229
333	0.653619684
339	0.633081066
342	0.631119684
362	0
386	0
387	0
388	0
390	0
391	0
392	0
393	0
394	0
395	0
397	0
398	0.540694444
401	0.575718183
409	0
410	0
417	0
418	0
422	0
424	0.616666667
428	0
430	0
433	0
435	0
436	0
437	0
438	0
440	0.565533265
441	0
446	0
447	0.328888889
455	0.659583333
456	0
457	0.507901235
459	0
461	0
464	0
468	0
469	0
475	0
480	0
481	0.526119684
495	0
496	0
497	0
498	0
499	0
502	0
513	0
514	0
518	0
524	0
529	0
533	0
536	0
537	0
539	0
540	0.629576475
541	0
542	0
543	0
544	0.446169375
545	0.381388889
552	0
553	0
554	0.498125
555	0
559	0
560	0
561	0
562	0
565	0
566	0
567	0
568	0.463465364
569	0.505965364
570	0
573	0
575	0
577	0
583	0
588	0
594	0
595	0
596	0
597	0.39061382
599	0
604	0
616	0
618	0
619	0
621	0
623	0
625	0
631	0
640	0.456911796
646	0
647	0
648	0
651	0
653	0
656	0
659	0
660	0
663	0
669	0
673	0.381388889
676	0
677	0.483557956
680	0
683	0
686	0.473376118
699	0
700	0.658040123
701	0.50513203
702	0.65263203
703	0
706	0.582361111
710	0
715	0.571306689
717	0.415694444
721	0
736	0.693619684
739	0
741	0.681095679
751	0.089101789
753	0
754	0
761	0
767	0
769	0
792	0
799	0
802	0.470092593
804	0
805	0
814	0.256856418
821	0.493326475
822	0.715972222
831	0.640108025
851	0.47233882
865	0
871	0
878	0
881	0
883	0
902	0
905	0
925	0
931	0
932	0
937	0
946	0.154471809
960	0.554663407
976	0
1003	0
1010	0
1016	0
1027	0.187191857
1028	0
1036	0
1043	0
1049	0
1057	0
1059	0
1060	0
1061	0
1070	0
1075	0
1111	0.543003444
1112	0.690206271
1113	0.524204204
1114	0
1115	0
1116	0
1117	0
1118	0
1119	0
1120	0
1121	0
1122	0.501844529
1123	0
1124	0
1125	0
1126	0
1127	0
1128	0
1129	0
1130	0
1131	0
1132	0
1133	0
1134	0
1135	0.527903557
1136	0
1137	0
1138	0
1139	0
1140	0
1141	0
1142	0.543101852
1143	0
1144	0.600694444
1145	0.690277778
1146	0
1147	0.586119684
1148	0
1149	0.486078515
1150	0
1151	0
1152	0.434343153
1153	0
1154	0.34087963
1155	0
1156	0.446306689
1157	0
1158	0.656689815
1159	0.506805556
1160	0.489444444
1161	0.48691358
1162	0.889166667
1163	0.450581066
1164	0.604379252
1165	0
1166	0.563101852
1167	0
1168	0
1169	0
1170	0.433472222
1171	0
1172	0
1173	0
1174	0
1175	0
1176	0
1177	0.467178052
1178	0.629543415
1179	0
1180	0
1181	0.360138889
1182	0.609698605
1183	0
1184	0
1185	0
1186	0
1187	0
1188	0
1189	0
1190	0
1191	0
1192	0
1193	0.51970679
1194	0
1195	0.249339849
1196	0
1197	0
1198	0
1199	0
1200	0
1201	0.53184201
1202	0.317569444
1203	0
1204	0
1205	0.267020857
1206	0.413254598
1207	0
1208	0.531944444
1209	0
1210	0
1211	0
1212	0
1213	0
1214	0.329305556
1215	0
1216	0.352397959
1217	0
1218	0
1219	0.415277778
1220	0.536566752
1221	0
1222	0
1223	0.278578515
1224	0
1225	0
1226	0
1227	0
1228	0
1229	0
1230	0
1231	0.498125
1232	0
1233	0
1234	0
1235	0
1236	0.569305556
1237	0
1238	0
1239	0
1240	0
1241	0
1242	0
1243	0
1244	0
1245	0
1246	0.680231481
1247	0.753194444
1248	0
1249	0
1250	0
1251	0
1252	0.384444444
1253	0
1254	0
1255	0
1256	0
1257	0
1258	0
1259	0
1260	0
1261	0
1262	0
1263	0.484144376
1264	0.460533265
1265	0
1266	0.47233882
1267	0.395694444
1268	0.268081066
1269	0
1270	0
1271	0.077484568
1272	0
1273	0
1274	0
1275	0
1276	0
1277	0
1278	0.915277778
1279	0
1280	0.512021605
1281	0
1282	0
1283	0
1284	0
1285	0
1286	0.380277778
1287	0
1288	0
1289	0
1290	0
1291	0
1292	0
1293	0
1294	0
1295	0
1296	0
1297	0
1298	0.688194444
1299	0
1300	0
1301	0
1302	0
1303	0
1304	0
1305	0.498125
1306	0
1307	0
1308	0
1309	0.61263203
1310	0
1311	0
1312	0
1313	0
1314	0
1315	0.562475907
1316	0
1317	0.272940996
1318	0
1319	0
1320	0
1321	0
1322	0
1323	0
1324	0.567685185
1325	0
1326	0
1327	0
1328	0
1329	0
1330	0.303614654
1331	0.290964144
1332	0
1333	0
1334	0.308897392
1335	0
1336	0
1337	0
1338	0
1339	0.285155896
1340	0.718958333
1341	0
1342	0
1343	0
1344	0
1345	0.417263336
1346	0
1347	0
1348	0.653472222
1349	0.381527778
1350	0
1351	0
1352	0
1353	0
1354	0
1355	0
1356	0
1357	0
1358	0
1359	0
1360	0
1361	0
1362	0
1363	0
1364	0
1365	0
1366	0
1367	0
1368	0
1369	0
1370	0
1371	0
1372	0
1373	0
1374	0.610108025
1375	0
1376	0
1377	0
1378	0
1379	0
1380	0
1381	0
1382	0
1383	0
1384	0
1385	0
1386	0
1387	0
1388	0
1389	0
1390	0
1391	0
1392	0
1393	0
1394	0
1395	0
1396	0
1397	0
1398	0
1399	0
1400	0
1401	0
1402	0.15300576
1403	0
1404	0
1405	0
1406	0
1407	0
1408	0
1409	0
1410	0
1411	0
1412	0
1413	0
1414	0
1415	0
1416	0
1417	0
1418	0
1419	0
1420	0
1421	0
1422	0
1423	0
1424	0
1425	0
1426	0
1427	0.177942439
1428	0
1429	0
1430	0
1431	0
1432	0
1433	0
1434	0
1435	0
1436	0
1437	0
1438	0
1439	0
1440	0
1441	0
1442	0
1443	0
1444	0
1445	0
1446	0
1447	0
1448	0
1449	0
1450	0
1451	0.444190161
1452	0
1453	0
1454	0
1455	0
1456	0
1457	0
1458	0
1459	0
1460	0
1461	0
1462	0
1463	0
1464	0
1465	0
1466	0
1467	0
1468	0
1469	0
1470	0
1471	0.571644376
1472	0
1473	0
1474	0
1475	0
1476	0
1477	0
1478	0
1479	0
1480	0
1481	0.539984568
1482	0
1483	0
1484	0
1485	0.018968411
1486	0
1487	0
1488	0
1489	0
1490	0
1491	0.524591837
1492	0
1493	0
1494	0
1495	0
1496	0
1497	0
1498	0
1499	0
1500	0.640232269
1501	0.623189042
1502	0.365533322
1503	0
1504	0
1505	0
1506	0
1507	0
1508	0
1509	0
1510	0
1511	0
1512	0
1513	0
1514	0
1515	0
1516	0
1517	0
1518	0
1519	0.608883486
1520	0
1521	0
1522	0
1523	0
1524	0
1525	0.638005384
1526	0.614949828
1527	0
1528	0.295005966
1529	0.694244919
1530	0
1531	0
1532	0.568146982
1533	0.460826532
1534	0
1535	0
1536	0.273189962
1537	0.285535641
1538	0
1539	0
1540	0
1541	0
1542	0
1543	0
1544	0
1545	0
1546	0
1	0.677430556
4	0
5	0
6	0.285388052
7	0.314601828
8	0
12	0.17865583299999999
13	0.295504606
14	0.274592537
16	0
17	0.144921265
18	0.590224159
22	0
23	0
24	0
25	0.406115433
27	0.060990717
29	0.121893495
31	0.391481481
98	0
99	0.630972222
104	0.63625
105	0.665277778
107	0.661584467
108	0.547339144
109	0
113	0
115	0
117	0
123	0
124	0
125	0.369166667
126	0
128	0.231189759
129	0.254231859
131	0.314601828
132	0.295504606
133	0
134	0.314601828
136	0
137	0
139	0.546553249
140	0
141	0
142	0
143	0
144	0.610300659
145	0
146	0
147	0.668368319
148	0.468888495
11	0.252101828
15	0
28	0
33	0.100533212
54	0.498842593
55	0.415763889
58	0.611805556
62	0.664027778
63	0.4525
64	0
65	0.240949074
67	0.550723183
70	0.586228978
71	0
73	0.559419564
76	0
77	0.668685752
78	0.462295918
79	0
80	0.595777589
84	0
85	0.597850293
87	0.67844561
88	0
89	0.54667823
90	0.703921634
92	0.531635802
93	0.624444444
94	0.804027778
95	0.56243697
96	0.400086804
149	0
150	0.671805556
151	0
152	0.720873095
153	0.779484512
155	0.560656415
156	0.577896846
157	0
158	0.574492867
159	0.58185319
160	0.626946373
161	0.614426493
162	0.424722222
163	0
164	0.427949412
165	0
166	0
167	0.421935797
168	0.775652794
169	0.657916667